1.391691716729029027e+00,1.202949117525625722e+00,-1.288414410239833163e+00,1.040996116780000813e+00,1.319629520899779473e+00,2.762848019366557217e-01,-1.503081339590238985e-01,4.008686579060557476e-01,7.629172844618183902e-01,-1.508622788709584883e-01,-3.795364111635458892e-02,7.556586200806852949e-01,-1.651370921744250153e-01,3.778280218190202544e-01,2.320212030076973242e-01,4.361548105379377954e-02,3.397256364057144040e-02,-2.093205768699282765e-01,3.667377019360133494e-01,-1.159773692737435108e-01,-6.167637491410072892e-01,-3.564726224227657281e-01,-2.685098460400602294e-01,-4.521960238191989334e-01,2.839111540759864383e-02,-3.432830395271398438e-01,8.663248568237640335e-01,4.153960655096240462e-01,5.424680369657487455e-01,-4.732080234047471301e-02
-7.856497126208533688e-01,-1.400134132711502999e-01,4.160730444966675434e-01,1.605769037519187703e-01,-1.643836682477330946e-01,2.821759432884839991e-01,-2.031664871705094189e-01,-3.184880938384880289e-01,1.079962516680298412e-01,3.104262998008915364e-01,-1.561176460396197785e-01,-1.036589642469880890e-01,-1.839111233688599523e-01,-9.865148491778327200e-01,4.896432499159781293e-01,-7.312555796989029799e-01,3.621401928932297398e-01,-4.218498989424581125e-01,1.755156882225639425e-01,9.326385093194980436e-02,-9.381447224447310440e-02,2.458568202969544647e-01,-1.755876764493374820e-01,4.816488499397057477e-01,-5.876017187043766077e-01,-2.796440841234031360e-01,-3.139555660772867518e-01,-4.065989263409110210e-02,-1.154919574322720299e-01,5.556526480222677700e-01
3.627815695121596740e-01,-5.496796087170832124e-01,6.273253377185232793e-01,-1.797639322796724393e-01,-7.700606809558081522e-01,2.651234632141277747e-01,2.762830212663594520e-02,-2.216875060024232902e-02,-5.964665761421781599e-03,2.721678203311219124e-01,-4.094297648416779234e-01,-7.169652880204440137e-01,-5.809383906279594889e-01,2.581160706696571938e-01,3.713241793602903296e-02,1.190718985766267557e-01,3.284124857559505006e-01,-6.298459237449847148e-01,-1.865902053422441309e-02,2.943116949358999257e-01,-3.315314280874184782e-01,2.537639588348158948e-01,-1.702740816143563374e-01,-1.051152853830765510e+00,-8.699455385395618578e-02,2.955059464517108547e-01,3.143406753634672701e-01,6.433669866413422866e-01,-9.615636807500824168e-02,5.585230792666212585e-01
-5.289572615398482336e-01,-8.470339032448999106e-01,-1.668953840372139896e-01,-2.525084077687945183e-01,-4.241402317060418703e-01,8.810000403548801096e-01,1.993039251747308893e-01,-2.206574071489438849e-01,4.258299883698952737e-01,-4.537600935692333998e-02,-1.212558022599946259e-02,3.738649807642340783e-01,-3.151741840282373808e-01,2.924300725245895793e-01,-3.719273559458639578e-01,-5.287710902250619682e-01,-2.961908118799004841e-01,6.422666034853605765e-01,-3.863414615394669127e-01,-4.157692014083346765e-01,-4.405331270465078775e-01,-7.978530478755764266e-01,2.841538983926574224e-01,6.115029804929082990e-01,2.976196057395262898e-02,-6.395253989141641560e-01,3.971132269797764680e-01,-7.534068752069540409e-01,8.997694110981062365e-02,7.443261290687398779e-02
-1.222656215157313930e+00,-7.031664141272818691e-01,4.207448696000812838e-01,5.569549618629793253e-02,-9.672863032868833644e-01,-3.728226286454425220e-01,-3.008612365292762658e-01,-3.747184447463008383e-01,-3.895853595408177994e-01,2.124707269843152113e-01,-6.060612580236753866e-01,-2.760288823968223282e-01,-2.919870585551222544e-02,-7.658684492985819992e-01,-4.593656990439967114e-01,2.201477493117285147e-02,5.182161917664355189e-01,-2.425814134575110803e-01,-4.362200840520597672e-02,6.685200483733526322e-02,4.257433003241484909e-02,1.392095735295391101e-01,3.230032026261427935e-01,2.567897485129166379e-01,6.096844500897703745e-02,6.119977968839016708e-02,-2.186583045500755176e-02,-8.500274578980930862e-01,5.153048355267743075e-01,-5.172249008133679160e-01
5.667312329331629650e-01,9.391577362906573523e-01,-7.005446532029377948e-01,5.041311663783302199e-01,-5.972762189830105317e-02,1.143119341264460243e-01,-7.711095695414637019e-01,2.590722906000929027e-01,-6.055450860662419110e-01,3.706152176008917776e-01,-3.718545840478986175e-01,-2.921274787735063105e-01,-9.990023671151963824e-02,3.929244062333013265e-01,-8.923493455248000528e-01,-1.452988851017478211e-01,-2.692425751569264003e-01,-3.902103300893965399e-01,2.516329690325223023e-01,-5.203470104533048923e-01,-3.975113536800394670e-02,-5.543875723091479246e-01,6.207486335809576650e-01,-2.861290903775756678e-01,2.010313496992323645e-01,5.001494894725161400e-01,-3.967762039496060267e-02,-6.227061254274794955e-01,-4.548864750179966165e-01,4.986760311354528769e-02
2.153502446347108634e-01,-1.158073087093686393e+00,2.127059808598384949e-01,-7.244411292383095002e-01,5.358747739640397079e-01,8.669352603560231962e-02,7.204770437256442506e-01,1.768235710331609867e-01,-1.980929037152983629e-01,-6.199634988003489833e-02,6.260589120994443091e-01,6.730087477693081910e-01,-3.858055420620008502e-01,3.850411950914045534e-01,-8.068087733297666375e-01,5.442426113029819046e-01,-7.540268573632974425e-02,-1.666014218879275088e-01,-1.001063099467836837e-01,3.371287977740976549e-01,1.034036046361768157e-01,-8.600732448055244117e-02,-2.289870430355515074e-01,7.848595811011552931e-03,3.347627520939574497e-01,5.678664726715236810e-01,1.797710650876455929e-01,1.758461222804365565e-01,1.546180810887439472e-01,1.781808358032509199e-01
2.913123751786823035e-01,8.625454182377318979e-01,-7.998887502429012919e-01,4.626327068043349366e-01,3.796348315288281539e-01,2.365449663131138913e-01,-5.970205822788191563e-01,1.628200428196489025e-01,-2.737434174819029509e-01,-4.623749660933659106e-02,9.021602971673002569e-02,7.205310181153208593e-02,-1.733308214715719997e-01,4.115212380915058699e-01,-4.831693389003345884e-01,-1.456591059462959858e+00,2.225984544024784129e-01,3.562020263204640491e-01,5.804567881733695839e-02,6.120051190938871066e-01,-2.517513776872489228e-01,-1.366431247939208227e-01,1.718586455437083882e-01,-4.076414226736231328e-01,-2.327886017297754392e-02,-9.808904185268405018e-02,-2.170452478481212782e-02,1.850889499891792689e-01,-3.162685082511179635e-01,3.486173316509383890e-01
-2.113744063370248671e+00,-1.289786226995246032e+00,1.509222568768730177e+00,-1.443150276223292172e+00,-1.211569727239649730e+00,8.611343425972187715e-01,1.463843490303773087e-01,-3.238472408104081657e-01,5.716993350984359706e-02,-2.212500927773247972e-01,-5.753399486201679069e-01,2.918928627862729663e-01,1.098078411750767897e-01,-2.493448893010758727e-01,7.044341140086113340e-01,-2.958549079349270250e-01,2.587229017544919740e-01,-1.440211046970527042e-01,4.948917166434640968e-01,-3.359438778374200241e-01,-1.140159855787624410e-01,-2.150410655734833476e-01,-7.603835255427329222e-03,-4.265488653756577819e-01,1.076939658653329968e+00,-3.327729290786546890e-01,-2.963694593731935334e-01,4.925823749340153546e-01,7.998655601347003374e-01,9.889110949484528623e-01
-4.623826005646845538e-01,-1.916073451534629768e-01,3.322675655031394060e-01,2.811898546704521551e-01,3.414287433535899141e-01,4.458237156060873563e-01,-6.478818500081409137e-01,-4.124594808119980138e-01,2.826232125090756830e-01,-4.256320763370884802e-02,-7.144861925101278488e-02,7.125364151216374564e-01,1.516080082575029797e-01,-2.976891444180517210e-01,6.223058330039036301e-01,-9.308305623431328835e-01,3.665277449727697978e-01,8.546382465826529717e-02,5.474423007883572057e-01,-4.597125256348322808e-01,4.704516979627378359e-01,-5.388815931723682784e-01,-3.272498167258642253e-03,1.886390450479591419e-01,-6.028644946606905031e-02,-5.154549901641529708e-01,1.600854676088926121e-01,1.598590437561803745e-01,-6.337594419342217344e-01,5.518305558646759978e-01
1.980306253964934982e+00,1.341098661057951391e+00,-1.573636475367041321e+00,1.400768148185014716e+00,1.400440000449091116e+00,7.508643705811526292e-01,-8.745720759893167717e-02,1.266025695544031326e-01,-9.521394581930294754e-01,6.636465515553054972e-01,-3.271173686993799623e-01,2.661649503164034702e-01,-3.254006231880031130e-01,-2.049077534459546601e-01,3.657266847809186316e-01,6.183930938217462314e-01,-1.794740997366516266e-01,6.733144764127994009e-01,-8.971921917853733497e-01,-7.808177978158790111e-01,-9.114346905155400469e-01,-2.045091594137624924e-01,-5.305645698599388560e-02,2.467571082144670858e-01,3.458777281352425348e-01,6.150134868210564987e-01,-3.284683040608452620e-01,1.481462672576462913e-01,2.256353023639979735e-02,-3.180707813411750018e-01
3.506010277715121970e-01,1.582689601453930728e-01,6.918559357707618762e-01,-3.393228984106013701e-01,8.684299911984021125e-02,1.197241538096009972e-01,1.101159909137775644e-01,3.260027182917413779e-01,5.487323020076036867e-02,-8.294324456619890373e-01,7.857916910256382836e-01,2.583993296529281739e-02,2.100667225761895240e-01,5.110319786234012174e-01,7.199242434034792970e-02,-1.609155371535092582e-01,2.053745048431972753e-01,-6.728474063962267548e-01,-6.127971540599560368e-02,-2.234138203444135107e-01,-4.187197842510213541e-01,1.970341681525691335e-01,-4.239656603868759976e-01,-1.387107695816217345e-01,-2.043109561806493446e-01,-2.409657744739512608e-01,-1.459679195296144372e-01,-4.559805375408010342e-02,8.633078150347030244e-02,2.473434957235677578e-01
3.307755093298037075e-01,1.358013098898375848e+00,-1.485297302252702067e+00,9.499740099911311297e-01,1.203744591255972107e+00,1.754728556091399438e-01,-2.473612961883557004e-01,-9.663771780773507958e-01,-9.276576818179194106e-02,-2.793987879086773374e-01,-7.188183240559289366e-01,-4.369987035256119312e-01,-4.483286590239748404e-01,6.553307670453295541e-01,-2.111027556021060347e-01,-2.370057941545379576e-01,-3.779755938735318010e-01,-7.495081949530109089e-01,3.288822853854171946e-01,9.254192774171822178e-01,-2.084515097946704754e-01,-5.537732786111972949e-01,-4.043501398764544619e-01,-5.973168081326833967e-01,6.438536527250839914e-01,1.333675624266423068e-02,1.290449440746014531e+00,2.808787417911587925e-01,2.221502940248128860e-02,4.137725102928403453e-01
9.753552448306044287e-01,1.445862626117308869e+00,-1.377690583923712353e+00,7.929592198838713024e-01,1.196684350421928666e+00,-8.311226361817111163e-01,-6.885663894082219016e-01,2.666545038285842439e-01,-4.163570877314599211e-02,2.377447312522412703e-01,7.151237008092287128e-01,5.766600222176186952e-01,-4.825482664555039714e-01,-1.999377140220696680e-01,-2.218104356606780403e-01,5.072961723879465534e-01,-6.142847165101674722e-01,2.703134247329305739e-01,-1.941898584254226874e-03,3.485645219496412150e-01,-1.737519518690219117e-02,2.015432236123296528e-01,8.605899182200452691e-01,-5.178943756580989786e-03,-1.123955167521075854e-01,-6.548008883349504261e-01,-2.582361472084775955e-01,-5.979118794834321626e-01,4.576347985763523085e-01,-2.429143594745407364e-01
6.345132741548116240e-01,4.915584692469219252e-01,2.481711548223497488e-01,6.649989580653796750e-01,2.780068039357564968e-01,-4.118388277417873722e-01,2.652267171296812109e-01,3.477955128958425401e-01,-1.228276074341062424e-01,6.845769515658045590e-03,-4.264190672206908395e-01,3.361447994816922913e-01,-1.624600734386962286e-01,2.479967507015693740e-01,-3.987868200777525823e-02,-3.283646511678701696e-01,1.084857218609381446e+00,3.107082364386750117e-01,2.818021648738574525e-01,-4.599972709269661286e-01,-1.511706413493330570e-01,6.229812135569072762e-01,-5.752843722540980087e-01,-1.497105817821675067e-01,-6.688191373676148632e-02,3.223411613795836850e-01,-1.365844534912646069e-01,1.153003333919388890e-01,-7.609610627019313123e-01,6.523076480196560167e-01
-1.420384349822887859e+00,-1.572823345399984918e+00,1.398349968665121512e+00,-1.230037949053336410e+00,-2.223499792852023482e+00,6.315265827610646587e-01,-4.036709016983236475e-01,3.292314750516114330e-01,-5.089881180133141170e-01,-2.004788292770003644e-01,1.038207458710332654e-01,-6.131515670571623389e-01,5.874006640061761875e-01,3.479205331780726440e-01,2.219635560255538986e-01,4.322562266339372017e-01,-1.429237147336222813e-01,9.153233685315501078e-02,-4.260354210860358148e-01,-3.694751616168916453e-01,5.284089385197375810e-01,-4.461274450487249799e-01,-6.431823294669586355e-01,4.388750816708060498e-02,-5.917705698392382585e-01,7.530860477019717392e-01,1.251605950489826924e-01,5.148206316930548088e-01,9.051209188890425861e-02,-5.050002924034727864e-02
-3.009018412090234684e-01,-5.055150186916748112e-01,1.323528771239645963e-02,-7.022283141260790007e-01,-7.044169049698418839e-01,7.304374525504602200e-01,-9.952430775514797823e-01,-1.937353248222192445e-02,1.293648124491844964e+00,8.475797051982582042e-01,-3.309049108232047787e-01,1.546891404154096816e-01,-2.507026234103235107e-01,1.311372675634517426e+00,-1.788146455082681441e-01,2.403407518487328809e-01,3.380392590357727545e-01,5.668583410803035988e-02,-3.774932272123687760e-01,-9.045070903178058508e-01,4.614195656687231084e-01,-1.100419011451477663e-02,-2.165193862963482874e-01,3.714336827252639472e-01,1.948872013171926432e-01,2.257537521648086132e-01,3.269928995825680529e-01,-2.789674375127932371e-01,2.354418065262101067e-01,9.211779182488494255e-02
9.533042819090347120e-01,5.370279452644660667e-01,5.440424542885002879e-01,1.758858440400516143e-01,4.045867838252930615e-01,-7.512240495935508244e-01,2.471273839890258672e-01,-1.552987986719388258e-01,-4.946319166807747192e-01,-3.097352944905699679e-01,6.275029801981973909e-02,1.301756307267905657e-02,3.672273732008406455e-01,3.284702091916874567e-02,-6.711573615305710394e-01,-1.397494653693222566e-01,-7.014592127847150138e-01,-6.547853937115233336e-01,-6.555762344914490836e-01,-3.212220218620237544e-01,4.362946369831728899e-01,3.329764870200139781e-01,5.520923524595998666e-01,6.451621562178004865e-01,3.363831734705761689e-01,3.915582242193184626e-01,8.286264747163362143e-01,5.407497230101284691e-01,-4.847865779931326280e-01,1.297294928955019244e-01
-2.201786639996046180e-01,7.205249324521478815e-02,5.788501650822482081e-02,-1.687006665458928856e-01,-4.293892685469148929e-01,-8.369999649800207164e-01,7.803892638412489591e-01,4.174985911043825326e-01,-3.602394332303134050e-02,-1.799080341628640778e-01,-7.571148324802838836e-01,4.657571426953155402e-01,3.383975629056188983e-01,-9.830547329487491215e-01,-8.676841927090241102e-02,7.997231709865123550e-01,-2.052863116154987067e-01,3.993373423372061776e-02,1.079334112030813086e+00,6.270411709664234223e-01,7.341903471358004474e-01,-7.644161913606520864e-01,-6.584198070257638591e-01,1.300276487487683486e-01,1.242697082254006075e-01,-3.916936367371129935e-01,1.137256619826738230e-01,7.059468841139569795e-02,-2.973913965931427317e-01,5.071782457289381041e-01
-3.630101627731180614e+00,-3.434216707090619103e+00,2.032493305627960822e+00,-2.732629609451405095e+00,-2.702452852780049763e+00,-3.578432075668841472e-01,6.598955195846430977e-01,1.735608587054363328e-01,1.064009393132431258e-01,-3.281611351643946572e-01,1.939601794439978211e-02,-3.223797469462725274e-01,3.429203791168257132e-01,-1.184906219374048386e-01,-2.846837242516011557e-01,-1.388426800938703243e-01,2.795867126011059578e-01,-2.475815273627064994e-01,-3.335017531565490634e-01,4.176511641627035920e-01,1.510788356619992001e-01,4.219866270511717921e-01,-1.187536562076044327e-01,3.771951455962486155e-01,9.114289546286702404e-01,-7.110147981563960107e-01,1.946220609825512760e-01,4.120004844474017269e-01,4.671529394858721096e-01,-6.928084166536756516e-01
-6.037891367210420634e-01,-5.235595170242861585e-01,4.615011546744438031e-01,-7.212570525167327773e-03,-1.386937254830802990e+00,-1.475661157111939625e-01,3.023461476526334013e-01,2.477199017167999173e-01,-7.931804528945274324e-01,-5.360872845292428135e-01,3.091080296211858314e-01,-5.564880706967628710e-01,-4.044393813215416134e-02,-4.981967524398774882e-01,5.880335509943770411e-01,7.201994445576691273e-02,6.039870273852140231e-02,-2.180282910697419474e-01,-1.046173493742145189e+00,3.388159956899658432e-01,4.194269969385319152e-01,-1.251999311217727728e-01,1.289556589626347227e-01,-1.916929739395964796e-02,-1.006269241693917627e+00,-2.475872245735419863e-01,-2.347544709262873452e-01,-1.524476045153232151e-02,9.702401413363372085e-02,4.798653876631143317e-02
-4.077076672543642477e-01,8.813566438170178374e-01,-7.495096050098269957e-01,1.318770001906802714e+00,3.862711241005438723e-01,-2.958100237284565504e-01,9.240459406744903903e-02,8.828499486089003145e-01,4.468276417849189608e-01,-8.877663289136489277e-01,-1.666932154868376315e-01,2.039126702849407835e-01,-1.646888747439157752e-01,-5.214301403775224372e-03,-5.537925069786914234e-02,1.883654788921965417e-01,-3.388630407111681841e-01,-3.952385183893752929e-01,4.615559173005425730e-01,4.543731606660041944e-01,3.819677460601184626e-01,-7.462549849915555145e-01,2.912544022154457957e-01,7.874513251437758043e-01,-1.179135169900313645e-03,7.163048540691602240e-02,6.922164901303282658e-01,-2.459695316200297688e-01,-5.186970646994532030e-01,-3.553303104915552790e-01
1.000988996329457148e-01,-2.165326917042731392e-02,-1.989559293850941268e-01,3.275834203236566711e-01,3.459110107419743896e-01,-3.588000969221673275e-02,6.488828999889632854e-02,-3.471947016441797595e-01,-2.476483808586394941e-01,-1.814782284613052910e-01,-3.861326189208622028e-01,-3.407047428039562953e-01,7.294379988658501457e-01,-1.267273055361501366e-01,-3.796832420583674539e-01,3.743026123144702066e-01,-8.106295020075915403e-01,4.840783867734524959e-01,-1.806586033525741375e-01,3.953759953424255125e-01,3.542122609603157168e-01,5.376911811012994313e-01,-2.608934931334989660e-01,-1.949284022422121121e-01,-7.933094326286560527e-02,3.091711826298012000e-01,-2.958932797061215175e-02,2.482589591626342962e-01,4.587464043664080671e-01,-4.433812745616093620e-01
8.476013232861200342e-01,2.552010581302500691e-01,-8.410557016378950035e-01,1.768986018859447729e+00,5.278512452623582707e-01,-3.783532596413425320e-01,6.719372190790053045e-02,7.568364999811458271e-02,5.373789064680595251e-01,-2.411920397670014038e-01,-9.743698168800794812e-02,5.102437238109041040e-01,9.907236160392372815e-02,2.036357978778544353e-01,3.697380906621540730e-01,-2.009383642563663808e-01,-1.389705252515584591e-02,-5.733362747122657810e-01,-2.962937049798232136e-01,7.994094443851856857e-02,4.695051204253198329e-01,-7.696511728838296706e-01,-4.568771986129993024e-01,-1.866353152138758298e-01,1.087986735624536794e-01,1.482855594897273810e-01,-3.446161026365094915e-01,-3.799246851148622151e-01,6.335834404072159254e-01,5.986876869928854372e-01
5.964744793947716062e-01,-1.231159724157595559e-01,-4.748140265132174687e-01,3.567564862951536631e-01,2.722260786064357729e-01,1.256585295738213981e-01,-1.002261278763659336e+00,-2.920690963947706331e-01,1.917901752691589801e-01,-2.485780679374208213e-01,-5.666380439357612264e-01,2.520102163735482015e-01,-2.428106070832497798e-01,7.424176757513094582e-01,2.083001285268921143e-01,-1.590640539680576449e-01,6.542024626366867157e-02,-4.302549243778648336e-01,4.439472749045522137e-01,6.225077957188204225e-01,5.511437673579728802e-01,5.760462767288382357e-02,-9.753833683014800481e-04,1.573817739228902113e-01,9.037447466715383682e-01,4.216958530563435503e-01,1.753061436958897323e-01,4.164929066107824762e-01,1.955417691251047363e-01,-4.293623358730333517e-01
-6.123534250336410967e-01,-2.051258013796383839e+00,2.008431321584934537e+00,-7.835819750666522809e-01,-1.982098254832100004e+00,4.850050895491135328e-01,-2.382190838600933280e-01,7.624524459913982477e-02,-3.182309638145114916e-01,4.099365927848824809e-01,3.184131138722797738e-01,2.863234153960593220e-01,-1.630758845824500647e-01,-5.116868989301026627e-01,-4.649224922132025872e-01,-2.934248816492995848e-01,8.997208223689067141e-01,-5.021521334048699714e-01,-9.259427337836123595e-01,7.455524597573406353e-01,-2.269779812484809811e-01,2.795209493297408643e-01,9.040376182415318373e-01,-4.681304653649415726e-01,9.564935091684401147e-01,1.718971916305867542e-01,9.506818819612654625e-01,4.488795863458117097e-01,2.984259898103574504e-01,-6.313437870458524781e-01
-6.309489999225468271e-01,-7.904407160220447981e-01,7.353943706692060989e-01,1.704291040620397601e-01,3.199289427489965254e-02,-6.578156888754933540e-01,2.584078467042492666e-01,-1.202690249685889612e-01,7.977315640426968502e-01,-9.305247921292106317e-02,7.736595599828915981e-01,3.356121231128281202e-01,2.436960381070477910e-01,3.465184692082818319e-01,1.509885038751631325e-01,5.433878759633076205e-01,-3.306925302329236094e-01,6.923397417520773534e-01,4.829896943140558896e-02,-6.324165764791896960e-01,-1.219402869943258250e-01,-3.708999968449439022e-02,7.326948375129956059e-02,7.438544178721316902e-01,9.810588229534941140e-01,-3.121646510489152759e-01,4.683313744684340363e-01,-2.294916063162928954e-01,-2.461355555727803845e-01,3.598665140768795290e-01
-6.728400828349373475e-01,-6.859851298505740269e-01,1.646339023531857571e+00,-2.295232184657469143e-01,-1.175358339119868978e+00,-5.320069839748912122e-01,-5.998641648984547325e-01,7.873527477401465191e-01,-5.822768496839454411e-01,-1.780572113836036696e-01,3.858727418673136844e-01,5.947710925897089496e-01,6.616641354506564987e-01,3.483711741079744129e-01,-1.106950767224081256e+00,-8.371586331340997722e-01,-4.429370027127764176e-01,-8.007600451407482778e-01,-3.095668239725366533e-01,9.897992731944266209e-02,-1.679300483175588388e-01,2.903883431857397501e-01,5.571190842833358969e-01,-2.184096732025312682e-01,3.203775621442126464e-01,6.971305209883350562e-01,-1.336963646153793983e-01,-1.598128950786792402e-01,-5.169554102833482379e-01,3.926503417669650053e-01
-1.362027647510983375e+00,-1.474991449218903794e+00,7.410502524541602298e-01,-1.707392395879699487e+00,-1.203920393157545954e+00,-2.926923196384725312e-01,-3.746920655731029309e-02,-5.579880018482254178e-02,-8.299230227572736984e-01,3.723731376897823631e-01,5.329030321993201147e-01,5.239748619922058870e-01,-1.040500857342391977e-01,2.011658502086873315e-02,-1.121500709677637347e-01,-6.148414082033841488e-02,-3.173231663588519935e-01,2.053128090855333432e-01,6.042752524443133905e-02,-4.561499240371459929e-01,3.362635593324329597e-01,6.394604050148833263e-01,-1.612691050205712628e-01,-2.198351798564884135e-02,5.263476452062677557e-01,1.668303262397910769e-01,1.933134061964881523e-01,3.280884764524334973e-01,-7.644339521530868486e-02,1.315143317340834006e+00
-1.144090097151036378e+00,-8.363134794991781140e-01,8.085064506415439167e-01,-1.741674899885699568e-01,-4.296072707033079530e-01,-1.230832880305140486e+00,3.503468434034661128e-01,1.714627024041352199e-01,3.440747203189549186e-01,-9.004816654385287000e-01,-5.457968983550817166e-01,-2.343388829930253825e-01,1.927185957019099949e-01,4.156291765104344060e-01,1.625269738910809503e-01,-3.222077731590763938e-02,9.122782737943657683e-01,5.901682692483951609e-01,-4.180898188420365674e-02,1.301168873339007548e-01,-2.470935436593337808e-01,6.046349448192696041e-01,8.090477221122033269e-01,-1.746933858131311523e-01,-1.344846412695929194e-01,-4.666597381980756576e-01,-6.368283013153895888e-01,3.649627213418590171e-02,1.031230488446767790e+00,4.695126983329692139e-01
-3.709488367283372279e-01,3.334084322715500925e-01,-5.634862467958301480e-01,2.754953656755809721e-02,2.410806076327841052e-01,2.338011829579108580e-01,5.852269062056052185e-02,-1.526384365149610345e-01,-2.125127274721249904e-01,1.395565512485494319e-01,7.310031747403846758e-01,2.080801627912443885e-01,-7.282329660461065446e-01,2.767748384695508657e-01,7.173596905979051641e-01,3.134969245134210936e-01,-2.738912930743375163e-01,1.716971967448463754e-01,4.437605711565842381e-01,2.836096548587666577e-01,7.405378381006456623e-01,-6.328054446375381836e-01,3.166915810347894489e-01,-7.241042587914615636e-01,3.907697653732644660e-01,-9.722576932889825940e-01,-3.790873046030633908e-01,4.235598223084071634e-01,-3.339715643797070976e-01,-2.208249627699539475e-01
1.775254428049381494e-01,-5.109205021293539151e-01,1.984072032299223909e-01,3.656986589124434223e-03,1.003964998538536268e-01,3.647195776527096256e-01,1.723371373537666840e-01,-4.004712571651500991e-02,-1.187631806387458577e-01,1.444311412586916643e-01,-2.919801855494338350e-01,2.709973149908986301e-01,-8.017394008628274393e-02,1.258312958964369788e+00,3.653371486448941385e-01,-5.987567179536662509e-01,-2.366527619216776401e-01,3.752449307985829541e-01,5.689244933908713664e-01,-7.593396770022416142e-02,5.155164662336665371e-01,-6.940948509216329221e-01,-1.688440815688836416e-01,-1.827629090088952468e-01,1.953826622504198363e-01,-3.312970404711873540e-01,5.080574127881103408e-01,1.487178156570451992e-01,-6.059744024413764307e-02,2.099158866744800789e-01
1.133390610312349223e-01,1.115151303981386066e+00,-1.336368979004242785e+00,1.562154804873163716e+00,1.274147094775171185e+00,-8.218170574657565619e-02,5.714286607570449039e-01,8.109572889971331522e-01,-1.143031827293982811e-01,2.773264800164159660e-01,-7.107114288679872161e-01,-7.403597869841431478e-02,2.906932371195837181e-02,4.243145889272694204e-01,6.005003439556234612e-01,-4.817161668303539535e-01,-1.084104923404079601e+00,-1.011539421894809054e+00,-1.470696873930205650e-01,6.675468060280618232e-01,-1.835310822339276116e-01,7.589168247974861226e-01,-9.541212913839987320e-02,-4.656391792991392276e-01,1.080324284753977036e-02,-7.326643608847005495e-01,-5.976714145546122570e-01,2.955626403154310577e-01,-6.205595464942204043e-01,-1.522520599421843535e-01
-1.059585351574983125e+00,-7.551009739813165922e-01,1.232420738471209920e-01,-4.348932977756191365e-01,-7.597405382227364612e-01,-3.160244386615697620e-01,-5.414056045945914164e-02,5.006755765848686091e-01,5.820481987524578349e-01,-3.005506036668999514e-01,1.700600084953911295e-01,1.799755229612682028e-01,-7.250770481453037153e-01,5.878593537159134685e-01,8.768510480619839953e-01,2.852974864490477949e-02,3.484021039911905926e-01,-5.094558088588447414e-02,-1.294317717273863133e+00,1.555089838256800208e-02,4.676118564228087804e-01,6.176139929088241276e-01,4.709917632913012686e-01,-6.583540127010435727e-02,5.656006823451017462e-01,-2.504912152503822598e-01,1.300825827850870808e-01,7.061086475411454400e-01,6.034772681738544975e-01,-4.248002316604710948e-01
2.424318284340248653e+00,2.931997735777053027e+00,-2.542239911175644185e+00,2.277850138694506033e+00,2.596352611035184221e+00,8.079482015195242894e-01,3.981976832741727645e-01,3.637797613222198412e-01,-1.310141672477358743e-01,6.474595979427525405e-01,7.760994784581473072e-01,-5.900595674307570482e-01,5.323871749235395967e-01,7.171598323259085195e-01,2.809145815856953221e-01,-3.370942929804337518e-01,7.438574594364641968e-01,-8.086956469051154173e-02,-2.762182191054729508e-02,1.682886777598466832e-01,-8.105781355019716639e-01,5.908932322994029512e-02,-4.925176401818189276e-01,-1.152751409354706574e-01,-8.311402946361576838e-01,-3.395255453040966348e-02,-9.147026897053127659e-01,8.397663799185972611e-02,-3.701069683682273737e-01,9.647195730683514325e-01
-1.099564904562163159e+00,-2.331360009871834282e-01,3.569296228382411451e-01,3.379525701522942405e-01,-2.516266962358053583e-01,-4.771477389802187830e-01,-3.461038768125300757e-01,2.529895556952275193e-01,-1.094630201187772878e+00,-4.150738705315609178e-01,5.938839589231064142e-01,-2.830895845644972875e-01,7.046780173557203042e-02,-5.835914880610738598e-01,4.314595574422817048e-01,-3.461985815488313745e-01,-9.913621689785212521e-02,2.015189123722012643e-01,-9.119143904575218729e-01,-6.917887955500806596e-02,2.309653970470204043e-01,-1.584154259851735733e-02,2.927383554341272259e-02,-2.059552849429332755e-01,-2.706621186229890563e-01,6.964686076323340913e-01,-7.629450131860419093e-01,-1.366337007440214524e-01,4.369487291920332028e-01,-6.437288444701551038e-01
1.336566627209177183e+00,8.762675888796325196e-01,-3.494842999089994851e-01,5.774871887826310557e-02,-3.587330692045093694e-01,3.574238865516181085e-01,6.212523680146041505e-01,-5.206637462253898424e-02,4.009220032045820309e-02,1.768217586659589780e-01,-4.892040438589702056e-01,2.623878740883411331e-01,8.560954902353782314e-01,-1.331140147118098138e+00,-3.545543174684471777e-01,-1.900287794962111365e-01,2.084635811587012000e-01,6.222079681950360985e-01,-3.626231556543579870e-02,-3.180764651084339589e-01,4.688656613124090322e-01,1.760444594467998058e-01,7.791257851403335377e-02,-3.562222974075223703e-01,2.184433203032263432e-02,-2.176887897624184276e-01,-1.014254007483218339e-01,4.624115141449457005e-03,-9.044982738035052261e-01,-5.089812753037659815e-02
9.289562616003013140e-01,9.977002266698364874e-01,-6.504690981330581989e-01,1.021707567831987795e+00,6.280189715864279432e-01,-2.774936288898993686e-01,1.988525052084941791e-01,-4.380625553459965849e-01,-2.900473364578989299e-01,1.500973251023494659e-01,-3.463804493059857714e-02,-5.210759452721392959e-01,-4.648541922311655999e-02,-3.268503869391242711e-01,3.679180548588490418e-01,-1.731202755381313074e-01,-5.068068509529879417e-01,6.086175729636653653e-01,-5.821169976065979634e-01,2.610314518258616823e-01,5.410408579097396586e-01,-1.491018885460534404e-01,2.997941999127289869e-01,1.586269282903776112e-01,2.548590175369020439e-01,5.553293616700528956e-02,-1.063914616194557433e-01,-1.466675304919665412e-01,-3.864692653773112163e-02,-9.146525711339102693e-02
3.218271802096778211e-01,-6.543069845101566751e-01,-8.597084007192036248e-01,4.424765231104323404e-01,-4.267718190956148461e-01,1.717815713515151096e-02,-4.226297937333559074e-01,2.345463044200351843e-01,-6.308109907808622241e-01,6.098871368161775663e-01,-2.538101567663239022e-01,5.264243733284966753e-01,7.964534097873053886e-01,-3.813243370096872087e-01,4.036118136406876417e-02,-1.549105945396280493e-01,8.042398658418721535e-03,3.401249898068890998e-01,-1.142894628887446140e-01,2.539681264903657643e-01,-1.650675167771876728e-01,1.637530836918817123e-01,4.491913608508286693e-01,-1.555014474323924978e-01,1.795282043495432384e-02,2.991585478230125439e-01,-4.992066703127557292e-01,2.784308245747853516e-01,-2.700441353339085859e-01,6.083640035256588918e-01
8.448732108147564146e-01,1.993342548434545169e-01,1.179888281967339303e+00,-1.384552413124103543e-01,-2.671253315331452161e-01,-4.491763328707428643e-02,-7.021928290767106562e-01,1.652971236725333387e-02,-4.840761032166886468e-01,-2.660990696233441755e-01,-2.492247982820965102e-01,7.505890259848665425e-01,3.467643582846466344e-01,-9.661526504791097258e-02,-1.294354391473034604e-01,-6.635172546172151131e-01,-2.610755492045732096e-01,8.417141222193964545e-01,7.843402020362034710e-01,-4.688488311297548394e-01,1.675445207414718030e-01,3.411798532125000227e-02,-2.192969237707002306e-01,-1.239070451375001020e-01,-1.821502353213980685e-01,1.922498393089568103e-01,6.591756681921384642e-01,2.289268489396518169e-01,4.386929950445330739e-01,-3.133961777026063045e-01
1.045948523027658172e+00,4.206181753022072423e-01,-9.436321420029318841e-01,1.175337521593590395e+00,1.002369695014826423e+00,9.803199579719046319e-02,-3.900067501907287237e-01,-2.078898467518297266e-01,3.853907167178179938e-01,4.279074790110076743e-01,-1.557564992348206279e-01,5.185954239438073099e-02,3.479663916184959627e-01,-1.912471991162129070e-01,1.205404664547982813e-01,9.145065696109318243e-02,8.508854741421026380e-02,-2.067519377650377244e-01,-1.492939566664169271e-01,-5.264423170321778922e-02,-1.368326549236044354e+00,-1.098731115218304633e-01,3.861175647411822509e-01,5.306641516842662554e-02,1.978276746426209654e-01,6.397022967120157000e-02,4.923814975136597827e-01,2.364172410360221022e-01,-6.862320205952063268e-02,-7.595823857844148375e-01
-7.612650256647384150e-01,-1.474336978839662082e-01,1.930662742872472082e+00,4.294454545210650842e-01,-7.277685352323650658e-01,3.842755894408583228e-01,-5.180663059173875595e-01,8.382987283131167200e-02,1.894708232971627770e-01,-2.830662341151473083e-01,-4.023310854250172208e-01,2.566215395767088014e-01,-5.450259756347943796e-01,9.620261138724572891e-01,-2.268126309379747685e-01,2.474675592107989375e-01,6.100866415447778746e-01,-1.019552072463642128e-01,1.788816953723559589e-01,-2.925567527540404722e-01,-6.761583983034218370e-01,4.590746632503099334e-01,-8.981351175234802975e-01,4.034036577352471675e-01,2.531504575691633785e-01,5.553479827701244265e-01,7.428031264724330729e-01,4.087542135195945114e-01,2.909146653174169428e-01,-3.455019454157849390e-01
-5.792719509057436822e-01,-1.342257265486710205e+00,1.382929727393178654e+00,-1.057397453175637159e+00,-1.052265990614126068e+00,-7.442631989267950443e-01,8.595182567057367551e-02,-1.415803569681036156e-01,-3.892413099773036622e-01,-5.740752116892795520e-01,-1.407495583498486746e-01,2.903720195086081368e-01,-4.641211974080680092e-01,5.895213478388013906e-01,-4.116941814885553552e-01,-5.393999223072541982e-01,1.975855174909734446e-01,7.674996276521038885e-01,-6.971176302589915386e-01,3.939928572540306595e-01,2.985941752031320839e-01,-3.884909168538700497e-01,-1.249782077912556522e-01,3.143635337042770539e-01,8.399509746377360475e-01,8.839029612599101915e-01,3.237764807704899273e-01,-1.061368349824916152e-01,-8.519171130247292500e-02,-4.599874806273381855e-01
-1.089351532620524310e+00,-1.660245545948247914e+00,1.177153592954014449e+00,-1.237235415082967194e+00,-1.167622553021874454e+00,2.417326066818429875e-01,1.866125107030711661e-01,3.059342601573543721e-02,4.165199605779405095e-02,7.088905911370597945e-02,2.861571810729657273e-01,5.333137357284177538e-02,1.248565419351851169e+00,-5.733610922808072274e-01,4.217669030944577457e-01,8.505331441425062478e-02,6.436894195918431427e-02,5.604496145837054577e-01,5.809873001123405656e-01,1.235607538381511411e-01,3.045796028192975791e-01,-8.029223360303467880e-03,-4.475997616889297315e-01,-4.036061363131694391e-01,2.350299199747850343e-01,5.841613953703497092e-02,-1.092336068874472377e-01,-7.506610098311192747e-01,-3.691069075732636984e-01,2.633693353449195196e-01
5.459357351080458276e-01,4.201730911763554843e-01,-5.809776247410061156e-01,4.861629321820940541e-01,9.341767226109080058e-01,2.657053965699636144e-01,2.133362423394160046e-01,-5.648951911128880649e-02,-7.901658555458242195e-02,-4.872064447223523609e-01,4.674647680250020310e-01,-5.984541727517292964e-01,-2.778057643189026371e-01,-2.674346456784457704e-01,5.149686100596827520e-01,-4.220963683367716379e-02,-1.061765245120663698e-01,5.970682746311741784e-01,1.568102104501346294e-01,-6.721821906827252224e-01,-2.333524514985777648e-02,2.034369868783297564e-01,-1.696311543762648033e-01,-1.231530549783202283e-01,-3.576502538034180279e-01,5.011331057416471557e-01,-1.773022364901093162e-01,-1.902709682656345824e-01,9.762560523702947801e-01,-1.200953098951086373e+00
-1.331060422760256823e-01,-2.497037321082610783e-01,2.721875038754839604e-01,3.346595309502068960e-01,3.467217709428416228e-01,-3.250065338612770360e-01,-2.465961911894752889e-01,1.371257155718675069e-01,-3.021193378976299582e-01,3.961021755140146094e-01,2.489288313253333884e-01,2.104360119859219336e-01,7.989121739781618325e-01,1.795809263232694963e-01,-1.749212707774538966e-01,-4.912984980203213281e-01,-2.981382848639221872e-01,5.200341053992829643e-01,1.210049333256544513e+00,-4.895016249166639355e-01,4.769930194377006716e-01,2.197020598104798550e-01,-3.447661169396913916e-01,-4.256634442748671865e-01,-3.070491085709067813e-01,6.179238553929211619e-01,4.303397518455626125e-02,8.606493925003382284e-01,-2.044404926458528171e-01,-3.964177534152734522e-02
1.525235772968149384e+00,1.365111364966517637e+00,-1.778024489839787670e+00,1.047398033732587219e+00,2.414361536596082658e+00,2.258916114266952824e-01,-5.115869580159400076e-01,-7.106517842986322941e-01,5.797126929129395867e-01,-1.101000030164639432e-01,-1.917609119410837171e-01,5.465011305414625431e-01,4.134817490347568736e-01,-3.044888166118873141e-01,1.147281816036658381e-01,-1.391815828279513167e-01,3.294654906914966652e-01,-3.303964918767350878e-01,1.414042763917619516e-02,3.287615599906588970e-02,7.226799679909261531e-01,2.754476561578964033e-01,-2.686139806254019269e-01,-3.232686071177190423e-01,-3.915902729230982260e-01,-6.736811702142941893e-01,2.024794586080596592e-01,-4.127070148233656921e-01,-4.340660657789341750e-03,3.791990354975941502e-01
2.680976209303706614e+00,2.187128354522155149e+00,-2.619112995766392782e+00,2.213550761620055596e+00,1.773968428099895078e+00,-3.174917421050929556e-01,-9.375852481682149797e-01,3.921153756592533624e-01,5.394808235484613856e-01,3.202191965167168752e-01,-2.376795487735051671e-01,2.627916987674724925e-01,5.138610082590036043e-01,-2.490911556423353046e-01,-2.886349440054383764e-01,-5.225396777186835928e-01,6.172796288086292993e-01,-2.060170470776908902e-01,3.727284861716036457e-01,-9.844589448717040031e-03,8.452745015920395955e-02,-3.446198552750932009e-01,3.418303630980252805e-01,-4.028429204644597972e-01,7.792472033895042095e-03,1.936755618966872761e-01,-9.766180460186022275e-03,-3.874304801099103801e-01,-7.699165363265911832e-01,-1.173522862480162188e-01
1.243877172292399136e-01,7.078602262394712019e-02,2.469417579126619300e-01,7.277781515710243232e-01,1.277459383937656900e-01,7.898114020246888023e-02,-8.108227909431048319e-01,-2.030035688097633073e-01,5.416216334182010206e-01,1.059017064386810897e-01,-2.291030341147654303e-01,-3.176031656946128323e-01,8.915932937890506949e-02,4.004700042670872318e-01,1.055742930128701351e+00,-1.004370073965844545e-01,-1.888708857385408557e-01,1.939085730499592042e-01,2.090477686363338694e-01,-1.318952055766180187e-01,5.867178758328877031e-01,9.351034447261636906e-01,4.460453307519872679e-01,-5.406718211494841025e-02,-5.674817747028534365e-01,8.153091562100830414e-01,2.278890616035569583e-01,-4.646546507898341449e-01,-1.297300493921696440e-01,-6.213540385886909267e-02
1.628434648425283182e+00,1.009320453576981524e+00,-3.685724479050793145e-01,2.986917832440013632e-01,1.478806320987341660e+00,4.758069282507481623e-01,7.123136227937809650e-01,-3.933132779614619268e-01,7.370194440071840131e-03,1.064503823762769502e-01,1.317774982349204094e-01,-2.435609603277496815e-01,3.668427018610483925e-01,-2.481915256408134124e-02,1.443110807241394788e-01,-7.735993149543282099e-01,5.982173972579236665e-01,-2.637043648269749019e-01,-4.710465842859036245e-01,-1.535703418656978458e-01,-1.148937927432324285e-01,9.486829572796916243e-03,-1.266026439484828625e-01,3.599941451528398395e-01,-9.107940669717415894e-01,-1.046366874127794500e+00,7.498614147642670424e-01,-2.506617303919401740e-01,-4.503359255826908103e-01,-1.102975496286781265e+00
9.112056779722671473e-02,5.358378196313517972e-01,9.559099508636587084e-02,-5.279909642183644447e-01,-7.813809789998843458e-02,-6.014165700508312257e-02,2.261116444464149611e-01,3.191240284893273604e-01,2.828541083071555717e-01,2.613042576261856986e-01,-2.808919278527345909e-01,2.784368651187329458e-01,-8.656068908797089900e-01,-5.431657687361769460e-01,-5.323782914711715497e-01,-2.070358450168709452e-01,-1.328869419104647953e-01,-7.299203376385473563e-01,-3.238964606478690889e-01,6.088840891760335383e-01,-2.024963890897455154e-01,8.484655461472688787e-01,-4.727518381623619925e-01,-4.730057662722656452e-03,5.142884791961867957e-02,-5.366994017150750196e-01,1.600009273836898102e-02,-5.427708478812706128e-01,-6.594988623209063761e-01,1.023407461232398730e-01
-1.049420275776923983e+00,-2.176120133798985723e+00,1.438322167756133751e+00,-1.687406163817521287e+00,-2.248100646806173497e+00,3.011342583432322639e-01,-7.687508416391957144e-01,-6.231259888855832374e-01,-9.326276664784617643e-02,2.722424897698351720e-01,-3.016608459659948505e-01,-2.444414033227480451e-02,-4.064908735655260452e-01,2.231268546812548159e-01,3.006583477446313490e-01,2.605340718745147166e-01,5.607870326850531439e-01,2.379510773875192775e-01,-2.313023340600473821e-01,-2.250292807923013737e-03,1.653059649707518952e-01,9.282141030986253150e-02,1.676715249869094870e-01,-1.978673417644199184e-01,-1.675583562152215683e-02,-2.877565042419511498e-01,-4.965225833292070678e-01,-1.080531564698320734e-01,6.735401134956769953e-02,1.788200441908280591e-01
-8.606134049431880539e-01,-4.967205266914176409e-01,4.121760449608439236e-01,-4.812610234798934683e-01,-6.973057998960425774e-01,-4.560405664690413835e-02,7.253116569589498352e-01,-2.421852951551363708e-01,-3.353970013450534582e-01,9.236295008034581255e-02,-7.327128109898752850e-01,-5.867567994554180322e-01,1.364053434028812406e-01,-4.878195088601798846e-01,-3.451159119244399248e-02,-3.591302940715235814e-01,-1.018346975550748074e-01,-4.052034311061592509e-01,4.406747887488566828e-01,-4.036804245552864101e-01,1.097475570567925995e+00,5.012878080340893439e-02,-1.591259057031676194e-01,4.305074277635657642e-01,-3.883428386265097565e-01,4.920427451781486106e-01,1.977225219910701270e-01,7.519195959792759343e-01,6.467461343506042404e-01,5.145134695793651680e-01
-6.582876903406607028e-01,-7.720714266161203820e-01,-5.171120098553405597e-02,-1.326933209250265255e+00,-1.976544290537597948e-01,1.193380156601047543e-01,3.802436108860673403e-01,-5.622425526988070743e-01,-1.708778598385617964e-01,1.739532017333919600e-01,-4.602379561789932128e-01,1.134421312649326330e-01,-3.507017860588934055e-01,-4.893797899592707279e-01,-3.396933005065301825e-01,1.996862966263157624e-02,3.765570998824504384e-02,4.998792625568978520e-01,2.473582251331059578e-01,-4.661861367224922129e-03,-3.838572496581688642e-01,3.560986146608066116e-01,-4.071034485578777784e-01,-1.246425518680034747e-04,2.292481937070882658e-01,-4.136045389677315831e-01,-4.170808654731099352e-02,2.069949446592943554e-01,5.196768861991583055e-01,-5.384085087351638821e-01
6.967412725644092086e-01,6.259759416823352796e-01,-1.037243779509935404e+00,1.238556158249830119e+00,3.449179403306913416e-01,-3.294720995140996145e-01,5.295418872381875142e-01,3.549928093903648163e-01,6.701485377009487321e-01,4.138223685396622553e-01,-5.214086705870377703e-01,-5.808503190290221774e-01,-2.423694145741315809e-01,-2.142662882152121806e-01,4.639732373421311812e-02,-2.349305034310179841e-01,-6.507710682807904545e-01,-3.793727002693239592e-01,-6.068024358849101463e-02,-4.814665714318250855e-01,-8.282280381877129560e-01,3.423679475391548377e-01,9.167083797142369650e-02,-2.553124953780431805e-01,-1.378771149625868941e-01,-5.184643464043866556e-01,4.470924862086026463e-01,7.349601011194661915e-01,-7.157709251897189685e-03,3.954121993353658104e-01
1.244646759816451009e+00,1.343633604896224076e+00,-1.020762124118754777e+00,1.809568677348044385e+00,1.549863271924135644e+00,5.737863892223210582e-01,6.566568160899796114e-01,3.298448165269450283e-01,3.850993844510373632e-01,-1.131441924273624555e-01,-2.438427748286100538e-01,2.584867466978582606e-01,3.224182553223596814e-01,7.813597104882451239e-02,7.718740178169951338e-02,-8.311909449373522385e-02,-4.867754130199026807e-01,-7.385445533768647541e-01,2.770678842299690858e-01,9.923311418674601869e-02,-5.189510186663941482e-01,3.768340460476068410e-01,-2.513879221892449667e-02,1.727596810279258266e-02,3.821380423355760780e-01,-8.129969832594937662e-01,-4.895594686754916602e-01,1.823275188947716396e-01,-2.747533591999952174e-01,-1.375032726075812450e-01
-1.028398245638208808e+00,-8.347705996385990090e-01,1.072728088355241916e+00,-2.873224477257635412e-01,-2.636030003933447219e-01,-2.934223055977016048e-01,-9.741087301648861108e-02,7.025862121625745527e-01,3.450055160441767854e-01,1.355423552526809072e-01,-2.508351308774011690e-01,-3.748729595598360165e-02,2.384278498413470448e-01,2.415224250120579230e-01,7.218639582933107368e-01,-1.650871452413806839e-01,5.082586535771375091e-01,-2.207160401223599855e-01,-1.248429832777603610e-01,2.388333484837679155e-01,5.831290894525259505e-01,-3.957466387895064996e-01,-1.160038900809354567e+00,-3.034461728851105614e-02,7.324400066846427082e-01,-4.161540958989351502e-01,1.192330904234591704e-01,-1.660359328923665390e-01,-4.279763033800285665e-01,3.540882028165573958e-01
2.153643955799767085e+00,1.249795761229494317e+00,-1.352097728546028055e+00,1.769155659372491085e+00,1.554167183942964048e+00,5.986946723603875364e-01,7.002688984242729786e-01,3.654697875349672831e-01,4.173885375042188928e-01,-2.180327336364682733e-01,1.694603717186208836e-01,3.697572948650182378e-01,-3.099341074067730670e-02,1.478104756713659318e-01,-6.018455389264162347e-01,4.610245413038756568e-01,2.587854833924366216e-01,1.044986467673522545e+00,6.042940984140486860e-01,3.787402018831873690e-02,-4.794373595839204749e-01,4.624943418093393523e-03,6.852514811809877759e-01,-3.430450639107408550e-01,6.133339033423986786e-01,1.255633257929458790e-01,5.488540729991413514e-01,5.037193995198678831e-01,1.460743528553046407e-02,9.583746434197482067e-02
1.761479892391663860e-02,-6.406604638448484268e-01,4.653917465863132152e-01,6.901236535765650770e-02,-7.442056511442882716e-01,4.421775355231252203e-01,9.645892188714097482e-02,2.638368713008869548e-01,4.162652748883752252e-01,1.787679025321197435e-01,-5.376002685271573656e-01,2.453782359443460737e-01,2.585088453333346248e-01,9.101469796260666101e-01,-1.895008561786877543e-02,-2.882637795999104524e-01,3.160834019889052771e-01,-5.658349801068078833e-01,-2.771758487388725767e-01,-3.534462662737424821e-01,1.795558705247270737e-01,6.731154608835124287e-02,8.730700609663621936e-01,-2.266629909701281809e-01,-1.655630555915491575e-01,-6.463652683139817778e-01,2.372216243206870523e-01,-5.210629742312623547e-01,1.669447080429798877e-02,-4.699186368324165947e-02
-1.313678235634452074e+00,-1.718532031016651862e+00,1.929526376366394347e+00,-9.224781871501409602e-01,-2.208792153204157671e+00,8.230235230181700556e-01,-4.214132407468412084e-02,-3.438968722753968921e-01,-2.043572541857322233e-01,-5.261684085347239082e-01,4.724836922704624409e-01,-9.319916787277268133e-01,2.593094036961589577e-01,6.450213904975672374e-01,1.754375741052532356e-01,-1.535308842256121742e-01,-1.849723614528063498e-01,-5.360582095861445850e-01,6.458809880519051916e-01,1.342878157768182812e-01,2.878935617683009984e-01,-4.952546912088665598e-01,-8.126018487964071779e-01,-5.304341587135209535e-01,4.025264514788612913e-01,-1.343592397430790619e-01,-1.005193382586552664e+00,4.877218270460991767e-01,-7.968721606660247869e-02,8.694368838615176842e-02
-6.056171059358224085e-01,-1.160270166563473149e+00,1.411681711262636529e+00,-4.926713002519012008e-02,-9.520102551817347658e-01,2.076237575768377641e-01,2.666512458674016872e-01,-4.270916088484173756e-02,-1.808768511917485319e-02,-9.451954908964292981e-03,-2.802852850899205106e-01,-1.348774345217068280e-02,4.385678815885795112e-01,1.190075380997068361e-01,2.912983705620516006e-01,-4.266876062891487575e-01,-5.622647740400361638e-01,-1.332432311531668301e-01,-6.133925706301592840e-01,-5.367696908631138797e-01,2.198033927126860909e-01,3.446137059694646954e-03,-3.181704856673435167e-01,5.153090533260452216e-02,2.784948740552312674e-01,-2.298900418443303173e-01,6.985782043016304232e-01,-2.425666165341330560e-01,-4.028796827562541316e-01,-1.135606873228959923e+00
-9.814028113637618400e-01,-8.249192516940072606e-01,1.007418188008359472e+00,-6.814922053408017932e-01,-4.699565131358540704e-01,-4.489461788039984524e-01,7.633865830420062393e-01,3.510300702965267750e-01,1.728138165140278015e-01,-3.794404751178749313e-01,-3.633382088107512953e-01,-6.770418514998187698e-01,-7.502011365061870274e-01,-1.212919834836965194e-01,1.947131892582927570e-01,-4.216735062894042541e-01,6.127499444203828860e-01,-1.946093502675624032e-01,-3.687712534033716905e-01,6.377416479777290315e-01,-3.460083780478683813e-01,-3.645814430247689697e-01,9.110136890684832067e-02,-1.539715033441990677e-01,-2.233798640285095116e-01,6.984329095816311783e-01,-2.912580257872647294e-01,2.183739226613188311e-01,3.561880344855062330e-01,4.598871706500867185e-01
4.257333527297041953e-01,3.409886159566032360e-01,-1.289958326386106413e-01,3.370967081086250761e-01,5.146902723121622447e-01,-2.314988911234324709e-01,-3.821690034586666673e-01,3.054256914201799455e-01,8.089683608662916470e-01,-2.194873505058715091e-01,6.495708869424032805e-01,-1.123579803771532326e+00,2.838254769297669788e-02,-7.137939212069812633e-01,6.098343787966823415e-01,3.446004906142035029e-01,-6.503960126361233440e-01,-1.292634845364506457e-01,-1.036389936975944670e-01,-6.786249927604157128e-02,-3.756819543870266731e-01,-8.277929171664254460e-01,2.307194540508395175e-01,-1.365481582429190488e-01,3.168715587501040876e-01,-5.526802144611108192e-01,-1.162561521843305856e+00,4.526472652711378830e-02,-7.902057270537958811e-01,-7.315457570163506895e-02
-1.109763673294326125e+00,-3.443857693335239389e-02,5.813955043911411824e-01,-1.414718077801918383e+00,-9.316697466354202373e-01,1.072680815897715106e-01,-4.200101160141066492e-01,-9.338187332887194769e-02,2.497652145186932682e-01,3.028543915385130125e-01,-6.564232128071409988e-01,9.689821017281081972e-02,-7.524030009995364976e-01,-2.938098252442798361e-02,3.916605349262742286e-01,4.194470134232313741e-01,4.466076577210160714e-01,9.770168850707324770e-01,-7.187137644078481769e-01,-2.868334766400965630e-01,1.238442735375386156e-01,1.910212371131231879e-01,-1.739425938878692152e-02,2.131044314246417076e-02,-5.249702751342434359e-01,-3.618375193451199567e-02,5.999541542288627100e-02,6.700305491537285052e-01,6.043084571445361819e-01,7.733273602820810444e-01
2.130908767427081296e-01,-4.333935086158321459e-01,-6.592038896303192841e-01,-2.630937328287784038e-01,-1.517718594734916715e-02,7.527403245375161589e-01,-6.913346209303153356e-02,9.072583911973994830e-01,-2.986995842840364235e-01,3.843613040643273915e-01,-6.734335486732487830e-01,8.188427646155505002e-02,-1.863964011215537842e-01,3.478614622473418239e-01,1.816965903056312615e-01,1.685950837076276576e-01,-1.589005021166375320e-01,-5.151042770011984295e-01,-9.586615945270718919e-01,5.632997075867551828e-01,-4.981081774168541476e-01,7.969362276651815735e-01,1.153617508324702723e-01,4.234457139143366078e-01,-3.781665379640192226e-01,2.287830937881962790e-01,-1.589784940026383875e-01,-8.086965190681213445e-01,-5.646348136371089899e-01,3.347662794982275009e-02
7.975384840799143449e-01,1.466691255582935671e+00,-1.394755875930041356e+00,1.344344465920817022e+00,9.428713674009276957e-01,-2.499725996719904808e-01,4.176084971863518458e-01,-2.032060920050003938e-01,1.920744916632183275e-02,6.228555182317946359e-01,5.993255913556206904e-01,5.919915890539515502e-01,4.881126392337274411e-01,2.431076832245324393e-01,5.442133333120706684e-01,-1.035458315217406000e-01,-3.437120115360539629e-02,3.388977556298605198e-01,3.606997276443633105e-01,-7.602700311425405477e-01,5.869708858624600456e-01,8.380713322273518617e-01,3.730802500886983286e-01,3.989884957285561029e-01,2.810339860307205923e-02,9.686802538533630103e-02,-3.055514356690809952e-01,1.200653209710405012e-01,7.166063291521572454e-02,-2.891916202499270616e-01
3.486635606685932753e-01,5.520147007346491996e-01,-2.742244878950369502e-01,7.852827659814057282e-02,7.396866247999762667e-01,1.440191610916841947e-01,-9.367102007672888087e-02,1.780386974251311483e-01,-3.909752015510323808e-01,4.087723718810831186e-01,1.400284226386762088e-01,3.449152574933838644e-01,6.445859168552880991e-01,-3.047536708558480911e-01,-8.740700042571608597e-01,-2.373929970024340474e-01,5.243080925321954577e-01,4.323000694379131037e-01,4.440549529351598967e-01,4.170160048427698496e-01,5.062568697760847503e-01,-3.419078122777995388e-01,-2.253521872408629709e-02,-7.993296326364046633e-01,-3.419304851060244732e-01,8.938240602953351210e-01,-1.013672714101252925e+00,-2.536177817522586309e-01,-8.759610219219292615e-01,-3.969470726398412891e-02
-7.486637185142333006e-01,-1.507340074460797208e+00,1.182652030282674183e+00,-1.057578206417885358e+00,-1.034231168401053003e-01,3.207429183752668056e-01,2.020320873329700673e-01,-1.280603691580191883e-01,1.041523862446101373e-01,3.698883935561314007e-01,2.986036319033755770e-01,-5.111896612323990619e-01,-5.840400927621812732e-01,3.709814865546925966e-01,7.454913302488728188e-01,-5.788977462924346229e-01,4.356477397158578513e-01,9.948803048185356213e-01,-4.308620500463333225e-01,2.351764259184447592e-01,3.297947515599760626e-01,-7.827218851012234246e-01,4.210816009594546272e-01,-6.368291813545909341e-02,-8.182965268060901631e-02,5.421740909040494438e-01,-2.708181302742434515e-01,5.400991399306185325e-01,-7.184980024614666394e-02,-1.277288507316932942e-01
5.750080821250524998e-01,1.379906439226568304e+00,-1.383159262860367278e+00,8.425911547988813588e-01,5.044348173383020884e-01,5.563279338268735108e-01,6.235685276798330623e-01,-2.435417507305169538e-01,-6.396357487693127286e-01,-1.385422539945242448e-01,2.084041494994298971e-01,-3.172301710589234824e-01,-2.063613016029021974e-01,-1.191565398273447540e+00,-2.274242769481231718e-01,-2.331390448211005384e-01,-9.362702366045852487e-02,-4.272954369203034453e-02,-1.365287616609997534e-01,8.061199256608152508e-01,-1.692251781274627109e-01,1.249876020103880991e+00,-6.165060328461637734e-02,4.416266881171888592e-01,-3.489916503474178033e-01,-5.643016401359650658e-01,2.729882294852329916e-01,-1.666679441226942282e-01,6.780046153644720963e-01,5.018983631990089206e-02
1.615910466098216536e-01,8.156460799809508444e-01,-2.815205206280095851e-01,-1.326670893454427458e-01,5.918121278401557994e-01,1.032174179527248548e+00,1.624297691246504305e-01,-4.926806668280761525e-01,9.081260663000861877e-02,1.587397875737843189e-01,2.577480169244342201e-01,4.748336537987759565e-01,-6.207257300486146434e-01,5.379057674972466119e-01,-4.394511145256237428e-01,-6.264577413938726691e-01,2.453165794101998254e-01,3.176780399047909320e-01,6.647257491863985124e-02,1.774413032123322853e-01,-2.658926114829674933e-02,-6.886217720290507271e-01,2.677126077685698310e-02,1.352589959137261988e-01,-5.802922639402070121e-02,-2.760857096427032920e-01,-2.529471137794351288e-01,1.290369233849548158e-01,1.857280174968725939e-01,-1.700124152969665070e-01
-1.074366574027934673e+00,-5.690558792310165259e-01,1.121647747928070205e+00,-9.083552420787106563e-01,-1.331828959132740131e+00,-1.453773643458541320e-01,-5.261558113172052492e-02,1.021297943983125567e+00,-6.463912765328646559e-01,1.145058197277874612e+00,3.104311733277308472e-01,-1.966829150169085993e-01,-6.292533578470657640e-02,3.639849017552144739e-01,-2.407899830621634818e-02,4.274531944898591340e-01,6.800119876283008402e-01,4.637702739543280162e-01,8.442374968281293190e-01,-7.561101607632209065e-02,-2.210735069402207931e-01,-8.999644154965080745e-01,-4.655289493660986211e-01,-1.383437011117324422e-01,6.104320943719897252e-02,6.145266061013714420e-01,-6.056506750387282700e-01,-1.239148970719007592e-01,2.957113846082662367e-01,5.970649273995523032e-01
-4.601654251908442461e-01,3.796558589857902399e-01,-3.348151923493448145e-01,9.618378921642338764e-01,7.029832991301042666e-01,-1.204552373909138219e-01,-2.149086964471345063e-01,6.754660996269912232e-01,1.252233860118230103e-02,2.150918163224002644e-01,-2.562184305065373646e-01,6.729175855891629254e-01,-3.240864381934824290e-01,2.725323925877303766e-01,-2.297038367903760647e-01,-6.236072258441754945e-01,1.123066045093194787e-04,1.175179525666122604e+00,3.280728892923120976e-01,-1.228570440861463664e-01,2.251994567311277340e-01,-2.101966674001745292e-02,2.932261507986742496e-02,5.412788291019362541e-01,-1.089856829616214426e-02,-5.547913025169162182e-01,-9.177741328860118675e-02,1.175752692580108449e-01,1.962153422880204001e-01,-2.062400460360246657e-01
4.128722040609960620e-01,4.432705704785088741e-01,-6.880755534459862544e-01,1.173245924135697393e+00,1.172122661635896401e+00,-1.994988766123106105e-01,-1.469508968730948439e-01,9.909860494726929064e-03,4.101554903532466656e-01,8.658730768861111482e-01,-5.129697799552407345e-01,1.612019991206994352e-01,-3.633042204883377702e-01,4.124519081880451132e-01,-7.423696797537580050e-01,2.469379170560790093e-01,2.109115679001605792e-01,-5.806354360065528741e-01,-4.858338719740851880e-02,-1.333394441887679305e+00,2.744358749667138442e-01,-4.771294228219861155e-01,6.425842419046140508e-01,-5.275863292028432766e-02,-4.702698742547473110e-01,9.456010984137062092e-01,7.973145292888786928e-01,-2.843965367220076534e-01,1.698054696575426736e-02,-8.343185910376776926e-02
-8.521569172877190290e-01,-1.235455762316625350e+00,1.277768393058962060e+00,-5.929307961335201771e-01,-4.755916006158006359e-01,-2.514769035719842116e-01,2.208195748994656038e-01,-1.020211736202927266e+00,5.476970250796705519e-01,1.991136082569146815e-01,1.187687255754591997e-01,-4.091029589053470916e-01,-4.453588427473955183e-03,7.245298905050822080e-01,6.400744580515917992e-01,-1.509952732267434983e-01,6.723014443706178955e-01,9.499788729553862443e-02,1.691238733553363793e-01,-2.829168784102364387e-01,2.544264008401880273e-01,2.952547908934779475e-01,-4.896520474781260179e-01,9.288971517984009885e-02,2.696708390634662833e-01,-1.694927768955193648e-01,5.452489705534705466e-01,7.919543437173390821e-01,2.383289571237788562e-01,-4.019994563181016334e-01
6.260709278884962758e-01,-1.107822121912523494e+00,5.325254981479033978e-01,3.109379355426770686e-01,-9.833841505681906181e-01,-8.781089851502780208e-01,-3.721660018015857663e-01,1.851573849076818823e-01,3.225556970824240421e-01,7.264030282120741422e-01,-5.678160682715170937e-01,-1.941022652091648204e-01,1.635017683859942006e-01,1.894473260678988802e-01,-2.831468248808419741e-01,-1.849671183649004985e-02,1.842270130075782664e-01,1.495696515872684818e-01,-2.720212697904965116e-01,5.887514132611330053e-01,-1.331938013462755921e-01,2.828719430164840509e-01,-4.814804382121066761e-01,-3.106663206810048039e-01,-1.387589469789138677e-02,9.946235326436371482e-02,-2.893220567216842065e-01,-7.763953247349224540e-01,-1.262398458025575376e-01,4.031252015561639923e-01
2.222254346247851675e-01,5.269550705108992927e-01,-3.086906352918281637e-01,9.981220020379367730e-01,3.182187160447883523e-01,1.494410167080771068e-01,-2.879440286396395265e-01,-5.072822650192918559e-01,5.648227449214262563e-01,2.402523968463153303e-01,-4.457491974099200838e-01,-3.328803089068326226e-01,-4.034356272704134883e-01,-2.993820911579434668e-02,6.023557128439749331e-01,-4.019743206188471363e-01,2.004708344868515457e-01,2.981426099554077003e-01,1.527442758876839390e-01,-1.773570581871625473e-01,4.879402076644098751e-01,-2.291961609673808520e-01,7.204356969675498323e-01,-5.777300387867752018e-01,-4.241748293702397588e-01,-2.059337519316433718e-01,-6.018648273447307906e-01,4.605542654993784457e-01,-7.455600233781115027e-02,3.044171229886625807e-01
-3.610579880810462217e-01,1.729814970386030215e-01,7.421954505834859050e-01,3.053813888386543995e-01,3.698252377267707280e-01,8.528575198237023924e-01,-1.926207961621854425e-01,5.811738472279902590e-01,-3.475053338898194122e-01,2.494151638412482608e-01,-4.878682177031123945e-01,2.966495418943647655e-01,-2.990369071638594445e-01,-1.683039019473538123e-01,-4.618370562668356327e-01,-6.822199821646051099e-01,-1.081180699082946173e-01,-2.978477617823375168e-01,-5.138939164536406867e-01,5.755519407485024663e-01,-4.072103460128400632e-01,-4.076737422258425170e-01,4.989528094474086073e-01,4.576652607409131268e-01,1.787909550468960440e-01,1.893063744895685241e-01,2.505921496276323213e-01,-4.696854639745300791e-02,6.069161979355427450e-01,-5.672000613275641756e-01
-1.619681557994981480e+00,-1.030963267125223570e+00,1.948453383827457808e+00,-1.337857487314201732e+00,-1.573608242744676922e+00,-2.710255232624309354e-02,4.051017848359715345e-01,3.317875053343215530e-01,-3.544879136108724516e-01,1.416550399957813844e-01,7.594838240093221282e-01,2.008443326795454065e-01,3.867168510785614632e-01,1.901023391028349441e-01,-6.775326656806148762e-01,-2.440650505146494190e-02,7.926683534960538013e-01,-5.759535761069149995e-01,-5.002905273777971118e-01,3.366522226628927972e-01,5.808733107315103839e-01,1.042079606172343492e-01,8.396746735451832144e-01,3.626605838407074289e-01,3.704156041905984353e-01,-1.599953166168350746e-02,7.119459729330368525e-02,-1.555189385338786867e-01,6.013463388671657084e-01,4.440474383409360182e-01
9.800898126942934052e-01,6.684286021101091269e-01,-8.425891941138675678e-01,-1.694361510385379299e-01,-2.521653036074463783e-01,-2.388709663736373334e-01,3.708922655409678248e-01,3.915034242816381460e-01,2.655658491051176434e-02,-1.552976687903685482e-01,-4.247402929071943389e-01,3.381821365001701218e-02,-5.936812601213323770e-01,2.044582965711197742e-01,1.014967113287923439e+00,-8.348086700862035192e-01,-3.041351828021693349e-01,2.077133013816316320e-01,1.260291769909891169e-01,-4.005771196279391821e-01,2.647883721348509023e-01,3.337263223297922687e-01,4.262365759291175671e-01,-5.132119129984541450e-01,1.840011939713142586e-01,5.430693381026905353e-01,-6.113364480253262734e-01,4.566270616387740899e-01,-1.415704367655997165e-01,6.377045815086217484e-01
4.957387454933126492e-01,5.591225747949961633e-01,-9.719427094962270752e-01,1.816913248101822975e-01,1.307643266314978403e-02,-9.757398666217243291e-03,1.097825258561093975e-01,-3.370532406573426010e-01,-2.749777140974611900e-01,2.059810159920289485e-01,-5.328995923698714998e-01,1.524571451626252072e-01,2.305095920364649553e-01,1.626115001163279117e-01,-8.946184478253376149e-01,1.039456156430976080e-01,-5.732767063156418708e-01,3.104341269697464822e-01,2.689196118281842462e-01,-4.844175873174130231e-01,3.045732132326229094e-02,-8.292520529037331611e-01,-9.446538938566799437e-02,-4.781575577826759349e-01,5.496408571519311170e-01,6.583065191302052421e-02,6.571045824391183454e-02,4.635218115374011849e-01,3.193249494746501771e-01,-9.015590487114578944e-02
7.812707996752157324e-01,3.748938772688147902e-01,-6.220383810596690211e-01,7.028406733096191905e-01,1.530051244061771287e+00,1.704557380251148224e-01,9.026803592430004963e-01,1.934719795952052901e-01,-1.249711497262580684e+00,6.283992446323703740e-02,3.182868351327406420e-01,-4.086342360017777287e-01,-9.666634911952486364e-01,2.809671379829217774e-01,-5.280717423898253493e-01,-3.812944381435902641e-01,-2.105008600399776164e-01,-1.549714486669996442e-02,-7.412829323135226023e-01,2.042471224483032588e-01,2.173706954897670907e-01,5.730258573597313276e-01,-4.293385206101011931e-01,-2.627762423723017937e-01,3.300150089879693716e-01,2.111358310543090810e-01,-6.995483107981745885e-01,6.194227707917593362e-01,-1.973553123581816005e-01,3.206077741261049163e-01
-1.202233483119129753e-01,2.647507772309992680e-02,-5.920414694214198859e-01,-1.740327690732331178e-01,3.930981510894488995e-01,-5.782651930058840817e-01,-9.041210918224491799e-02,7.341737914417185706e-01,-4.669959602878404614e-01,-5.940904646000910727e-02,-6.886578876551818773e-02,3.967082384331591660e-01,-6.253160909522571531e-01,2.221609010766827652e-01,8.634650748034509160e-01,-2.159592751090771423e-01,-1.887846615457435540e-01,4.109651575071398555e-01,-1.903870820921958404e-02,-5.887090293491553661e-01,-6.998380186095987110e-02,3.095609774123935648e-02,-3.047270175728588049e-01,-3.345838802246232646e-01,-1.642844159809054849e-01,-8.214572243463250656e-01,-7.605087346285480665e-01,-3.419140026701619761e-01,2.212117174468772873e-01,1.658830715872562644e-01
7.845648331555729049e-01,6.616551219514995585e-01,-8.136987222509707296e-01,9.818730718937001001e-01,6.001154965968145127e-01,-4.772891204987007863e-02,6.732395790439017480e-01,-2.687281782396225283e-01,1.407801975122207894e-01,-1.180665114641300972e+00,1.211953661198406085e+00,2.038830609790840964e-01,9.016263632442911291e-02,5.735706175036734411e-01,-5.533534982184135087e-01,2.441076808069409243e-01,9.918985998169654872e-02,-6.257361241616566927e-01,-1.292419958304763528e-01,9.568756103775539687e-03,5.006138393824671740e-01,9.658218485664496478e-02,-3.307455654128587663e-01,4.439682069994057012e-01,-5.492815169957253607e-01,-9.222153866267480959e-02,8.029207827263940001e-02,3.998422877290780941e-01,-1.929699483110039193e-01,7.092951096281278067e-01
-7.533557860149994179e-01,-8.558003019818593016e-01,2.014718941350049919e-01,-9.652478821462757708e-01,-1.265562031312705615e+00,1.814716155932639685e-01,-3.400367814668489586e-01,-1.074064304001785264e-01,4.451512639989880782e-01,5.877197259023975162e-01,1.033229569678556087e-01,-3.648015776414155198e-01,-1.271834221076697524e-01,-2.280767162146017935e-01,-1.913815167033364878e-02,5.826575793688054672e-02,6.458751923409081774e-01,9.194792844625340744e-02,-6.285333882198917976e-01,2.106822514036399141e-01,4.815941484494797864e-01,8.774037428654879456e-01,2.676107628377759617e-01,3.548528626281835865e-03,6.354850873063606631e-01,-1.056904666168211326e+00,-5.319440581926470069e-01,1.439888787860317265e-01,-5.138236948743903076e-02,1.984759167156740500e-01
5.824254834540171233e-01,-6.115388652576214668e-01,1.162866426759864957e+00,-1.537173378562258108e+00,-3.206618095167921290e-01,-2.734458175365224175e-01,1.908594556695060729e-01,-4.131242495837974538e-01,4.150507721124138127e-01,-3.122468652689635582e-01,-5.081970128418595856e-01,-1.657562982903603988e-01,3.567529825424903267e-02,1.456542523196655350e-02,-4.979894901490221626e-01,-5.187732643056772730e-01,1.343553798945266164e-01,-2.586549690573292648e-01,-3.225851607679976474e-01,-2.939532611314701893e-01,-1.738025263329745218e-01,5.329731891554045919e-01,4.522540581850739705e-01,1.163303700122038098e+00,-1.351865801612156248e-01,4.548033062350672062e-01,-3.585795075379016872e-01,-4.195561790313098727e-01,5.398903826451111332e-01,-6.826726243439612193e-03
-9.724523217219508409e-01,-1.292631162010437595e+00,1.638475831452273823e+00,-2.149278496529100302e+00,-1.506940530466969630e+00,4.650720164064215539e-02,-3.243105588308032444e-02,4.013594381839137304e-01,5.111648825807736385e-01,-5.092264092417286836e-01,-5.916331961113602267e-01,8.339461874150781995e-01,-2.712657075081625901e-02,3.476311954825128114e-01,3.211747153430935531e-01,-2.898495141056921520e-01,-1.762203225347292179e-01,1.840234800209756549e-01,-5.739064722798926654e-01,1.833097325106230330e-02,-1.605005969175976044e-01,4.641154851757572919e-01,3.372654008768187217e-01,-4.961760641003377659e-01,-1.595636383876999076e-01,5.286851583094948070e-01,3.249605278543435394e-02,4.798248818507145907e-01,2.166797235926601339e-01,-3.979561444461358066e-01
-1.099966686993860021e+00,-2.128608377272741770e+00,1.793175852644492307e+00,-1.518480798167015422e+00,-1.341864683722789220e+00,4.684927167389018043e-01,-7.892764768130144937e-02,4.900432176200757162e-02,5.310377040134219712e-02,-1.236188320988157036e-01,-7.106172593740707200e-01,-5.039612538811504283e-01,-7.399270318214581747e-03,3.552409647519590430e-01,1.474388536140220640e-01,7.160545240469061712e-01,3.383425154282723724e-02,1.205630319949999724e-02,4.809959640898971989e-01,-7.920276621717408094e-01,1.884368910374797923e-01,7.414877928602464641e-01,-3.802386433428721069e-01,8.349879183193763266e-02,-5.240119384653157963e-01,-5.001931281455994638e-01,6.259020951889119333e-01,-3.317986078139295580e-01,6.530377621065165394e-01,1.952674490182189360e-01
5.873246490432039169e-01,7.110606524898841485e-01,3.790798082487645826e-01,-3.713906996789546611e-01,-5.416055855005278419e-01,2.352391089555601611e-01,-2.043710716005806283e-01,-3.372481422526239780e-02,-8.328605988548870576e-01,5.381295508505813327e-03,-4.923729512530588548e-01,5.856362587767277583e-01,-3.544428784178117464e-01,6.755081161468348694e-02,1.154853221104989169e-01,2.449002971421607444e-01,-3.762758855407409841e-01,5.053413117836346169e-01,5.061044978038271858e-02,-1.691632646387326855e-01,-5.480507403208655370e-01,4.708380894509457404e-01,-9.350727351144594302e-01,3.131465955282132230e-01,1.952378679847458776e-01,3.243203280991814319e-01,3.364265865514163845e-01,-7.313507127001044050e-02,-1.429801446772001050e-01,-2.199095947247917127e-01
-1.710438702408706435e-02,4.757628411303234106e-01,4.353976569291011511e-01,6.109800020954609945e-01,-5.774998962720906404e-01,-3.169218939369660148e-01,2.047612820459394078e-01,-3.519861457612802336e-01,-1.487609637710007593e-01,-3.468907194281849460e-01,2.980088329023057869e-01,-1.280883842021915409e-01,-6.530454029549189743e-01,4.106475270138838507e-01,-1.028274462875589657e-01,4.855654105040996954e-02,2.515943928206972324e-01,-4.542815118809609976e-01,2.152764375951580489e-01,-4.098380456977011588e-01,8.111308824076464141e-01,-3.013597679072721469e-01,5.795952506915569291e-01,-8.269164115193601283e-01,5.605036169993852235e-01,-5.803587166943652287e-01,4.713028551310667891e-01,1.100844940351682899e+00,-2.519607416761577845e-01,7.947773455261962772e-01
4.441079310914997080e-01,-5.748711592652601121e-01,6.249146345682006221e-01,-7.185403466722248278e-02,2.731581736135763050e-01,5.329981922504145597e-02,-4.035591522199170611e-01,-1.316498953480982337e-01,-4.372388161484281888e-01,-7.903987055305858322e-02,4.484848085521608851e-01,2.368554423407433496e-01,-1.693163684406223113e-01,-3.898082109046108745e-01,-2.971463651187256083e-01,-5.123137151891719032e-01,-1.504075228913726303e-01,4.577087593806791754e-01,3.831875377167699437e-01,-3.160495567551082630e-01,1.086471578941097249e+00,1.960066523003092809e-01,-2.896222619952356081e-01,6.089599412684560953e-01,-8.357208793223723509e-02,1.062951423322030242e-01,4.521801328788292440e-01,3.230365640334522115e-01,1.240130645476028359e+00,5.154779568256854239e-01
-1.106765776576070337e+00,-1.279141885732009820e+00,1.211727001916711455e+00,-6.888395618756969485e-01,-7.813802418394129035e-01,1.182456405197876148e-01,-6.062108001578748739e-01,-1.185008086213924228e-01,-5.696064503280265923e-01,6.596142001532565025e-02,-4.540241192009260018e-01,-4.540998745657493646e-02,-2.271190601376101015e-01,3.705445906737129813e-01,2.759795107370327516e-01,2.665023806378880034e-01,5.539346119616340713e-01,1.015264148431810481e-01,8.252207234315073192e-02,5.976831792508343622e-01,7.047695182584707840e-01,-3.891788809940476823e-01,-5.928532094680799558e-01,-1.464124869011743379e-01,-4.792653795900347902e-01,-7.517316318195637059e-01,-1.807265207889663106e-01,5.136721453826123551e-02,4.560965123033723922e-01,-5.554025609678751030e-01
1.003879162436173811e+00,7.757785360573905553e-01,-1.041080791654797055e+00,1.294957322768686803e+00,1.322867947694555291e+00,5.874455121452090353e-03,-7.737679064586318323e-02,3.012490982110113125e-01,-7.936302867869721167e-02,8.001859234662575537e-02,8.923265456974555088e-03,2.290834631327264281e-01,-2.196497923760709625e-01,-2.892886606217128787e-01,6.819502337948683823e-02,-2.528842992152756652e-01,1.408003591237447574e-02,5.700804715689135327e-02,1.140073184937920314e-01,-5.129587261330778580e-02,1.056665795377624395e+00,2.963948728318143155e-01,9.091237906191285134e-02,5.846803011457940569e-01,2.904999702532783945e-01,7.133755728586602674e-01,-1.363056999428199911e-01,8.496831820085818388e-01,3.383480386855112210e-01,-2.353578366930970389e-01
-6.392510602792667029e-01,-2.315051346253508280e-01,6.855052291394672093e-01,-9.557211041371163063e-01,-7.135000818101518982e-01,6.210148885291678633e-01,5.835023845139673815e-02,-6.227107126937077020e-01,-5.994359907896825573e-02,-7.889240905138229509e-01,1.577658254302842233e-01,-4.131999107877592503e-01,-4.836424398098554400e-02,4.308613469200583967e-01,-3.517169014445007957e-01,-4.970912583170335464e-01,-1.958497983433704070e-01,-2.624375079856762841e-02,-2.126852470952408369e-01,1.795758799673187189e-01,-7.391131684152502102e-01,6.895298657064856673e-01,7.907795587158490402e-01,-4.699557452579789518e-01,-1.021270787532458091e-01,-1.399078680729512747e-01,2.175680788363138288e-02,-7.814461819037511470e-01,1.103647891826365496e-01,5.113253726403456101e-01
-7.058554643407035645e-01,-3.778810525419148414e-01,9.159032265407140994e-01,-8.425985562620338376e-01,-4.224443263207222632e-02,-3.408594991468816282e-01,-2.186651548599463368e-01,-1.425146533870651766e-01,9.504268868341251286e-01,-3.479949229754248918e-01,-3.257322837533376259e-01,1.212327726001939665e-01,-5.030562454861962074e-01,-6.142373491528505536e-01,4.919693547824803281e-01,4.797521654211778230e-01,-2.987887311550647129e-01,-3.169421568436429082e-01,-1.234100688842821869e-01,-6.308452671253891308e-01,2.238032723399840385e-01,9.048301896229360430e-02,-5.974099985846343941e-01,4.642052993596309518e-01,-4.585561072193037879e-01,-1.663887243467353505e-01,-2.028286176478867886e-01,4.150023366491047416e-01,5.281642318951885740e-01,2.731113892136716181e-02
8.947151338919419050e-01,1.911905882710039362e-01,-3.510115229404844328e-01,1.490209915112521877e+00,3.550494628032193623e-01,1.816834126279031070e-01,1.657336724828943619e-01,3.499194740076355670e-01,-2.920939801831992644e-01,1.997223694117088166e-01,1.255312681384030959e-01,-1.357997023705800110e+00,4.343516522630986310e-01,4.316957439459522261e-01,5.116544619717036113e-01,4.243330744951466227e-01,-6.600536996610005813e-01,4.706807976496446555e-02,6.026976912459788283e-01,3.652200763917724524e-01,3.443591252676879710e-01,3.156810470244724720e-01,8.881290532952915706e-01,-4.145174226994120525e-01,5.512613018580870827e-01,-5.994752615549050478e-01,-1.706979310093908464e-01,-4.833074459796446454e-01,-2.880931758894649808e-01,-1.373049085555235749e-01
-4.683511227330219295e-01,-2.755071077154768178e-01,-8.305011457716973688e-02,-3.512960939501951207e-01,-7.108435895404516258e-02,3.121638189784821660e-01,3.603893533836378116e-01,-2.598081933075854777e-01,-7.282970615743979137e-02,-8.582703856182657409e-01,-5.711884248295004962e-01,-1.775157337674152791e-01,-1.340166068394516852e-01,7.061732242481143507e-01,-5.537462966082054017e-01,-6.027046916525921061e-01,3.586453341229237091e-01,2.766007782631527134e-01,-1.204418502296480536e-01,-1.112605522246121886e-01,1.075434454879701292e-03,-2.442072414740372455e-01,-6.752316188460643076e-01,-3.382160418458863838e-01,2.626162399221196875e-01,-1.315521539426141653e-02,-7.267270646880219509e-02,3.428767825754409637e-01,5.254122845549956677e-01,-3.695488318608384226e-01
-1.059832494184149265e+00,-7.478037447714391828e-02,5.830424285547859409e-01,-1.495164770921915132e+00,-1.223437603983035249e+00,4.844780113845923442e-01,-4.620478132658184522e-01,-3.855404617539764378e-01,-6.596003384374711231e-01,8.633857765606551826e-01,8.686733483099363939e-02,3.162049068883103758e-04,-1.845739976061868681e-01,-4.324269054905415799e-01,2.078337852227102323e-02,3.082069962331586144e-01,-1.749090717430854813e-01,4.184241990370788922e-01,-3.521073266853516626e-01,-2.369354489996536861e-01,1.028588502926015835e-01,-4.590244710559488461e-01,-2.633417944324870086e-01,-3.916973543325710239e-01,2.263683092827809551e-01,-4.905383882143543595e-01,5.364502743297149268e-01,-7.518425683432711226e-02,-3.116476019677156817e-01,3.695257959512925350e-01
1.068011343192207363e+00,-6.155220129120914097e-02,1.692459792857540224e-01,-6.322466089241655929e-02,-3.261358067927118132e-01,-6.029410346066270687e-01,-5.161618542089233541e-01,9.258312686146479287e-01,5.162431729035185102e-01,-2.301294990519992534e-01,2.472115391576335669e-02,3.631969741959980569e-01,-4.793406058063785502e-01,-4.889174075741033465e-01,3.585713015804150028e-01,-3.325868543244943631e-01,6.365726370279430890e-01,7.561989901823375215e-02,1.347264045195665505e-01,-1.388256978475050918e-01,-4.917019599700645505e-01,-4.822834466974450923e-02,-3.894167426495796502e-01,-4.964528612413741104e-01,-6.374648981960693295e-01,-5.459236172611022786e-01,6.854766521060270401e-01,-4.488641818926480259e-03,-3.978878642909997598e-01,-8.000136735354683726e-01
-1.621486134272505542e+00,-1.574929475087717190e+00,2.049673233814615081e-01,-7.564906452471408249e-01,-3.072874101784570655e-01,3.547774034028027823e-01,5.519181763739285929e-01,5.766581372160897168e-01,4.940929349435924101e-02,-8.037441586030467933e-02,1.386848321848752619e-01,-3.391031489547352007e-01,-1.267728129338037690e-01,3.887807445594892441e-01,-1.252515251105683347e-01,2.405430178106179595e-01,2.198925977345458915e-01,5.259075381071974531e-02,-3.498405578651767600e-01,-3.693616742661998686e-01,2.060960507732430558e-01,-1.909925046222724632e-01,-3.749463682395949293e-01,-1.573434551853942487e-01,-4.297503897934518147e-01,2.337939321713218555e-01,3.665955075207493752e-01,5.381966594379253843e-01,4.578204892161011341e-01,-1.848153374937545612e-01
-8.828722565916088394e-01,-1.129962079225723670e+00,8.536377744751976193e-01,-1.015880764344368359e+00,-8.905352576091194461e-01,5.537790037575015395e-02,-9.977033684450457851e-02,1.473897585458102399e-01,-1.018799177436394476e+00,3.949808346883498800e-01,2.697824658726594160e-01,3.211955713559361270e-01,-3.256926648166325045e-01,4.166714716182919054e-02,-4.088473416926151627e-01,7.596888576633835655e-01,2.641334049102932457e-01,3.162263846027720815e-01,-3.026043926491970562e-04,-4.661857585236379720e-01,5.819946868156978814e-01,1.234109267471026561e+00,-5.915312305604525367e-01,-4.618311986930833668e-01,2.253767679178622640e-01,1.971928215563409914e-01,1.364485018534749017e-01,-4.398225703187116920e-02,-1.180619933503737340e-01,5.019581250290147123e-01
