0.3586230946123437,-1.7065180515066793,-0.9282531279223319,0.2648451982372534,0.24997138759971416,0.5814810400666235,0.8790015509242181,0.8755041318264097,-0.019404688499908507,-0.4298959783365117,-0.7146508694635453,1.0295696862798136,0.42762407293049154,0.6095125054514778,-0.6446292171881884,0.935332145499467,-0.3761640719940614,-1.4968478511084176,-0.4222045882774089,-0.745728086550883,0.2703914202049878,-0.678208484502617,0.16313916032919268,1.0972998736968294,-0.9234313397447789,-0.4605965587996666,-0.7937194332056271,-0.3833152740647355,-0.1257521072967537,-0.752739547887184,0.07674678159673927,-0.20101585311820744,-0.09869855894056512,0.9631052839171291,-0.015567875757011145,0.23157542694268085,-0.29329290328203395,-0.04273295361980888,-0.2126832373713734,0.18067453441491554,0.18089166528037356,-0.11926672874252535,0.182765655147061,-0.07499839674834463,0.028236202407529783,-0.3484526974790494,1.0039383685213403,-0.7742112109484116,-0.08693218203054683,0.5696738859854763,1.1463833813346984,-0.02700657886452362,-0.02015194516849586,0.9337241074982225,0.16429139046029934,0.2971063374752321,0.15169664235287605,0.11563792313282276,-0.14424292679534867,-0.6900926097053793,0.24494330364725259,0.30787018793078647,0.7555362234663598,0.661754750162533,-0.5893762055760763,0.5247629313696277,0.6551072530806225,0.2542704495095278,-0.40668577232903336,-1.3169562445804428,0.0534131120550692,-0.9621072451174776,0.16308165301769115,0.24211510902450475,-0.4173990055964137,-0.10955202368462659,0.2176650571981905,-0.43899967473607016,0.40467848439477766,0.25370929208880233,0.4501554193484973,0.44804598423924125,-0.24161430008841625,0.3245692047276991,-0.028909701665638818,-0.1407757288683817,-0.037088629449747716,-0.36211792086980066,0.2100158342262995,0.0645273617567344,0.25168484790317186,-0.39762564294414887,0.45001001169640853,0.545154886116907,-0.405735310743516,0.0187169916864804,0.03588251268039267,0.18319350063878267,-0.16108747489030145,0.3863960636110366
-0.7394465473264878,0.42662932550865634,-0.46775028454161327,-0.484871619029651,-0.5926063087811262,-1.340003066348996,-0.49644836523429725,-0.44772536778212213,1.2748414528879535,0.9819406394798631,1.0076104284100094,-1.1738441322893653,-0.8527376986448295,-0.21482638546333932,0.8551724565238661,-0.6981418569677149,0.35355062530907927,0.9008766217923775,0.6287525037492352,0.2931937784583444,-0.24801370528194394,0.3291233712429144,-0.17424317986775711,0.1916374962491673,-0.16402461242522007,0.7637021107311808,-0.9236253794391212,-0.04556989155913843,-0.48389805956588977,-0.11649660892171176,-0.17465008749311609,-0.04895719158929584,-0.0856750142334752,-0.15411012125885495,-0.33278747316598833,-0.2447626904464739,0.33705726850285456,0.31335550280352337,0.21211822439937703,0.0602776688020625,-0.7215413504171095,-0.9374982579955329,-0.98602240766557,0.12813179851537357,-0.2567847802727297,0.13148014163267313,-0.03615573041889134,0.6417326826374403,0.21709172433760454,0.6279261674555864,0.5826509081658039,-0.22671274729315338,0.5394773951754936,-0.8692639161681612,0.3622358244600794,-0.5831786715130156,0.26221736055228795,-0.5473356287570631,0.7085415573701759,0.5181408800936632,0.10809817047012127,0.42603287137621887,0.43091588855632956,0.45943543525747876,0.6533191932461648,-0.7984701570277498,-0.34022822607826375,-0.08162948218025916,0.6119244338085507,0.09204771694321129,-0.1834007537128837,-0.2531796831264239,0.25816636844214397,0.13154984243408585,0.2282037063510069,-0.15450079604784497,-0.045637172214516054,-0.6004312743002133,0.3634887933033668,-0.1872275496977174,-0.03683837778346703,0.28740789958309315,-0.796468962642549,-0.3000945291384968,-0.3355439364607337,0.3492823494207329,-0.02954357135787395,-1.0183227519738383,-0.45579141786107136,-0.04132967706537062,0.6785026353684727,-0.26587728721142273,-0.8806704257937056,-0.7443509520028394,-0.5168385014011384,-0.14198196909017588,0.25836423668979336,0.1920089695346924,-0.38691713199608924,0.1924477467925691
0.41402913997168256,-0.036618185834000117,-0.14762714892993872,0.5573660497977981,0.7180926147759681,-0.3384527152244834,1.3696344996095215,0.7020669386130999,-0.802864671447999,-0.5400052743171099,-1.0070490118147273,0.31718918693971776,0.6343519448183027,0.9266026488249803,-1.4156442661373048,0.9637191874683231,-0.9863697543431054,-1.4806930030136147,-0.5615843753298915,-0.8212773422056058,0.31420397134834394,0.001858122691376824,0.22963709033584973,0.24959900859793024,0.6328276064912837,-0.9427058005687075,0.07516005649876406,0.18931033847046808,-0.00499550068539759,-0.3689649523988593,-0.10925184968085946,0.3259079582764561,0.2275749557044655,0.3980514843058833,-0.46756876373996653,0.132783995210946,0.16399972576166985,-0.5429099581203084,-0.6308449478367215,-0.5797654100463839,-0.15969892521675655,0.12970828327634076,0.3313282357181996,0.43820333242099707,0.23510192006641925,0.4345027310351213,0.19185773339512732,0.16970395533869922,0.13966605096260357,0.38810569447683385,0.3929799101031948,-0.22920722551398592,-0.5703684565939637,0.23740368049518012,-0.07910977036929198,-0.21876231215298306,-0.2331200938378864,-0.452499834146547,0.4941079072530176,-0.5425087144351207,-0.3367759725113177,-0.03339053866857359,-1.0828817975969007,0.043915654017215366,-0.9227318157635769,0.14529467173759084,-0.15032124046966372,-0.09706441212420017,0.5592910135569867,-0.3908173881418173,0.438826252276543,0.05122948167152732,-0.04474844153820472,0.49652660666643006,-0.31551130183106535,0.3160462193590658,-0.16591431517372,0.9453204120002588,0.14294115764048618,0.045399500250380705,0.07955638569553691,-0.3682337300292736,0.6830368504273403,-0.1989081398437711,0.4340027333071454,0.2975497138568741,-0.050413769914151106,-0.35541884332315393,-0.5209082535978319,0.22125878064302448,-0.3925176176408732,-0.055453858809466836,-0.07482876284453162,-0.3497143685791309,0.5928710207734831,0.32074449908728614,-0.3167562664902643,0.07697040697876002,0.3970702320175322,0.07253687776759046
-0.15838549288268133,-0.5224314835181793,-0.09581867514082737,0.2624192642259204,0.5044838415622876,0.620737602243548,0.7019403698329952,0.474212587446858,-1.142850052558265,-0.3021890518290223,-0.9864056424744336,0.3703456609718337,-0.030716434025181427,0.6584048264082552,0.24865129351459125,0.6451705277461275,-0.4572414199031391,-0.5001996428216557,-0.46922281695625634,-0.48412298183938945,-0.02036034273037975,-0.32876619448539546,0.23040921781615378,0.01403655024938759,0.20041391257134594,0.2779218059250603,0.7023932006146097,0.4067005276843788,-0.48906620118418453,-0.46696173688591663,-0.4830090513595575,0.17302681970063788,-0.1558960813691376,0.148398442704997,-0.5866820889992629,-0.21265701118509397,-0.8268811876608751,-0.43634238828480215,0.15311647769941097,-0.13727374524762012,0.031540645506753374,0.7943111984085818,-0.5380086658564146,0.4285327478307909,-0.47251354312694926,-0.2720848858902005,0.04189957602578053,0.5085608909438925,-0.5085592148976357,-0.4041296381110139,-0.5520833071738818,-0.3222632441376661,0.11700075420407183,-0.004843314003548959,0.10274326698820418,-0.4822672499013849,-0.3101499241948448,-0.38324355855390413,-0.35325949246821475,-0.5164433944259267,0.06081962668024263,-0.7145609621882413,1.1058560023410113,0.4304671706291747,0.24044136389709628,0.7075355143891727,0.1348164282075033,-0.2778168779356016,-0.2166451478460135,0.44181091996339716,0.5685767669314874,0.4498340566776975,-0.09097212079293249,0.4237072954518071,-0.22595439292238914,-0.1302031815816084,-0.6207408447315439,0.3032608563803733,0.18953198419238346,-0.30741155292269234,-0.5022824348630558,0.18016919789759683,-0.18298638690545763,0.4046445205562821,0.14924430906951286,-0.26124722887062235,-0.21347207628179535,0.22844571161005475,-0.11801709365195648,-1.6440877466603894,0.5824431834673114,0.23962677411998842,-0.14458443027246337,-0.10380174432378331,-0.3610137974787019,-0.3386015245771564,0.6563668416625082,0.6277880804970847,0.2427785155564461,-0.37634138439724
-1.9765695734901243,1.0617419832311301,0.8555368113367819,-1.449904513211007,-1.0738730890663466,-1.6650429652914054,-1.3931837578084962,-1.2225547444781342,0.8028505369254135,0.9321537080155538,1.2445180580054407,-1.3447688204178285,-0.7194341020426528,-2.164614210623939,0.3877650247769975,-1.596367548766998,1.7459951070989927,1.6846537318175172,1.9359601982205612,0.8734822693882257,-0.6124512956946467,-0.30185470906292594,-0.009595201533678531,-0.5063992275083538,0.3897873869942944,0.45752979107106007,0.4204997963013357,-0.5591059156391706,0.0023156987397031812,0.8432622059598218,-0.645985130810951,-0.07621648823960556,-0.8003913581999974,0.9962727970066374,0.8347982402028593,0.6498299568452515,0.5819587862414973,0.5604030961814411,-0.1600503430326043,-0.021709300449537998,-0.47498329781349613,-0.09190513421407435,0.08428358247398561,0.46832745272760146,0.14491933958895772,3.752230268567597e-05,-0.46311595901941977,0.003763844603155051,-0.01224930076856799,0.14577311176044747,-0.020515608589300485,-0.35166230125797066,0.6531611828867226,-0.0004032336186394195,0.7801584122338567,-0.6200289628362342,-0.05019360190470265,0.06748897455060167,0.24449274747054844,0.058411203616550264,0.27175171623618843,0.6107458579700243,0.6450950383883679,0.0010703631025018783,0.3195698089483816,0.34411669581380017,0.3794684581947217,0.045084480768137716,0.12862754322723083,-0.9223013891401296,-0.3593973840297988,0.16534547172573782,-0.6429882845427092,0.38051407695909967,-0.4590476766770474,0.6249977531828522,-0.32072327816351,-0.26614727176169356,-0.3877660000446711,-0.6768344675986229,0.6024326481312424,-0.2442759038427637,-0.8047759514200561,0.5464521360575673,-0.2077749669215213,-0.09488067506859209,-0.10345071186415357,0.20655488024066718,0.25623123141047194,-0.41336388324704754,-0.1123553393870006,-0.3523877973204767,-0.04250401356670952,-0.04810169652292966,0.39289734670558846,0.5031767008083797,0.3382453953513002,-0.38038879007519655,0.5879445784090974,0.09780828329799131
0.4207340006059639,-1.054619292688262,-1.3020715059231611,0.45123761762625114,0.9985985748386307,0.28666014746174195,0.6665184735864695,0.8236553198576152,-1.4900893895695555,-1.4312116235474788,-0.5831940013098081,0.3369004516827069,1.154039395596722,0.19792080206013307,-0.804994840198511,0.9062032529071652,-0.8290855375620045,-1.3180353906216808,-1.337887026278662,-0.9523757112804468,-0.43774104944290476,-0.17133950636407042,-0.5869612944756931,-0.25986206557061164,-0.14708037367563387,0.6087113852304202,0.021643149255074053,-0.3442214908670143,0.49236953662007277,0.05890476982136403,-0.5258591772554303,0.6702089683706934,0.24196544950350893,0.74843403652084,-0.023469124782742934,-0.324005707575367,0.4840348765142766,0.7166409606363595,-0.028034003353722328,0.24676991648685,-0.18858538542914058,0.11458438795844061,0.03331107949952241,0.019510927757019958,0.6106433794272473,-0.24979865899717363,-0.5375507481385352,0.30613112283620747,-0.3483970422127245,0.49484010749071233,0.5374979836734759,0.4675456823436763,0.5208802034482453,0.007773141867708272,-0.004725736729539634,0.13262780558751433,0.0020384608113921975,0.29334700237089506,-0.15484012990069126,0.4649460952248419,-0.06619982851780483,-0.27163210249055747,0.016717940599201824,0.279065890411105,-0.7862816815463033,-1.1175254515981348,-0.2955004641988859,0.731954867870893,0.12300549774175379,-0.2270462751902841,-0.6991692530363967,0.20702312492590702,0.5694983451247607,-0.33350850674937593,-0.2153532761443408,-0.35601075779318436,0.5693219808652007,-0.7700298505576584,-0.3881250498303485,0.1971053627201647,-0.30648799648912406,-0.26340450164313106,-0.48718088764452366,-0.16675988526242091,0.25669346584226244,0.24180381866907788,-0.23751381582657174,0.0735257419840444,-0.06567694464896619,-0.12725711252425123,-0.1002819508103742,0.21984278113409242,-0.015359981994147436,-0.6160441211949447,-0.08952228482616537,0.298347501708705,-0.35442391679208235,0.4643020323186913,0.003965429323116898,0.18633716009959192
1.496494963711708,-0.03717359205329429,-1.1933947785916228,0.7966898698707257,-0.14308376025123426,1.4922787189006717,0.34174406927056106,-0.035143751197278306,-0.9230338458839797,-0.3368539798982595,-0.19353334221690388,0.3565113519014752,0.49896436676808054,1.0413309138960745,-0.5676495968765043,-0.037530719690831105,-1.0388288576071036,-0.10685075505051478,-0.12914392518753998,-1.4325583234628891,1.119376181145779,-0.4523819216330992,-0.2529572288930507,0.5210754721443897,0.43001418161306676,0.03423198625506202,1.2976141816864684,-0.3175482708062631,-0.6214980197989282,0.14241192943935616,-0.07731560709589096,-0.14667178455224422,-0.2711295392392675,1.4969225226417489,-0.22169560902747315,0.4483431358870423,-0.11228831853886193,-0.469778282353312,-0.3050024266594253,-0.03568193364610583,0.42526176744617405,-0.5677323424927454,0.27079928425425653,0.2908378162277044,0.5534373542247706,1.7449762829799127,-0.389989968806499,0.18101336288605882,-0.19302773067199858,-0.8346645014832067,-0.9589636651998829,-0.5251390960347107,-0.3555947680229939,0.7591925794884896,1.0894973141554334,-0.14875596689270723,0.31615069190596984,-0.306110495833839,0.9707086777712104,-0.011324394638506641,0.5448360049244518,-0.3807503351569505,0.10289185434028782,-0.6160124941886123,-0.6659659922771893,0.020797880708684064,0.1492620293283217,0.509331810884397,-0.28615141154598567,-0.2610521601292939,-0.2854863771203891,0.41282331619880863,0.5478138837037607,0.15895695396482404,-0.5788494927815807,-0.2289756589000689,0.2879847950241469,-0.0519886937083438,-0.19689340706304606,0.38204477722415064,-0.44813043633839,0.42841146865594426,-0.08976150759940961,-0.4055056140726551,-0.2898222504137461,0.42311535113791665,0.8626195492635405,0.22007509232492514,-0.18610455289205008,-0.4584755338244396,-0.3087420022617734,-0.46602367701428177,-0.008334448186322979,0.26468250234827406,0.4226670058030243,0.2658941058359577,-0.013177697777897226,0.9980651310970887,-0.16068518599876802,-0.3330099115758242
-0.4715416219395816,0.4861525395059982,0.7429161981985675,-0.7833675177094459,-0.65026623964218,-0.46951005499418585,-0.38818813329796653,-0.6613026158698683,9.453774881917898e-05,0.20823427011471554,-0.18032148459756625,-0.5857486689288334,-0.41739210102376834,-0.9711321634269314,0.8230698416700585,-0.6879012214179664,0.4533482234704453,0.3138371304105212,0.5468195607386331,0.6508463174013397,0.4971750285986285,-0.49644280203581304,0.19623576246564878,-0.29068797021889736,-0.02913889752963186,-0.007574295985809867,-0.7380315725669236,-0.581040029673151,0.5260594628730418,-0.4271325366052017,-0.6036829171927898,0.637337829908551,-0.3377235822854093,-0.3564983065217027,0.11564920589686388,0.05913835270711053,0.21925977491372026,-0.4944305982990122,-0.01173936712364756,-0.07779889667517369,0.22748888172061874,0.005929658291918881,-0.125334695693893,0.21068730636735125,0.7159588804588606,-0.5738441077364782,0.39288918574549225,-0.3279790018730805,-0.5688198413920965,-0.6651056360725904,-0.43620272422386885,0.21328811099488465,0.5856927492220135,0.09244217437040839,-0.4589485578959327,-0.06417731460438195,-0.2519270815060472,-0.014324144052559619,-0.38027480172875777,-0.2445108171376067,1.029650718195107,-0.2905928096539345,-0.3536396560674608,-0.038951798714650404,-0.006435895490837605,-0.07700811763556506,-0.6647893038920493,0.9786103195946685,-0.6305571106569513,-0.5218078138614453,-0.29629576099418836,0.6211481621210794,-0.307456206730429,-0.055369212809569385,-0.2585283308960965,0.25740248386800985,0.25772760358182956,0.17137576206450686,0.16673145777606294,0.028711954019465476,0.4362767313213728,-0.8402607017830168,0.33177751082277757,-0.7197951210577793,-0.9409371371585558,0.16443924191746517,0.2924443652957345,0.07467523798618693,-0.43439659127674973,-0.4112051921746296,-0.7817968804057239,0.08127038110136038,-1.1903636744767807,-0.7231723963058206,-0.057315591892724525,0.6100383006071378,-0.6585999994926113,0.7739108099527978,0.21888752032390182,-0.5439739693119741
-0.09556476873010436,-0.2195612871981964,0.49681973591406625,0.42149519500181104,0.11188812605900655,-0.2081051821844665,-0.6360732407163141,0.3759962262630463,-0.4032228103507124,0.28979065495524153,0.06355553712248167,-0.03379495096067461,-0.09761270382860346,-0.7874845858133243,-0.8182570944897315,0.019334815321527928,-0.5221682125649167,0.19014628730800315,0.4925027648685646,-0.4121797426194325,-0.24148155719141715,-0.26147163316179234,0.26220046905884853,-0.3450036553514982,-0.3851621008739481,-0.4473859426840663,0.28940259121789924,-0.24614480736078978,0.04982620225102057,0.8443083334509064,-0.18033236175919765,0.5361852825617321,0.20847455535102855,-0.12783012972364158,0.7491736790553679,0.45345837939190475,0.522933762440437,-0.1425799560801477,-0.3490068825104093,0.31515321288183124,0.2764647714409308,-0.05335668078933541,-0.350903668548118,-0.13881227430744095,0.0413627968492478,0.9862241134010549,0.08557931156484437,-0.5739592571907084,-0.2503818496907389,0.019733108252762338,-0.26494934666726305,0.3449565261674425,-0.21787489605160193,0.9783922282068442,0.027411002446537845,0.1909874984090009,-0.16101764085343614,-0.03484640897140135,1.0396631778006573,0.17062430209672327,-0.24234617630489616,0.054349743817591924,-0.4207305752330258,-0.32353980464552895,-0.4748128782704755,0.5170984604901598,0.09826325720608407,-0.3216027208329576,-0.28848011261818163,-0.6306764002778862,-0.07058558927830502,0.01803935430723401,0.5540676853319139,0.13629115412916992,0.045389522138235223,0.15858018989368802,0.2791467923654183,-0.4070739355858838,-0.07626977437028142,0.24197786726795145,-0.16351859496098342,0.34443172064894156,-0.14951626884337532,-0.7159984805734428,0.13631967734703018,0.08691095573102918,-0.3513656776676332,0.10910539668571494,0.13106418679611156,-0.351277925922483,0.23264506509140256,-0.044176994884562115,0.02737847479537463,0.04773219050825228,0.35526230137083703,-0.5492781115042724,-0.23920050222409903,0.4279330498159224,0.30467778303941073,0.9912711502527136
1.3213492142319767,-1.6154180849781574,-1.39619925041055,1.417703176970942,0.8934687169713222,0.8200274367139798,1.5239692537119924,1.1145314229081353,-0.5716656084501007,-1.2826246821899907,-1.2106503576223933,1.0864922572168918,0.3768623169537687,0.5432322914332764,-1.0671892445575983,0.5985953047122615,-1.0298730531966096,-0.9641021774029193,-0.8026265029325121,-1.0282921552938138,-0.020457297350144073,0.05834291048442139,1.076179864006661,-0.5058084312617618,-0.2787194881968243,-0.5564291116074263,0.5761523161842415,-0.5718013545301576,0.49155946483443586,0.2424867580886318,0.4002117911406723,-0.06817027031698965,0.016640429491313453,0.22462779143966113,-0.7407898741425898,0.09982397415980714,-0.019377639924147233,-0.3486818546711053,-0.11768392144790227,-0.07291024539958257,0.30630381358955533,0.44499988388901973,0.657763461700574,0.5626969264937611,-0.056601241973057485,0.6651817440830641,-0.4153273563063873,-0.22285679577318687,-0.21778821670074963,0.7852345790164247,-0.21158516020424217,0.1795462966692359,0.2500074426837855,1.0312862332675765,0.16556529299999195,-0.028789903244664784,0.009199575247060013,-0.05279335924317386,-0.34247418670824786,-0.06901851557449742,-0.5364137634716295,-0.23516877191787566,-0.3548756343683938,0.1928520142508341,-0.04654766537877342,0.43250996653973695,-0.22595024720072288,0.20738491315879726,0.20527460796194763,-0.15025480290837145,0.2154065441064935,-1.0563245818675087,-0.015157568494907616,-0.4885930734807341,-0.6132175844316168,0.41851062822285107,0.4588312302570679,0.16027271175015934,-0.5349197098954972,-0.6020749476145794,-0.1749709033116458,-0.6375395484391788,-0.2830681317013502,0.46583254854149386,0.08503540291585669,0.1938364725722616,-0.08609999670838976,0.008491570511517898,-0.28809234983535204,-0.15967363981604907,-0.180593122142272,0.015687631393383732,-1.0153088423296277,-0.7978767607775337,-0.10752991175518217,0.14872433000415808,0.37092933160264024,0.21656969571601792,-0.4488299256393545,0.3058164396054507
-2.6988040203712185,2.093438977123725,1.8972097014389433,-2.642911402154048,-1.9407871796769645,-1.8770234223343754,-1.6779466731141963,-2.081695486223302,1.4445884003960583,2.415456996813821,1.8163528046007977,-1.689392694470857,-1.2466472624330507,-2.2933098438995962,2.3011291529862365,-1.5096574373452558,2.710966289371889,1.8407154647312627,2.1682375005180625,1.5861485815612522,-0.21236439384746558,-0.6942102181817614,-0.17240198074786248,-0.503096978098574,-0.46141576077778634,0.2238483878695168,-0.25658408944502775,0.2713343892082563,0.09518483223372626,-0.20284762255504785,-0.8391603837291237,0.5721038000097023,-0.4257308675079863,-0.11505685278047845,-0.47209036189159936,-0.1937612593513278,-0.27883371319040784,0.15522322866757032,0.43920417204384493,0.09885220884170964,-0.115899936030618,-0.5134459738908399,0.15046780917246433,0.3772569779772072,0.3059025980839265,0.08929520578549298,-0.03519378885005201,0.23988257729823884,-0.03664158172049238,0.1232615048300594,0.8206363449453005,-0.34697352565887785,-0.5212663291237237,-0.6628107011659101,-0.02286883427670067,-0.05401940040760604,-0.030606614555744274,0.3140439946672859,-0.23232187953895464,0.04175695771398075,0.3004136437567843,-0.1052579558554832,0.24356428142441847,-0.30658230246792645,0.18871717401893526,0.9321306696826321,0.1485893433173789,-0.6540008799569172,0.4652784167519475,0.487526485802311,-0.08998833560037263,-0.68801767448875,-0.038991174379284683,-0.24383812607213243,-0.30957549024346165,0.22301721203060737,-0.6325866129414683,0.09179111641245173,0.6329089080800142,-0.5303865811264171,-0.22780990862490252,-0.0035391168296312592,0.790546738853134,0.16675761583454965,-0.6666438919791446,-0.20899937144366085,-0.3760251818338983,1.0363067390311975,-0.13865547989284321,0.06794074295651864,-0.1291513378710785,-0.581784690366579,-0.5731789880964714,0.14667714672647175,0.11354501282048178,-0.02394002750999554,0.2858014289116734,-0.04073941209919294,0.5787339393838625,0.8497717157520982
-0.3495256792633265,-0.26262307910171956,-0.034625753030733175,1.0798028839293552,0.8000137202410053,0.8980074815479435,-0.1366346362576823,0.26242089449267003,-0.2078856146143935,0.060631712378704586,0.45356579880405146,0.3498425622316642,-0.16010496908066546,-0.5217224118101141,0.5477979492070655,-0.23516952476091185,0.008685660797495012,-0.4661199050939905,0.23950930692280178,-0.01244413503416937,0.7402878656583486,-0.2988679465805688,0.530430670073398,0.2707089980141148,0.6238572270595631,-0.642916510345764,0.05016442792376617,-0.6265825531937118,0.29171146007391985,-0.1739650055817467,0.10089575797581177,0.24670028703714897,0.005888085384120554,0.32454881490446996,-1.614164588027196,-0.6319084547459111,-0.3336938049446728,-0.5826753402016894,-0.24818816492964613,-0.04728168792219083,0.2162850577344541,-0.5891623462870533,-0.038313780517609565,0.7974974864426521,0.43722143342171477,0.5566213364866468,0.44217023341606765,-0.33583381956965547,0.6394041291791355,-0.6759665741119153,0.5590040862805559,0.303091288840024,0.012080163572467564,0.47862143176225536,0.19493085245826847,0.021828694969972,0.279755727944458,-0.8794192129973509,0.054279367832330956,-0.0586583779863888,0.28747886000951367,-0.168745084400763,0.33319399403694727,0.4164159547940563,0.1692884478777718,0.8367237103582734,-0.4859485845571087,0.4964164378720333,-0.6739152707780252,-0.3901721182210958,0.6773789954004059,0.27879096228515227,0.3506930313812975,0.15253809046726874,0.3053784464730287,-0.47657158451996673,0.2204485274391864,0.4310828183785005,-0.3911269650921558,0.02748178539003845,-0.018950279525750464,-0.4029648813291136,-1.3070195244519296,0.2393718580157993,-0.1843529144948692,-0.15625650529474705,-0.6271288768702911,0.7016324898118065,-0.573565665431265,-0.18127095591443995,0.13948670846807085,-0.12427334079291374,-0.21385931685622886,-0.055031400524882146,-0.2942544046932784,0.41157451421489516,0.33538862750039533,-0.6909611524394916,-0.40297039263599277,-0.35761325247306547
-1.803757313044811,2.079474365543162,3.245976550647303,-2.5745266578022483,-2.113987666261057,-2.99155198908462,-2.77184661662556,-1.9093941882273333,2.026728742792752,3.14182094847226,2.5622088206492593,-2.4214477876903246,-2.3205908610315404,-2.438805833168456,3.2255090548136107,-2.394132999373251,2.4468421649194907,2.5238345951265044,2.7155493535198274,2.3873066004862133,1.1094376106340802,0.18794096203515484,0.34180009922074817,-0.4232280182514801,-0.11838625894668582,-0.049880766343511025,-0.2811147203650787,-0.24612349309578624,0.05977690440899229,0.145580080689808,-0.7096343759739624,0.10924192941937895,0.08136409559750159,0.14920762016860206,0.20916892168522982,0.07639547053952767,0.8116381659348563,-0.29719711006940747,0.11966203495513131,0.45825547844728953,0.25766104241331983,0.5169262693813286,-0.4673512105129312,0.36745265938504534,0.3089429927743251,0.6383443317208678,0.640191551699288,0.44280883167806956,0.05633267570061503,-0.11660164196627186,0.056377072319593345,-0.7340484981178217,0.36342623728027307,0.09670752457547496,-0.28565883779707524,-0.4427679643255124,0.2734285188823476,-0.10507680952317755,-0.470710414319223,0.30870811443002594,-0.14302546052477833,0.6773571995438447,0.10426671961591084,0.42085306727662997,-0.22329214119344562,0.09508576596578353,0.2834329488709594,0.1092408564958366,-0.5297264290141798,0.13362444848470736,-0.4980219892691857,0.014060845411097056,0.3214650737701647,0.24602332416210979,-0.20788424705425176,-0.032644897043451804,-0.40988140238548726,0.016623552331931656,0.24986510866337877,-0.1565802114194039,-0.805870210375083,0.672485755225861,-0.2276198049180752,-0.33904894422019166,0.18682333321725592,-0.2659984126765108,0.6317109871224998,-0.1676067144161454,-0.3690405052045543,1.0991960215685639,-0.16942864223642942,0.3671430092218287,0.4562409286412467,-0.017472681074423672,-0.33779273544345206,-0.5599415096962604,0.00990482893330369,-0.10902378190939492,0.21356625850897526,1.0122263599522254
1.460255522587002,-1.5368321040261126,-2.396339226465421,2.007204722428007,1.620015365329777,1.504972137337203,1.320242644367111,1.5516104082020057,-1.5170640318560358,-2.211334069738383,-1.164339064895497,1.83845351285894,1.1743557894950394,1.8910140287162354,-1.945831608034641,1.2483995520946338,-2.3309009959519553,-1.6204704470770417,-0.6650340526250146,-0.8753048867697205,0.30734107290563667,-0.31975893162619967,0.48605986078637625,-0.19503389091042278,0.04174739686006102,-0.2662022086915166,0.17469487806353948,0.748384437334941,-0.13636106826953767,-0.39488665258271666,-0.6220040956696089,0.06698790655040798,-0.2626922603856277,-0.09031353442734504,-0.19611760268957956,-0.4935642553708603,0.8453032764786412,-0.2738897995309556,-0.2746971228033337,-0.043235827588980785,0.3459085974419861,-0.10937156722372292,-0.1956883291870152,-0.4304153759311661,-0.395107118877312,0.35641847502384644,0.1358273799709309,0.09383848779893723,0.2673082477523768,-0.07601450984266432,-0.781811898024038,-0.30683117520470404,-0.5321599941507751,0.2564293239006878,0.6169019623379086,-1.4552652769052365,0.455765692783429,0.5695070017311683,-0.18693166558031862,-0.5583570997549656,-0.6297571799131636,1.0493897808072867,0.359598382208786,-0.5050155001281608,0.2863868127535689,-1.2107780976036928,-0.4032262821619648,-0.5612150467957888,0.5254013442293592,-0.1655552215969862,-0.12471015278894652,-0.12125365636466898,-0.5575439792948148,-0.05220609996415192,0.8226736817801724,-0.005255747993547822,-0.731446223811132,0.09624422956262113,-0.12581897054263,0.24202951140413756,0.22511466828218732,-0.10692018290386572,0.5532272121143943,-0.19449360830652318,-0.5179750840291943,-0.07003875744080276,0.4778884999893465,-0.41199586751578815,-0.5968673415239221,0.20053476034039655,0.161922128857658,-0.5879046949744209,0.0927087254935009,0.5346641656006824,0.08918159238358331,0.27561531619357865,-0.8043841279874224,0.27817475101599215,-0.2823383185466829,-0.43288357117207105
1.0405997369568833,0.19628671323720048,-0.007963212897597494,0.4252640156174061,0.8108527240948343,2.04229115275724,0.07248801515894376,1.2333531278798184,-0.7682365861138291,-0.25978619894173727,-0.8579914033010376,0.6373262071682149,0.25861583795799375,1.3006297988720195,-0.8487003103833564,0.7469048527218024,-0.23226161518454308,-1.06975248682667,-0.28535510535150044,-1.0285699722557466,0.7492961459847891,-0.22542357716057615,-0.8226368453942181,0.4366566332088079,0.44482107482518923,-0.12918603871283513,0.7723462702552234,0.7788663798560587,-0.44623330446609205,0.2242837651493351,-0.3325100109690299,-0.49389284288273255,-0.6815447198523708,0.5997281280116591,-1.037983446263617,0.20173783684044572,-0.9521505189167335,-0.5213455589505018,-0.3758526804776791,0.36837169490650395,-0.5976700804694157,1.0255364625678762,0.8499277611152818,-0.41621836217311303,-0.23555490700378576,0.6513699970167455,-0.126697743926766,-0.4728229071810985,0.2527701561951862,0.125906344251379,-0.2749004888698073,0.02393460229431724,0.6835247385378711,0.39879125322391684,-0.5265381450375723,-0.09880296085640128,-0.035987910818433826,-0.5090574549741904,0.005113584282932317,-0.0027391460117834054,-0.8617472251574763,-0.607472521718609,0.35613284373706994,0.39463922761075737,-0.46683312800010973,0.4106114760774375,-0.8161726530792177,-0.28408765239924755,-0.5037703957472307,-0.5119977971873446,0.4047770040410329,-0.0408813576475051,-0.6655685722450122,0.6956889795515382,-0.6372736582730092,0.6798527628862965,0.2258845522119612,0.016059355340079146,0.590246686852402,0.7408386976595037,0.2733967207296056,0.09090433554534894,0.16119022037211322,0.16719513438640501,-0.2106128383383768,-0.09795398790872009,-0.40111014669169753,0.2541514085821708,-0.39388284830807163,0.2946295909538191,-0.03137146559445501,-0.528205666862197,0.6223896264611731,-0.29346785963212907,-0.015405602162901806,0.2768459074971986,-0.6207395866267431,-0.44755340612708244,-0.08489064961744479,-0.09171863777351127
0.3456745708821325,0.07421034988283992,-0.025749224183637454,0.18738431108346312,0.716980585459441,0.07727849219792116,-0.35732001981171135,0.019135009128257056,-0.2766738904474148,0.4490266562478144,-0.6032933566080273,0.46825169550675266,-0.2937930806692898,-0.3568407045222398,-0.46265719274836004,-0.3342557168137897,0.3259334570780559,-0.3771949841673388,-0.10127722175224613,-0.3291051746069185,-0.11977120602929008,0.011436312490875788,-0.43876712459898315,0.9928745128534971,0.4032713166004379,-0.28576170010439234,0.35925739591446426,0.8570937455318863,0.20454893102389335,-0.00023781735802231736,-0.33550226220352475,1.2016234018225294,0.6375775123761095,0.24275919669406704,0.20890197421497655,-0.4682408321854478,0.2532587795088581,-0.5459263546423685,-0.5719070541611571,0.024860963031517178,0.1913970083795488,-0.46546696178827535,0.14973774920603827,-0.41148950521906724,0.41777598285904083,0.051046524245234016,0.3964058007767571,-0.8098063150743402,-0.42569442951971564,-0.031125042454575497,0.1105595395838451,-0.34063390505307245,-0.014732026347465534,0.9788868274051187,-0.7350514946102273,-0.45752067011103137,0.2089491267959787,0.2223994365062021,0.34340095021409733,-0.4034194507476841,-0.19512700596917024,-0.17739785031133676,-0.13143138749042713,0.6123541243782257,0.4451392799043492,-0.15497759983279769,0.7730712745831165,0.2895919602786568,-0.5345630374616245,0.4943509912879411,-0.021259338615419503,0.3241233329023593,0.31551792874849577,0.4041436190571425,0.24285785924527944,0.11858059872525407,-0.6619155495224933,0.20038032954237955,0.16485545186306308,0.5231000891800542,0.1517917383748699,-0.014870969090666042,0.287708295599864,-0.008198854550637897,0.023937004482240495,-0.7159268882171715,0.202638410240987,-0.34737758039930805,-0.4157155780816924,-0.028030431466976997,0.22451602044847746,0.18037092643131455,0.32779466892406994,-0.10187591723578206,0.15898174299373863,0.3939277429386966,0.14006808481329341,0.8162660589437927,-0.2562586372127244,-0.22038563097291886
-1.287682526706187,0.9460755388550259,0.5561353851188489,-1.0154705109953142,-1.0301372299426268,-0.7479891716417487,-0.2076306727380064,-0.6861172111367413,1.0658284448998958,-0.0006426400977346258,0.1990536954532447,-0.9611624673340338,-0.42587133376553077,-1.2939318857767201,0.45389524934368336,0.17247500289584172,0.17962534323306167,0.395201611800652,0.8083894431236862,1.0008859334317604,0.429177014720496,0.40104709595382904,-0.34192365592429885,0.4359277153015979,-0.2812071659917629,-0.46950802157594246,-0.3713218386436583,0.23155424876985434,-0.16613147299054581,-0.025696844582949293,-1.106951427490246,0.6300771116153178,-0.015176171831622098,-0.672139117425419,0.28170084562121045,-0.20145081813352989,0.027401594793778832,-0.7093987920504016,-0.4640000935320059,-0.48767308924211844,-0.40025438162282057,-0.9394844688745791,0.1807561999099677,0.5122634428866187,-0.3150974892620109,0.14281129403710438,-0.6023056915164932,0.21489562944143212,-0.31346799132693176,0.12914001064189842,-0.24460629972764858,-0.15235631336110908,-0.42553808334353904,0.23891876817752533,0.24225491445022476,0.30253032716936135,-0.3828626509947502,0.24930886192489657,-0.6302502662622944,0.04396142991282063,0.5476042039688043,-0.15028169035599984,-0.38891097477465925,-0.11433580170451305,-0.2100288438259035,0.8314567610022966,0.08588100733813567,0.06857459983753277,-0.22730709212818423,-0.15519539815802458,-0.22689766999993335,-0.038031878390036605,0.3125805751873498,-0.04265052706083115,-0.2478146268348278,0.0035848854725712585,-0.16378473549137101,-0.7787699270492161,-0.06293002681449424,-0.21723244508635825,0.2043776762749529,-0.019926340492771904,1.23921962468692,0.6371694939786925,0.4213739991338702,0.2098022624101037,0.1262918886979503,0.27291365660367434,0.7727823280281945,-0.11293760426061127,0.2606712751731742,0.24100814310937613,-0.3778813414620307,0.05211739919834378,-0.1641134601453722,1.061848559218705,-0.26114081766827507,0.6097261588177894,0.22636928458412836,0.1599057383235768
-0.3367001409014286,-0.10297302981733614,-0.18254395408756882,-0.5569478348821633,-0.19691005208988677,-0.22251173884313385,0.4864139367277524,-0.06637565257162767,-0.33300277511267323,0.6342479966657051,0.006141092967367423,-0.024638870367185428,-0.05165239004546775,-0.3580314598876777,0.7623815193824734,-0.2848091336788209,0.4512522974631926,0.18666070961598624,0.45722501271030225,-0.10437831588509533,-0.023056623613126853,0.4554784224000262,0.45211437101795626,0.06611794019930721,0.15239288148084937,-0.7166015217235335,0.5612297100014487,-0.08801712837868989,-0.2248541657469214,-0.5146173693460367,-0.6055208777230352,-0.21043192751496462,-0.6456426373932359,0.2149023579842159,-0.30868188843342664,-0.12150043283603147,0.3696178214149556,0.06377167287072322,0.300635433194909,-0.07066897700552802,-0.008563831801157355,-0.11322592166059876,0.36268937937447154,-0.14440800169962056,0.24146134327334987,-0.2812716142171844,-0.3036693265691108,-0.5691292807974596,0.3264641580336981,-0.13426139562090864,0.15350508734740478,0.5138999327076944,0.021914753332027612,-0.45644075146581814,0.14113289107534838,-0.10322191737232,0.11486954417373411,0.3185672976187886,0.13038308777630653,0.2283982983071485,-0.24327234030204567,-0.007747639745123818,-0.44359622263027193,-0.020626570613100068,-0.28877567333753246,-0.010085575878970647,0.06903913155716515,0.2717132899681309,-1.2737912946264451,-0.3726977626259673,0.5011527254716694,-0.34245676548039494,0.3128385515844876,0.18380372368952905,0.026809591518464283,0.04222642130600869,-0.36325464980996386,-0.27757541414901427,-0.243712331706732,0.2761375037414047,0.5366641376288408,-0.20088871205700745,0.03245604199707,0.8117836393580222,-0.08866487068082529,-0.3544523414399184,-0.808128153606824,0.10101715406746122,0.1483118029651258,0.2736043031061514,0.3629253385160896,-0.018762916754879136,-0.11838853305163557,-0.34318228319424343,0.27522818169726454,-0.2319970753816038,0.048720049000061987,-0.18049487062770989,-1.459116841601518,0.4913743947057874
0.46956541452727063,-0.7217133229290164,-0.8392162772787275,0.4656469101477674,0.3320792579985517,0.6120478811702909,-0.15617298962248494,0.09080555362469855,-0.8847975278259157,-0.9661307893847075,-0.34467485099457956,1.2457501470097612,0.9867846225689227,0.44298335375761244,-0.3165004173143444,0.25499082477007384,-0.343970356224631,-0.7527138590537752,0.14248118404477556,-1.003121826541598,-0.49969112509726077,-1.00923783306539,0.07459861804382938,-0.20574461715285575,-0.1877548259544229,0.058591690801758974,0.12012893417916737,0.0022358693985125274,-0.21326872086931692,-0.2258032384734763,0.5133640994946498,0.03392985782025509,0.18162197074502728,-0.3847438700185369,-0.1314926259302974,-0.1317468992896671,-0.11961479031360683,0.14477389194780013,0.3282902456142413,0.3759358205033123,-0.2929080342039425,0.7379197124818039,-0.666542497984,-0.0030851305650879297,0.18478685524890567,-0.6475415174438062,-0.08756594523523589,0.230989412721715,0.40341052005796774,-0.40066402195058615,-0.029251617441157753,0.05255262409010992,-0.892100170218078,0.6245790890853049,-0.8003559863842383,0.3971976102630921,0.09964190660123357,0.12222653000197857,0.5752584904428686,0.3931986682852908,-0.10644655584432842,0.015363016863564036,-0.4134327135262375,-0.11267118372654572,0.001952154444970045,-0.39153756086865005,-0.212267252583238,-0.8545134270281216,-0.15209997380633866,-0.0005279556936422619,-0.6132148643849923,0.6709790060056502,1.4221454446921618,-0.03809203612680362,-0.2864940730192863,1.0911084498364767,-0.9273152041963557,0.3567721824829552,0.3151509873458674,-0.6647316346081747,-0.2726649941999309,0.6691322805998016,0.36561311688011944,-0.6157387549492984,-0.5098593569673479,0.38946397990021786,-0.3196549374111678,-0.6353143687096469,0.5173942088180662,-0.03672475562714308,-0.5133440990857819,0.2982503687826016,-0.01765482035600198,-0.36622249053992095,0.04320325320579222,0.1048210117162147,-0.01188711556148707,0.47913976110401507,-0.028026422789959614,0.013594242799016385
0.5490536069296114,-0.7186679911796401,-0.8209840041697004,0.7413662481520984,1.6867303214805893,1.599346011999602,1.653167025362165,0.9922848905723626,0.32000855793384775,-0.4595572644798912,-1.4460756184988126,0.8243729738454258,1.1381784077820267,1.3950996045958437,-1.0631147008600796,0.36786005484112644,-0.8428740442263559,-1.4418648033994472,-0.4654738567304288,-0.26287096899339146,-0.03280293714764848,0.058307802141039394,0.5536734619396956,0.0006445790114480505,0.13239504769238664,1.0514354968914352,-0.23931910308873158,-0.31708761800162233,-0.19799571542362104,0.21765881102925666,-0.1475340910065698,0.43610698268869297,-0.4380978409868698,-0.41136119509886643,0.37208498240622406,-0.053827714300217454,0.22154997821856554,-0.04816562920399095,0.2885885632349081,0.39697086916495095,-0.014062727280592558,-0.377866714704315,0.17517911528516084,-0.02225196056670122,0.47384383481886033,0.5539637410378184,0.035726494481202915,0.13854814112182098,0.533682455419922,-0.7880385645998969,-0.5142819445601085,-0.056329017214270936,-0.5975929255604219,-0.47336558523439154,-0.12948481272449064,0.5693004833656203,-0.3136753572870859,-0.27186063128890925,-0.5840788996224108,0.4830970050571248,0.06772044284647018,0.10964420776010504,0.05168639131455772,-0.16399459951614273,0.5681270693228249,0.2785983407905338,-0.42535040225820675,-0.3668345606729893,0.27698872992077356,-0.32166638111023405,-0.1629029914947856,-0.3869343596866374,-0.33185584261558054,0.01183773076440887,0.5179255834591838,-0.4310823490782665,-0.352989024356046,0.6133451360062994,0.15540756751954135,-0.560356436828576,0.16935369906824557,-0.17817190287049112,0.04740271295652205,0.04538089282188978,0.7020292077397744,0.29445878876858445,-0.6543742294927233,-0.19312285083747657,0.7845707026276126,-0.690544250540443,0.1957158553161807,0.5056110294056896,0.8818325308777307,0.3850782290537933,0.0079781817953867,-0.1819032516886546,-0.43932221163718427,0.5634964291865096,-0.33888431320445433,-0.9858403098292721
-0.7807159734238875,1.3313052058270232,2.165594434111268,-1.1735902481535385,-0.9059014282250091,-1.2495327885155163,-0.7978827981523556,-1.6322898112197697,1.1997893651272842,1.0686780576010475,1.22676638010615,-0.6144474902585219,0.11108905967443117,-0.9982735073288215,1.4758226890011974,-0.6496769023478832,0.8791237119071952,0.22491023185142078,0.5950492106465208,0.09886321622134076,0.26184940350108,-0.08415580572942429,0.6862111883335987,-0.4090767843423331,-0.255531979162274,0.22076898191400193,-0.10843204813832245,0.3764851075654415,-0.5889433890122167,0.4112157269999164,-0.37381770384386137,-0.15889072940803073,-0.40293895533269913,0.627474982997551,0.09320711925902152,-0.1252228345321345,0.5276078147159958,0.09279124137852948,0.12545301491192987,-0.1671445014005963,-0.02140807067028253,-0.00907594791316061,0.13156594084791676,-0.1669579344284011,0.25918112803950555,0.002866301801892102,0.7455195895678053,-0.14727597957400246,-0.22730600268922604,0.05401427006716027,0.28131282322301704,0.04029196583912673,0.7967040104077461,0.25445221090985165,-0.0009427278257907543,0.36972759870394123,0.07971568853156753,0.16094944111682807,0.9350420211193062,-0.0500526383450116,-0.6050597878202322,0.5519418592875738,0.23698300967010752,1.0085960595888441,0.12018140238905596,-0.4236260921916194,0.3433510631933996,0.8084888568110619,0.09041354747844899,-0.6904050160635431,-0.568694116016928,0.39311626994960325,-0.28544542804554235,0.6835148474073883,0.30467805779631785,-0.050231100174626245,-1.0217076493457231,-0.4202161116423424,-0.09675423832011011,-0.10283887220114978,0.5447531308435128,0.12466039554479243,-0.2817441875271658,0.6898222783004192,-0.055325349696570936,0.6407527507927999,-0.5993121440970909,-0.8151294522078524,0.26887460705590865,-0.17074675808152215,0.1903847800143346,-0.7866439229338972,-0.03686515243099289,-0.2278915344942248,0.324257199035732,-0.06403934204409546,-0.36750650546584374,0.32943371818074874,0.09370024707572154,-0.18235425154751403
-1.0940890675472552,0.584891403978904,0.4020342609891456,-1.0509748842268338,-0.8932819376774015,-0.7190876568098257,-0.3205979215483237,-0.6460619226779161,0.334938090802866,1.4270266810506134,0.5540910150236279,-0.4667485633872821,0.12876535147225665,-1.3464023292882557,0.48975431414806303,-1.212333340235288,0.5385716587903914,0.6330164248613757,0.632579936296397,0.52831049961365,-0.48282397013232115,-0.08125117169224527,0.9449219283426566,0.4538720478823337,-0.10302196097656183,-0.13352347327199054,0.6946727756234882,-0.8960767941326103,0.8089313768705807,-0.42927077756483667,0.5570945889028452,0.04539603472679138,-0.4936111354506386,-0.058433737098957404,0.5629471272077826,0.07004296304172164,0.3362231458766839,-0.785386610848323,-0.022431475680067387,-0.4278491070021832,0.27832486078598595,-0.7736333089568551,0.6314883930149107,0.45925850809281044,-0.7297828488802536,0.5627841459552727,0.021647524117376436,0.7451263263768343,0.02390341635887694,0.2576980108455809,-0.31533045514166924,-0.11016052781477757,-0.12357843317515725,0.5285092027345993,-0.33028825995997835,0.3424570138103831,-0.24379658405411736,0.28989410837561985,-0.3902547662029097,-0.47814488966752,-0.6310211641702785,-0.3124187776294658,0.33954035933092014,-0.4416597810445823,0.2651940734826678,0.17239861947920018,0.6483663004125338,0.5780160808852283,-0.2075943893720231,0.2301871383061562,0.11328818594487565,0.0148669820161971,-0.6821812543965183,0.10023608124040831,0.1492336945786482,-0.33371732628469275,-0.21372491897506748,0.15752575282558462,-0.07634054303349337,0.07231334468081689,0.35992014340714723,0.66566705502157,-0.5796752715852856,-0.5447453922608981,0.042393605396929934,0.1463543894129774,0.42491427784558355,0.0006913371372556527,0.9844871649671956,-0.805119921162462,0.8049201192620359,0.7662392748851938,0.08493343121629815,-0.36092044569761594,0.490332438375286,1.0826591368782255,-0.2609233804012848,-0.2512124486754917,-0.5161364258109126,0.09709395551254825
0.5319670289078113,-0.47412576806647566,-0.3350035477772243,0.027819541732298725,0.19312891966227935,1.0371370307188972,0.5032253279268035,1.033200919569011,0.15480826507432083,0.23890620147591535,-0.2359812923803919,0.38820154805303664,-0.051094915120567574,0.7769308777397474,-0.43612971135764295,-0.11039943968327337,-1.3970620399557472,-0.42404910632819515,-0.5504972048422556,-0.11938813458346093,0.8040616873976721,0.0418586926530898,-0.043735961885542886,0.078612598334997,-0.32510143003275344,0.702505782560699,0.3238666885500021,-0.41199678914272586,-0.6107139001013321,0.34527977382699226,-0.05594104808383748,0.031629553053754485,-0.14223223069016055,0.9965618178132701,0.08566084647441967,-0.14433328690784253,0.01406451103017555,-0.27176434316316317,-0.2200752319465191,0.014367412320029336,0.4173033438757366,0.09136943542251823,0.17241682109513373,-0.7755669107059973,0.14334812199253427,-0.6145441420851367,-0.015443921970705885,0.801182603801087,0.2321530350274323,0.7229000137994996,0.17737656324720197,-0.6280718036914359,0.6426146964505803,-0.023642385707930872,0.3195097264805605,-0.5452936272923353,-0.4807551341550324,0.053526644829248654,-0.6604333176483395,0.09845752071771245,-0.3353400194539102,-0.3965923039394686,-0.4239714834708613,0.026215457257990894,-0.23629242263583242,-0.08004163002854495,-0.6661187575477676,0.2722934768179905,0.19215010997126317,0.22848195523473153,-0.5113924083748972,-0.3288522285886048,0.1289126530438474,-0.048591660826120875,-0.11872265452972691,-0.2707036654045248,0.4414012967320108,0.18165015786152353,0.09379074095680211,0.006122249784354427,-0.8658031701466324,-0.22340445325270483,-1.149742895853666,0.20911604342733325,0.5553298316201283,0.46111581180566424,-0.22579857234676792,-0.11794625381928504,-0.9819617589162788,0.1449356214976302,-0.17152426283006486,-1.1751836484282718,-0.28923001925425335,1.033181586442193,-0.18940507120787056,-0.44993787959406695,0.36485222114481025,0.40016234410109264,0.3865155136383263,0.7795406072141869
-0.9238169802207641,0.755635348344055,0.5204444819970246,-0.08484215433670284,-0.8989399331839856,-1.4198892753968892,0.2949079000387441,-1.399937740980811,0.8836723223310812,0.8105367798981857,1.0643113272439606,-0.3439232221280222,-1.4633307464736582,-0.910864790392091,0.04927563895958231,-1.0708717370197047,-0.38434666339156454,0.8657526032639082,1.0752911612093095,0.22522417215038748,-0.016393406835256395,0.15955161079949612,-0.6612438749954919,-0.6428906090307662,-0.0990095108324733,0.29926308919812533,0.7428734595618219,-0.5693194090301419,-0.4464787914663126,0.04109903217529336,-0.0020127833103450728,0.2645767105554703,0.10865286990762396,0.2375897572278013,0.09175208160120321,0.7000152518608268,-0.6625938188689858,0.07625321185521902,0.03460974922929491,-0.16543899183981417,0.2166380525283848,-0.3264836272408661,-0.12736379688393823,0.4123622488003381,-0.4928336219900566,0.27840160975354006,0.7766044865764208,-0.06506228913751796,0.2806492116326712,-0.0820318960980147,0.5025925013601048,0.13675656208068837,-0.7899929071438472,-0.07901084050998718,-0.03147736089235259,-0.5399172713282147,-0.6173896793963518,-0.6582326029623173,-0.1800039239117555,-0.7245600162879181,-0.4666530137284437,-0.42147426827341206,-0.5926002266504651,0.31027344440526855,0.607092891029746,-0.24446325752759035,-0.09183136954010603,-0.6390400441653948,0.7113961838568846,-0.13605411934603126,0.3263609996583166,-0.5589921953598482,-0.14149242552542307,-0.4816525564621625,-0.1979527821621618,0.1424532239750159,0.27240655179022966,0.49582604127265045,-0.45325747231561164,0.0649775476929613,0.5015398994661577,0.542891346215403,0.26772355912170803,-0.7565828423444456,-0.49107362464741977,0.2001707830505597,-0.7209740447245397,-0.02158121817901792,0.5343639690858978,0.3599397152889468,-0.06845963062886606,0.7110200983929648,0.18402948984641598,0.46512817742945856,-0.07938019230756116,-0.3893590984296147,0.7433380974985938,0.3022191341727554,0.028996442490390618,-0.2167000720333766
-0.13566078643215468,-0.5895694166536776,-0.7796878876611905,0.23828294603069433,0.011856106548399248,0.12024260498538242,0.002332034057664356,1.1922140914228745,0.0353592424043056,-1.0577628753473585,-0.15704201200885914,0.6773952359713931,0.3293729855569619,0.13444014450048275,-0.4556755882958647,-0.2649713731361422,0.11441659146985239,-0.8142663285787706,-0.5093087710397755,-0.7348564985210392,-0.08445235161300137,0.016480683135246886,-0.39080963050805306,-0.09270952397846623,0.35746057135226184,0.057552145983864086,0.4201525786852792,0.4283589173058226,0.3277675014960989,0.46188431366998506,-0.3292176013107105,-0.06066202710858989,0.016203107700647458,0.10847651405404825,0.34159767411590247,-0.3129717730407258,-0.8670962191556639,0.22370226540067045,-0.2937927074919564,-0.033547344403543414,0.03084480204894706,-0.25844286770947156,0.26120322234190757,0.12028432817277096,-0.2681022343141824,0.25861320816039574,-0.20799484761402792,0.19005568341019424,-0.6494932110941082,0.44580399288950956,-0.8556624521891146,0.15486070086607903,-0.9109136641731277,-0.02085423761226884,-0.04892078618495956,0.39799081518835566,-0.09098281556741031,0.06243626592325256,-0.1506006923997535,-0.12441134315120377,0.17820544415061176,0.31480027752567075,0.7450444605573525,-0.23366240113974737,0.15676352826508705,-0.6653105750325315,-0.11427972358822445,-0.15864442883301447,-0.10010478921120913,0.6431440480752485,-0.1693714638196911,0.2932167583761342,-0.7761460717058161,-0.02486396366244438,-0.15357836054790475,-0.5797016767179342,-0.4200803967895196,-0.4000250648052328,-0.33033958259615054,-0.6785320693577271,-0.5717296086820284,0.2683793382967986,0.1946539162139019,-0.3194016995609648,0.2037728196426006,0.1684552375272422,-0.10745754171018883,-0.3883949284635998,0.2905866703521608,-0.4294127724032525,-0.9362266783789582,0.052710026641042115,-0.07712450557091426,0.8883545536772562,-0.6419211027088264,0.03357113218929644,0.6066724015833039,-0.6819240492480385,-0.36609787753479156,0.11673083223738645
0.4224792951089642,-0.3476494515484833,-0.1192661814611572,0.027932516831709442,0.8643467552168596,0.25854106160458623,0.24267585747757178,0.04940639235467534,0.31718957374335816,-0.9496269666109624,-0.4673655996224714,1.0439547567722152,0.23745420494231917,0.8993186034239137,-0.6414592971654105,0.7890609527185433,-0.16928858809290817,-0.15235549119537894,-0.6569043716526948,-0.48092179864241036,0.028939459567163768,-0.3257046775482352,0.6181409666915947,0.15436131579281515,0.19861473739340835,-0.21412407570837777,0.38631088177832434,-0.3537226223976287,-0.595803818933878,0.6417051455112884,0.03946507081692171,-0.1657561291394719,-0.013749097712613746,-0.12774532451377235,-0.10307863770010202,-0.4980013759483759,0.36793616671726387,0.2361965887449601,0.7813425705308257,0.9266037066670754,0.4285763644471851,0.10877756053485682,0.25324778347021704,0.2555180206955859,-0.20002819754072854,-0.8391593524610659,0.3573358551812752,0.4806459318414608,0.33986650009215685,-0.17458880189676518,-0.057870737769118406,-0.06645422907957942,0.23488605443444188,0.23557976957026341,-0.1459206401826311,0.0929823450898776,-0.6503928466024517,0.5624081612474817,0.06250396998076287,-0.6424678986020012,0.22758967373671646,0.13797641267741134,0.2611669386694482,0.7510575199301812,-0.2828263387438344,-0.40081554499969113,0.16659540244362217,-0.23631419630038453,-0.04729633073777297,-0.7340690152037488,-0.4351131803110227,-1.314559713048111,-0.2400544149338064,-0.4414066446911729,0.2604915268694882,-0.07644116622504127,-0.24038946933578645,-0.4624769629143409,-0.5184909488599052,-0.019489817015914627,-0.03466975226406199,0.7785955675868371,0.30938743891356857,-0.022815852685256467,-0.3112461599809356,0.5364264196391025,-0.07600618712158165,-0.13428604911383138,-0.1794807799412689,-0.17909990592313485,0.37291705918437845,-0.6609171383420671,-0.5092088818800407,0.26065878437265066,-0.25839143971559503,0.18510422902299387,0.26588938319133315,0.5961853213598868,-0.39471202264477523,0.39641314233500113
1.9839767513100142,-1.5824789126670513,-2.54688078377772,2.3351980255124714,1.503100993990258,1.438064690752404,1.554946950896701,2.1889818408779695,-1.0355909700584833,-1.8626659965308863,-2.4403955008650624,1.2065814293821968,1.5367408078191962,1.8435210581043293,-1.8755848578318424,1.5302902052086798,-2.873944863654608,-1.2557374506348804,-1.7366980551511997,-2.1769843393236696,-0.7235790688056133,-0.5377878481050891,-0.6918887985380417,0.19470184518491038,0.1610667212309849,0.2699982093725241,-1.1485659644865014,-0.12669199249983903,0.3725971171559636,-0.32800075220678904,-0.24496025271323346,-0.425950142401925,-0.2340865060406932,0.14024489626979852,0.39514513391292044,0.4256771695520229,-0.575857276172955,-0.19737370871559257,0.4210979047565614,0.12141939245550375,-0.2001309444773034,-0.3890056088106323,-0.08438674012554158,-0.4643485539132326,0.37568363835200347,0.004812723455741539,0.03871856850245628,-0.197208830841588,-0.16996272528247128,-0.6846028463199234,-0.34134135368537893,-0.18633685867966773,-0.032248768696434255,-0.4278016169334558,0.19347338623374785,0.6247145618750471,0.07174722304088657,-0.19542424724440363,-0.0050390135376744095,0.28682863255134483,-0.029288303483931417,-0.2556298878366296,-0.13947029709937825,-0.10917352645811512,0.7702411585872828,-0.04079288698784904,0.24434793537455354,0.12389368375245192,0.19208111169330486,-0.22911420191277912,-0.04579723713888396,-0.31095842046696764,-0.675248115291259,-0.0011625969626294563,-0.33381548469817673,0.31640559865619344,-0.5817685225700288,0.7460666531878857,0.37706538634591696,-0.21095358174245327,0.37538434281695976,-0.5425384153498839,-0.5662221915082183,-0.29671105406324316,0.7211940730439892,-0.39506415376778803,-0.43495397072265135,-0.5555534694974206,0.16210717711158712,0.649432962286799,-0.12053689705422696,-0.7468968204672056,0.15002138382559413,-0.19210991212051143,-0.10646261758186419,-0.0666957487466025,-0.6374012038857864,0.5604873064030135,-0.2304321823651763,-0.748136928000703
-0.4639418370228616,0.08181633215415557,-0.039441572644318024,-0.3038128937400261,-0.3527865246510745,-0.6288853166401891,-0.7837296489472805,-0.3213672701152125,0.21669074459488225,0.1583099040498635,1.0144511810144314,0.1979248788075582,-0.5475364623391832,0.27859340313412156,0.4905504944019142,0.7374741194876107,0.2442005007227754,-0.036877690759154036,-0.2741491847901167,0.11659270314540687,0.24630249204871948,0.5919966089126899,-0.47878953713074124,0.2869652968403429,-0.10743607556674654,0.20163409398802798,-0.4498186618392622,-0.17506985554848234,-0.17661041462942853,-0.008359088809481422,0.22749031799402428,-0.08269880985477887,-0.41232665821585557,0.01002243313408293,0.34594392651755645,0.44224667390926653,-0.3587532063724848,0.21178530857269368,-0.7192887544129101,-0.5033285701757622,-0.062607811424672,0.16652644198548416,0.27602711596974416,-0.011763352669092017,-0.9420987088730081,-0.18786596203901898,0.45223397549626415,0.07721914962098654,0.4278652655714933,-0.34608968782942545,-0.759561332835739,-0.1690502302770634,0.05798303566485904,-0.3238243475178686,-0.41673031160627466,0.516478658129957,-0.6179147238228532,-0.019082341747958552,0.13847534308318965,-0.293852798613864,-0.330933772482096,0.03566721989265743,-0.3664179625235163,0.3938384715184641,0.13310725634791187,0.6791966305515945,-0.9551033562592685,0.22835344969053747,-0.062084219516075435,0.19482237806096522,0.41172432531763836,-0.7981809028821323,-0.4686096947304672,0.09080638767362938,0.0943468214832639,-0.0046154983908001535,0.5640432386004643,0.22146377078962795,0.5335666126971661,-0.30125227045107517,0.7168363311097857,0.6678485911826785,0.05585731697561688,0.025126713712013922,-0.17163402820222617,0.15527013017522542,0.05598818269257652,0.21792748724823494,-0.7898641574738494,-0.4221230647218353,-0.5111162918141648,0.1268442951620331,-0.968436962413124,-0.10345714300058215,-0.6657966658036144,-0.4330920522341667,0.3202513326357935,-0.3101918278875441,-0.5208917896738272,0.10977851660024071
-1.7089082985701145,2.0984174651364373,1.3161501674595821,-2.1600851884558177,-1.5620863413511674,-1.407284602132247,-1.8501802455873033,-2.0305632687087107,1.5282767279411893,2.174157225859692,1.7651488772026651,-1.5772141282142385,-2.0750911259574605,-2.5334149587133776,2.4786518191250293,-1.702493511921485,1.5456804481785895,1.4097061696024962,2.0161019814859458,1.8127782016433136,-0.22724659426659016,0.4942166630799401,0.3340423296419525,0.539000760603848,-0.04160604823422426,-0.4629994664076286,0.38041876656549584,-0.2901887524980345,-0.462457950224658,0.3618809528469995,-0.02177813242916864,0.4017148419345582,0.2464535809208867,0.09108625402324527,-0.15812136430668638,0.4845993473735623,0.23578349574978796,-0.6079200903142703,0.3080623699866475,-0.47685903786579115,0.5854790992440324,0.09517345332816038,-0.10069459680165557,0.7082916819138978,0.7795571896274247,0.3787449723889916,-0.7239455644181173,0.4553268779768224,-0.35686441639847766,0.005768105894628798,0.03229663451974059,1.1890930650129945,-0.2593211660007283,0.48786340360142233,-0.36762764496157463,0.5544236510549133,-0.048686579965922336,0.810613706639073,0.20824046796661985,-0.5053296361817372,-0.7289841362217376,-0.04720427075566125,0.6715557478193235,0.9442768350686587,0.1222553450804123,-0.24864800998795314,-0.12093504818327575,0.022099778693390703,-0.15519808024320855,0.8235551508826348,-0.17836463526116028,-0.28529002787187313,0.026056820996263816,-0.6766978042884552,0.3294691123423273,-1.0691784255122734,0.10105524058121135,0.3373511429922729,-0.33950587523052106,-0.5252828764778403,-0.859660607963101,0.11260751051486313,-0.5314401028931879,-0.3032327456196866,0.15483252937538516,0.46207247713027566,-0.8749080904401119,0.010208514885724903,0.25925523301105813,0.26274917340734594,-0.2331418301658975,0.6350565539727592,0.08663110129669407,0.05534487570076983,0.4287311812764281,0.3474527019116965,0.40478917183517626,0.14467576182029582,-0.3077865511127703,0.23144898515822143
0.5639955834653786,0.27912494984957625,-0.20985097613724513,0.24230173934385646,-0.04157812874718103,0.38452025473891016,0.21927592238986374,0.007680613647261636,0.12128940752578632,-0.07548097665179848,0.22908862163831717,0.5325001059597448,-0.20423102653845654,0.5992513127449302,-0.12332425544961989,0.766380568990306,0.011699654981044194,-0.6216042223424924,-0.5499080881596107,-0.3933941856839639,0.6662378645412084,0.2713131835674693,0.408218634024235,-0.7464503096448595,0.15455385080676654,-0.007197952312819893,0.12717505940537335,-0.5341083688248066,0.2584506147741266,0.5206629709056944,0.4014439885650772,-0.1952198873403255,-0.6166769326613283,-0.3166983545994855,-0.5027606404113355,0.2541590211087401,0.6908519806461809,-0.3188490608629755,-0.5039632907485698,0.1393636563280149,0.16796544866616547,-0.21040366609575467,-0.4778678374575956,-0.23847246501440125,0.12422643521799467,0.30441526172291117,0.3154274590314209,0.24745229050374795,-0.21666444578206492,1.0212274202387428,-0.3423807643811108,0.5137000273913657,0.24242077606061802,-0.1207148564079096,-0.37136568427361594,0.5497181715375258,0.513843548883649,-0.04912635087316515,-0.19631642725491544,-0.5757193619287158,0.11101203055320599,-0.36704587490590207,0.11428954625317499,-0.05457554912043155,0.4796163546812265,-0.663875479321875,-0.2564779902575344,0.5963349520075346,-0.663122103378443,0.5686307362921813,-0.6381303432224413,0.027252891532186022,0.23215422986741724,-0.06397365214734646,-0.29578785612963204,-0.14263212427791908,0.42641816746094796,-0.19115386542188118,-0.6468357902419882,0.4643271672229695,0.3763107253816742,-0.40394879987160526,-0.18404193732903995,0.8868660732734592,-0.11023377804021894,0.051426844315045815,-0.10678829930034092,-0.49205914201363704,0.3038713360076616,0.46614279320759605,0.1081727195207832,0.2696331733623856,-0.1670208923121713,0.2871030104613201,0.252048933460895,-0.5988473448746237,-0.6136209524606618,0.6398443658540157,0.022189412577112308,0.7250467631969938
-1.0835280616571956,-0.32099108395947656,1.4994450631249268,-0.24046230668676968,0.0880183636484198,-0.29240628594797075,-0.7745259283883918,-0.3340735845064124,0.6629560457907435,0.8498540269245025,0.28422411557875005,-0.771518826277577,-0.37186581450463563,-0.10335497190315296,0.6399077418479189,-1.0193213268941244,0.6199273259806467,-0.15714591480758783,-0.1496333587489786,0.4694881311222227,-0.3251846450856551,-0.18675751162337206,0.39434812583932616,0.23509507294077828,0.7976459089987007,0.1531728811820202,0.7201767856291847,0.22460196632022492,0.32731877278187665,-0.6337075285939844,-0.6826530020818257,-0.35356845045596436,-0.14950771837883015,-0.01815052413479778,0.5933833210307673,0.5682610716424048,-0.1057721135531201,-0.17363757796794121,1.1819757799671813,-0.2595285779325401,0.4392005468840607,0.18474553018771933,-0.4996773208079635,0.18228528532793858,0.504871587530428,0.9841140426424729,0.054551088264318134,-0.01413148335537344,-0.15838682454709493,0.3020775973911676,0.2963830263460242,0.6138585045776422,0.13605033359569169,-0.4774305990534295,0.0384940246879538,0.351289203449694,-0.5038816216913516,-0.24111326041011585,0.10180523816629675,-0.1525309157112459,0.05761652802299658,-0.8189265906225774,0.4022249530291658,-0.011559313373296187,0.8654935012953153,0.6293117507168874,-0.09597957095691398,-0.17922840913048,0.22418752067186337,-0.43034949432400665,0.7536187036146814,-0.31065166479503636,-0.22520929846406143,0.3188196355334087,-0.0008989009613617559,1.0782522715360274,0.15068971181542368,-0.7979077973793746,-0.49060308323948465,0.7435235389535103,-0.21239711233900307,0.04086089000858505,-0.1330686815921825,-0.14200706028842747,0.4814287533679405,0.31553814156081234,0.015408850502523979,-0.3828599226754854,0.3536821539634316,0.08588176527696932,0.1887329031105433,0.873272524085808,0.43786291626337026,0.5718961176682185,0.10951932605916181,-0.07925973232063278,-0.15680317244703412,-0.35788260531626936,0.3968645323900419,-0.6120177255965036
-0.8794283020789814,0.457189559927776,0.9620609824773018,-0.9828915995114953,-1.1028923187264108,-1.1297652875974709,-1.6344688178757383,-1.2071723123149112,1.0629047597776942,1.2933552634164158,1.7392061700760517,-0.08553359172144592,-0.29481361528127714,-1.3771208220243571,0.9602085109630143,-0.34340093874898503,1.0422466346135535,0.5579008069374558,1.0228503624441916,1.4924351719066493,0.14454157212874819,-0.00288325226618411,0.0027306897109361113,-0.899146843667214,0.25122980154179847,0.35815405410753876,0.4735473758606803,-0.7215222224626002,-0.40221183050362436,0.15160776110190508,0.03156699704302147,-0.2153165914525032,-0.7023944556813534,0.027007360693318178,0.5076880800996588,-0.9599345377854831,-0.17115170544189137,0.19383978259989154,-0.4764076813306464,0.4059520803088022,0.004033174739874924,-0.14423428184831097,-0.3306927265117048,-0.38959078340607245,-0.03419553725055929,1.0035089126800936,0.464838804855312,0.042624380240690214,-0.34592091236771266,-0.4663561588513703,-0.22654323671633528,0.15581555852963452,0.5373257082663249,0.4098229550021963,0.39996532892685804,-0.2078714176798688,0.6846303956081232,-0.8569770073225109,-0.10499430200090636,0.5891403612798447,-0.6204167259783732,-0.1345478968954299,-0.980105557403421,0.4302131386744465,-0.043951869133984946,-0.3732381570530543,-0.29054293550762544,-0.6107440847706683,0.35804245982383126,-0.4673448994280721,0.659869418506933,0.07039657150913005,-0.05177130765100703,0.1353368207618414,0.6561180083342845,-0.6628268570082904,0.05232468213531707,0.02896078332032788,-0.5895843268540635,0.6279312709822743,-0.47648921394559546,-1.0445006779342216,0.6411029343882766,-0.5845688744921858,-0.4712336505234854,0.49876221371818463,-0.5316963122120039,-0.15029908224608624,0.5051907655653125,-0.3128078796113842,-0.5580771598420747,0.4200362558666332,-0.6092114508317908,-0.6904474732698209,-0.04969057855126111,-0.052076331021062496,0.1605229225840513,0.42268137859024957,0.8254030670446627,-0.8034923550255102
-0.7612500894221506,1.1045747437827023,1.0252830191177655,-1.4578875296552372,-0.827607552103645,-1.6787934089753986,-0.6397287280582815,-1.4631423548945222,1.1624657334071955,0.6370575448441781,1.1337037170731161,-1.127304989075488,-1.6073541218799003,-1.421000732394374,1.2858313417133977,-1.7177901568933438,1.633946807953521,1.35936488706963,0.5482447073673626,1.704161941436,0.5049059322019885,0.17293663836659942,0.7979639034195881,0.07341786369673374,-0.7150195987465343,0.10310642022327442,0.201170394493992,-0.05113898843153154,-1.1035431962933273,0.35532925632898943,0.065231895191802,0.29197587984246737,-0.25685350047832595,-0.3563644714797087,-0.5318783935155675,0.26032573217217503,0.3855406538321363,0.3627972112071732,0.13604443027350138,0.0035608250546375828,-0.0013719226105263428,0.44568560352476283,0.7979596451036276,-0.6989095740608157,0.017981677394521434,-0.12090997835890394,0.5115609071931415,0.5200538084701398,-0.5184106359842815,-0.10389182257768902,0.2680996766424157,0.37870533098261905,0.10926997896887926,0.11234937132139795,-0.035459567861814534,-0.43706234785555254,-0.5136497495623712,-0.08905778343762426,-0.06263575636061007,0.5288391425656053,0.09806149554722915,1.0032253524234496,-0.29521081344264366,-0.6281396804059765,-0.25399900240555573,0.06086153725861195,-0.5824346344973688,-0.2801543506241623,0.321714669934554,-0.21628969016795835,-0.3229738255880649,-0.17558179713487548,-1.101249136604261,-0.17967546691771877,-0.16755240805842428,0.10188589567648945,-0.31987515531332716,0.2910915183151546,-0.31757819390230424,0.15667387161094398,-0.014952891374760113,0.11347550684087662,0.5194420783144728,0.5568664612149493,-0.2875977882125609,-0.6417075857056472,0.02783020130268863,-0.44475016910348686,0.13265842368869893,0.2905373318257651,1.0013797992622173,-0.2821952437615625,0.24474616672068647,0.34025000652291937,-0.014079287536482013,-0.004834034492405934,0.19153253296422673,0.032200640536663994,-0.12303718240994035,-0.8797842596637828
0.8539674989097582,0.06621300320860168,-0.14042844266639126,0.6755126882569918,0.8633390926552467,0.0646650191465652,0.6277062309206454,0.8860671922927406,-0.26521977662457324,-0.4434868217660679,-0.7172880654399552,1.3623251053594823,0.8459446549650909,0.8452353678555223,-0.283859505705087,0.8902954980009246,-0.5742158105728963,0.27672812473472164,-0.7367825744757036,-1.5827663170580966,-0.1288666654711485,-0.4227948811443265,0.2081227899345632,-0.29475766409750653,0.24480735334179568,-0.2802074441053028,-0.4191640544621492,-0.2839129423973604,0.6222231714344124,0.05552293844784113,-0.35998070642372204,-0.4603057782465186,-0.01802584257975082,0.10168219100088724,-0.5310803873190367,-0.7883584094997442,-0.08638309044801705,0.3463857076421677,-0.2628794899475238,-0.529302869790882,-0.015275602977915756,0.18375418682660186,-0.41041480152477255,0.11781577849548514,-0.1177178426859829,-0.41471044559124937,0.3897813605786903,0.04821776625311569,-0.36500187315780325,0.36181475531276935,0.37447688097364856,-0.5652732214244629,-0.1942646402124181,0.12883539983299805,0.01284239476881736,0.19382101351618405,0.2825867130301993,-0.786984522336862,0.6757031973168972,-0.016852313536833325,-0.5865253371665632,-0.07702969782838796,-0.4016042191977034,-0.6301863619811866,0.44130221761160426,-0.4996478350307718,0.2629216491184315,-0.10799752033891208,-0.27494697375625654,-0.27095213009832697,0.16446383414450133,-0.02905186260098794,0.4858521926797473,-0.31144965629825666,0.5227529633180956,-0.3360145635394081,-0.15236864080021542,0.17218041471669698,0.3899688054697094,-0.25736600074001004,0.027337902313009792,0.5899358046557461,-0.8802884004089787,0.24116394767987448,0.18213094111472486,0.027355458225316143,-0.37481281997687144,-0.22671227924355006,-0.4467070138645075,0.563133069886849,0.20245268182110687,0.35301607593828,-0.11316840483133929,-0.04603297641805049,-0.4734869593112047,-0.8248982249863814,0.044699113016614084,-0.33772901662517274,-0.39541063292226813,-0.03474675516098439
0.6325324969810575,-0.8028536849155198,-1.2115042794613167,0.5780898026413024,1.506777624824277,0.988554473344524,1.169504501643279,1.1971586418975784,-1.2774947020962824,-1.4132691165704707,-0.28932340193971906,0.9922144830757913,1.0954457326763287,0.992839875325202,-0.17754961265523483,1.038016635274625,-1.4356846950952677,-0.9533827330415262,-1.181474998009469,-0.5528857840893462,0.898474017048927,0.02451926765167221,0.15453613576752848,0.04919832979371573,0.1586964523262404,-0.26801147986920604,0.05186295371464956,-0.7584167453840267,-0.21103820498582807,-0.19884542540534123,-0.721397024758505,0.3626257243096931,-0.25157249122361475,1.1438250723681869,-0.24171944506512388,0.7528425177809055,-0.06744948593483234,0.8094097242026973,-0.028501330899029325,0.8107790890723418,0.15900440877408226,0.04473545830719869,0.3716990136700961,-0.33575178585749055,0.12218987747465479,0.48025542551923467,0.32712397751734323,-0.5374498020856799,0.12602933009632988,0.3058655490359028,-0.13659742471332878,-0.78962853325735,0.1838343248551346,-0.15978499268548887,0.5701978340808757,-0.09420852420629901,-0.841859396757361,-0.4792163146270771,-0.12314525381966555,0.20965494549553437,0.24288469929906395,0.6618334132752707,0.4189781459923911,-0.7626971100522677,0.029543814569661868,0.2446925421132238,0.19363001419531747,0.42247265101341674,-0.5700880540815569,-0.04606743458011057,-0.5191270321478733,-0.10820139452501444,0.23885097033381106,0.9030039913071406,-0.10375420193466339,-0.408485941412911,-0.6452694014654393,0.7820139089703892,0.0989513026257524,0.18627790652265494,-0.43829608831148703,-0.09367257969591727,-0.1384254103466595,-0.06999371177599041,0.24728260917117406,0.060495115744795,-0.16554763975383774,0.20487667810871335,0.8600087500183063,0.33324220986484043,-0.035228133239073124,0.3971121186351401,0.22794231645243687,0.9879330142705026,-0.4115028543970073,-0.8924297991894523,0.9729362628300484,0.3733648956217204,0.3964701219653995,0.8595555549966716
-0.7055379034526833,-0.8632656733260511,-0.6556142188630314,-0.20623158424660004,0.06597082144599614,0.39085666535481367,0.38117043397748646,0.12417184257482,-0.8038591870589877,-0.7730926024761806,-1.2935487458959296,0.49171371041645207,0.2316020014486807,0.9416877028805994,-1.3647613479407974,0.6405232510762584,-0.4428847048007686,-0.7175667893536988,-0.4773320666726405,-0.44307548087593895,0.360120530306128,-1.155618007556408,0.07708076390023022,-0.15999091337184462,-0.11652595038622249,-1.1175459501884122,0.1937239705200939,0.6774464639794642,-0.29975059255043013,0.655056265596729,0.06682184416345364,0.16603838244581132,-0.3125580573925267,0.04450630526120918,-0.4183842421146197,0.6140370012703403,0.8180169279431528,-0.19479674467866784,0.13967235682167703,0.33496306980880625,0.18926420855100923,0.4848150685753037,0.2950459994354174,0.6807367917675643,0.8452594191085007,0.2122282708902618,-0.996247300024306,0.43093700773648574,0.34119554074079006,0.05521387098798119,0.6841996984800846,-0.7392322112845799,-0.19176515765297755,-0.5133141448018583,-0.20289331371059963,-0.6219509892631895,0.8687684286328774,-0.24910499954546103,0.10203551065757253,-1.2219988605265761,0.5068530721604513,-0.42620515544175397,-0.6338937490428861,-0.008028218285525426,-0.11456540457926166,0.482095556759933,0.14249216954558305,0.19264705037120908,0.12273020931387717,-0.10225692076779848,0.6530137825166669,-0.04396869768001126,-0.5184371777385819,0.2697895577965893,-1.2115317702899941,0.3305515864208278,-0.40842210849138094,-0.47888107469731495,-0.31052415746349604,0.32246993296046367,-1.0039387802260245,-0.14166640480890205,0.001786104789665648,0.2595342455574611,0.26148933073386793,0.2015332327562613,0.6054333010089589,1.0567151151616943,-0.7460289259368241,-0.7223181104823864,-0.0974398630667988,0.43478698381105924,-0.22756793826644095,0.8229096704971478,0.2457414335618448,0.7993581305163431,-0.12265908031973125,-0.36814821556300903,0.0689873563835731,0.028235457228119345
-0.3991875572984314,0.4844397856428616,0.8845317860262781,0.1492324656839461,-0.18839612532387798,-0.4827840159639143,-0.0021584583548673875,-0.023322105329240783,-0.10488638632865954,-0.10126634416768904,-0.3853420469561714,-0.060980420718392214,0.09132005286325762,-0.9707520529633147,-0.5101846200992293,-0.8447897867938352,0.17167281422808126,0.5822421246843934,-0.7091858166073941,-0.21874449190544304,0.13909757999344682,-0.08229714920493393,0.06703272690797088,-0.6002265161074594,-0.9779350900170629,0.39482019173701116,0.4564015337213065,-0.08031390554521044,0.31675419578501146,0.1696037292633181,0.13157904257636993,0.19182984520664115,0.047694752157915986,-0.8005169934234714,0.27199823808758133,0.15587319275913877,-0.2604443917636405,-0.0023707514855251396,0.2944735427755839,-0.24918462278611284,-0.1274183217132385,1.1425631274990447,-0.512338458335175,0.0843466970871483,-0.5544005448908749,0.49617226321280616,-0.18113889311937015,-0.1071358050500173,-0.30316071148229234,0.48847833897098275,-0.29065098810526374,0.43091213598478095,-0.18478808410602335,0.04173392076892398,-0.5091544493482764,-0.15282081844315035,-0.49164986314997994,0.6388112276211485,-0.3109593221279327,0.8282103021252806,-0.29100024263755364,0.6707600100790054,-0.1897440956423858,0.07104433001704416,0.43761454953412804,0.17330164521770672,-0.2439549000657608,-0.09095426615861131,0.6755084068195014,-0.023319095637822647,-0.033398757178527506,0.30337860035657876,-0.4276094186166044,0.6148191476296293,0.16880285814972892,-1.2218942108844417,-0.39519379695526835,-0.40653677822120615,0.41317564057005973,-0.5197111383459833,-0.10768266807232077,0.36151412314642006,0.17040704586330166,-0.32485273586527563,0.24138572893407567,-0.4003468107343024,0.438049132843248,-0.3901839038656349,0.018825698821872437,0.03886130112172586,-0.5443044848714504,-0.2867865469043459,-0.010623893050428572,0.9231551593776467,0.5034836232790831,0.23125514873109257,-1.0258180521739444,0.10320233436252767,-0.11550785289707864,-0.29360796769940034
0.1467038059138683,0.2818107385466885,0.32491885994457603,-0.6737331876351076,-0.07026909874483464,-0.4971294785994491,-0.38267577856543417,0.5454850554427277,0.34789174456683924,0.8100471250492896,0.31744086056982,0.527267761702247,0.1442845757130934,0.8118489163420364,-0.24069694082506649,0.00900104604832426,-0.5072480828588132,0.2260821709482136,0.8218357053186446,0.6506201230495511,0.10093555896308568,0.1727444956086708,0.3542487743011236,0.5792500166754853,0.4666124536920661,-0.22457931290628153,0.1695773030058633,0.5258670295966139,-0.6265119466581067,-0.47502894745051294,-0.6382892584548503,0.2721320586825013,0.06082788616072416,0.26759982741729516,0.3945269535894448,0.06920204048739713,-0.33069864277542094,0.43425125238042217,0.14227629081565918,0.50370174379705,0.5508346839919533,0.3175743936710608,0.3047013070793254,0.2228186129168979,-0.3054998086907054,-0.33725629665272716,0.02264537919692673,0.23333762935994737,0.15227373019816914,0.3346056012956772,0.0991107118217682,-0.12642912252791574,0.06797865431691576,0.5533032669029879,0.039670560105129954,0.26399369458355026,-0.577154383080052,0.08426933622657679,0.1954855819953263,0.0005002041388882819,0.17748290562402463,0.11230129703703633,0.8115692924782338,-0.6640268812827399,-0.8245219500146713,0.25390818290460193,0.13809199663775834,0.7224800201403971,-0.09733696474028336,-0.37309389234931306,0.7024614272059844,0.12897926281113695,-0.08072839805005205,-0.28348839358707734,0.7308948907095701,0.7393852097637116,-0.5929248765335844,-0.7300214547810103,0.24275150205648988,0.2577832440338537,-0.2231513685431903,-0.26434382215478397,0.3501781749143671,0.7260586366370746,-0.08233973751624232,-0.7006839398337635,-1.2344928942339701,-0.7084792911842577,0.307010269593737,-0.05421885099728013,0.5222811452034617,-0.3288788610753658,-0.2068782495668691,-0.21190687108710513,-0.47270514319733525,-0.15966677242008703,-0.028490083569884632,-0.03690543508008602,-0.4092249703556527,-0.07180355022781461
0.4818399256416887,-0.2274464000127286,-0.9339492975141522,-0.16475299630012452,0.3621441935050536,0.8783363590420536,1.2838926441184333,0.7729041429074148,-1.2705860176033508,-0.46825851802721014,0.04383237406674584,0.7159373751441169,-0.1146978221109532,1.0431470204269282,-0.7064895685594448,0.44832888056741943,-0.30260326966884066,0.1699902794241544,-1.0675789451342022,-0.674973917273312,-0.38486090612546453,0.07240704644263087,0.614066095429394,-0.25127947796903266,0.9040192954493877,-0.3042820834395271,0.2049340268522007,-0.3066016978706737,-0.5964418426841608,-0.24831289339569143,-0.009259388790876637,-0.05567182328950422,1.0607406057363296,-0.20112252101378975,-0.6424612979060216,-0.15950308492836482,-0.6699288633881885,0.1563901019267163,-0.6470361756763554,0.2097555484097326,0.6981350288455654,-0.45219051434331325,-0.4306965219491841,-0.40236852802582934,-0.30778978865101503,-0.1261070611669129,0.9960025867982673,0.9267036521905453,0.0892150552729456,0.3627525434771231,-0.6842470909495234,-0.21101386804589653,-0.434606575078256,0.7213723446587542,-1.0763086927635217,-0.33565214043792824,0.04022544354388172,-0.36899310954151987,0.43956279931481107,-0.44457460443230795,0.7451523692727016,0.42662308708051355,0.19543498875564844,-0.3469374832515058,0.09373047543557571,0.44962632107712075,0.5932259350697648,-0.41792745563891237,0.8616129712694703,0.21703344616309447,0.4996440686979909,0.5879641684820164,-0.5038523356466484,-0.9348314386682827,0.43493898665092934,0.04542919445591441,-0.16461966781228118,0.6860501273935811,0.0009701978499427703,0.0981356925137339,-0.22664387909531697,-0.16503230507158942,0.21716132735248803,-0.35789009501039487,0.2935478581706295,-0.20693104895539033,0.0166310623050465,-0.6694685515986193,-0.3684078022631255,-0.19887097316990965,0.41288123913183705,0.24210946002533068,0.5303470492553939,-0.058392997129985275,-0.1748974776911151,0.006150584480096198,0.12286050473550986,-0.9534223097188963,0.3752436640213728,-0.1096883209966423
-0.6292503257408937,0.8226375977831465,0.5246430461242229,-0.8397898996174192,-0.755927007744247,0.18624618993950304,-0.6596337634598173,-0.5399584739155101,0.6843330497194793,1.3170308883409363,0.3975677220951892,0.3543815542935651,0.23959073602248532,0.33531053082749934,0.2652462727650146,0.15919776543910524,0.02059578155185471,0.02843946585818874,0.13722687429956862,0.10861224292189797,-0.47160938313155215,0.017098627788466627,0.42667971155151707,-0.33938949064571194,-0.14135390424439437,-0.7072945572333467,0.7699196429362515,-0.8644445962255034,-0.11146894442479734,0.5374833530194487,0.48865538365284583,0.3287399490503309,-0.5103848505761168,0.9762921753161747,0.220770323532746,0.009647765727581173,-0.607970216394586,0.13255473030283885,-0.5362877865753369,0.049347309579218374,0.042557621150926477,0.1949736755900847,-0.5689067572385571,0.04495333047842987,-1.0339139411838218,0.30101712369426337,-0.7664649274320512,0.967642339441207,0.4239991145410349,0.08595830903023588,-0.03199284164555071,0.08383359675588811,-0.08293496080273575,1.5642018687055168,-0.5097979689505394,0.2298867988635985,-0.6697960971286351,0.42803933228879815,0.1238228443962338,-0.0749641923304212,-0.9440435186475594,0.3459827213937919,-0.2854107278662902,-0.47545922385075506,0.37176958402384647,-0.17411138882108182,-0.3562269560797911,0.08944306413563446,-0.30085590935099743,0.5497156623432718,0.057786696244907315,-0.09480647119824871,0.25200069822962035,0.05766040278774683,-1.0020582649059881,-0.20739850709567564,-0.41453074782091,-0.26213385006287077,0.2543662352209154,-0.20151239170824423,-0.25225800525266023,0.6212307996050445,0.15530063297968705,-0.12822446160473344,-0.24563773839119024,0.022746112123062948,-0.9810079017102552,-0.2007150262379436,0.3160582671866971,-0.11489198778360837,-0.5637525787892861,-0.6747252820304086,0.3565682970982492,-0.5522662050798445,0.015261613089408052,0.053051740038772346,-0.1075297378522607,-0.3612183828631943,0.37256088221232075,0.26871685971477377
0.2872425572748044,-0.4288725270370466,-0.2856319220637137,0.2863275422596354,0.025725622810682552,0.19671159842195593,0.8132251440775842,0.5792437682234528,-0.40230834091775514,0.049484777422831555,-0.10659712826085936,0.5498321014024067,0.4172521406569184,0.062305443532357424,-0.05477475366019424,-0.026513163624792835,-0.11845069387300294,-0.06271573425035609,-1.4773038248259722,-0.3293980188158546,0.3882136220079016,-0.6762553221370751,-0.05178797640341631,0.006935541287000807,-0.02553462476990244,0.3888653464915887,0.8728979682828247,0.005717284759122318,-0.5575498473668631,-0.10289844180103302,0.22780988429205293,-0.3519993473760989,0.3603638726821445,-0.029625545329219932,0.06387750301767287,-0.22709548908775185,-0.3039448730230214,-0.2449242439476546,0.16742759715880337,0.4028784657066176,-0.3622990421501485,-0.4386505009485569,-0.07966602049618442,0.406995042171143,0.5093270132085436,0.1424918080004378,0.2541668029527888,-0.7514320625810138,0.07446219943789228,-0.5289358421236486,0.041003932205412576,-0.08225133145886891,-0.2785307716368131,-0.16509550009620977,0.5310521681150232,-0.2630440358846869,0.254349305785037,-0.877519217387096,-0.3840718823850791,0.33380671155839864,-0.3287623701036962,0.35282829647184927,0.2870948643035776,0.4504547461577359,0.18277397100557324,0.7772352636380007,-0.758289009505133,-0.5452003733730559,-0.21019278805259034,-0.5722553495475107,-0.8134631269072503,0.09665522770395023,0.4022218403331967,0.40452760145179956,0.9338219320172726,0.23280511708104676,0.6734759378816049,-0.3570604046419946,0.43851813353746044,-0.4203200985942864,0.5126537838385099,-0.2006843568327537,0.5688172478962483,0.43577161652000596,-0.46600293628433803,0.26279017073000116,-0.712713663691311,-0.5057003093262399,0.1551503995411715,-0.047271329275961005,-0.2897117485958711,0.20839449125977724,-0.4103175771968735,0.005298897878423525,-0.0005725742891968154,-0.5693526548997809,0.2852410563179689,0.7041811851013172,0.952587813939647,0.10327633705567844
0.8331198546415683,0.08775107795203752,0.15962344501392936,-0.3426388471381806,0.016076900521614756,0.6902644762774536,-0.3322963349228879,0.6386785581839454,-0.17161134581226933,-0.2939515118236541,0.07570584449847906,0.3639751430040461,0.12572271407360178,0.8048226730249671,-0.303166931834784,0.5721569998553759,-0.2075024259876263,-0.6638408058149146,-0.49684422566809916,0.26506513572473644,-0.13479160736709642,0.46551090800994066,0.21520075040762712,0.33778219292050493,-0.8604853726875606,0.18005324468171197,0.4534031718331799,-0.4055957096195386,0.667267764805066,0.14520206307418596,0.3166577984722781,0.3375110900380847,-0.7623274142426234,0.6023827034181825,0.7291463570559272,1.0464175712181234,0.36534629657171974,0.06115976785245254,-0.3741142588230444,0.3963613621060502,0.57802369861633,0.20476999344894503,-0.18112971161684205,-0.8911238793948241,-0.383024833946852,-0.10757256123673532,0.312744350992433,0.4056827626499591,0.2366960421777874,0.389775579386899,-0.12379327564796862,-0.33602920291912736,-0.15075278655690338,-0.270669886881723,-0.615809866302743,-0.2967886303854447,0.6490342701013445,-0.3281328742263115,0.9425689692433948,1.0086074703190104,0.6228208607605957,0.12188404557258592,0.21292371097362245,-0.4160442564401549,-0.588466069045437,0.25455096386338644,-0.4998878914724528,-0.5919936769608874,0.336634022702975,-0.2402618851212148,0.9545258253691058,0.2892654542010599,-0.5659372692775421,-0.4477280472313158,0.06268287595603327,0.28273412206764126,-0.06446779482477359,-0.10533542094287797,0.45010573912245067,0.11766011388411489,0.37514925713140757,0.31060742475303066,-0.20865089555896585,-0.5302301818054443,-0.5361231708425568,0.8408142682887986,-0.9571352774917082,-0.4998313876689912,-0.25976123968188225,-0.46110358492305153,-0.1388251745390325,-0.09194033014706707,0.38196446620137864,0.15180635902775005,0.09301440210875363,0.4422015567067507,0.024682882128304114,-0.7870381384716155,0.20124183691596667,-0.494226130543922
-1.0935204047845535,0.9409900102224967,1.050039574838143,-0.9439913147167495,-1.4216389188415801,-1.3947388227662703,-0.21402659164077986,-1.3573098107219574,0.36310075613801485,0.2342655566388706,0.16291993348736977,-0.44293223692769995,-1.1350299259972851,-1.4651317449146395,1.0343662331528292,-1.1440781829223237,0.7813060411460554,0.4358469712989876,1.265829965795585,0.796804570844557,-0.10098357451117237,-0.262447987145244,-0.5511407302247091,0.037614247904513995,-0.13607942688622784,0.3486843342138216,-0.023254843654907632,0.17937966568489555,-0.1406344323242133,-0.5338905921834156,-0.4662745719853322,-0.07081073403909632,-0.6782344624438746,0.09238194912917684,0.23340463970019823,0.5184071918298173,-0.09579037327484836,-0.028636945095263672,-0.028812832802346852,0.4946075376329827,-0.027139075085605306,-0.23900923618619446,-0.8093199194890155,0.2066636939599684,-0.4640372162092056,-0.03442749745388807,-0.5895531926552405,0.060529363203478376,0.1773692211502429,-0.32876264799205096,0.05513184472254104,0.3555723260641644,0.5886924431048606,0.9258870227461407,-0.4236491784463198,-0.29742839930876824,0.16008044864787663,-0.3905509773346896,-0.22413316344517462,-0.7735476088715411,-0.8590056315263895,-0.2987627190752183,-0.7255598339103403,-0.3232333272995573,0.1608789688256252,-0.19780171310368996,0.14766557803903507,0.9242071595880152,-0.37527598152353564,0.6349483700660589,-0.1297788177441817,0.2894051366270846,-0.041857027150241845,0.13418447773071424,-0.13459827096687052,0.5286305815288359,-0.5436648525999295,-0.12191800254492798,0.20086290845461977,0.1939605987876719,-0.09332051308160587,0.545215548134065,0.7356645973059704,0.5707654826295409,-0.11868283039390139,-0.23084253293193424,-0.07562254551022425,0.12559493314446044,-0.14407718590086616,0.14861538675670088,-0.2653965702737852,0.24859962056513038,-0.5756112629414953,-0.03708284679168936,0.2350307885837147,-0.25129811067757113,0.2641373630814411,-1.031223303183177,-0.012399989530251006,0.5393724437798226
-0.043606401867999856,0.48937204133726964,0.6273168128260428,-0.1347835273206548,-0.620638512207655,-0.4532740621300465,-0.8146769214974331,-0.45863220479877437,-0.11740096217192253,-0.015059377014652653,0.5460524230434505,-0.3365644536440901,-0.7824214462724586,-0.7905150475460945,0.0049343267890357145,-0.06242496245053636,0.754760663909043,0.7010218469104433,0.5036965209759476,0.25408795220873703,0.3450109520986772,0.10386556762154023,-0.12502419061195316,0.13438588080379815,-0.32443760346550715,0.1134346687489327,0.5378410577648827,0.3830163817254279,0.3683676723412926,-0.1294828511812396,1.3708712796600866,-0.2656086687083838,-0.5339463068869681,-0.3001973929768658,0.170308826293889,-0.5807810295689544,0.19916614396260715,0.10469260620609222,-0.22932711792665625,-0.0487569658485948,-0.5786752046814418,-0.018868025987906996,0.024916655772259814,0.013025818022508488,0.21009956794926854,-0.11203588729562544,0.028735189275832556,0.040101272899934017,-0.08670131129528179,0.326471808528227,0.8223620336747355,-0.3232033223687067,0.2538841155964449,0.2386372080534823,0.023570840052335004,0.27201026580141396,-1.1903927360581348,0.07248013424779894,0.34537227886086985,0.3946895082958004,-0.3066845421451782,0.5082134678340625,-0.38799474331526945,-0.033462363968658745,-0.06516680689514222,0.5301510144212251,0.2848349088721321,-0.5056195301570451,0.6782390821222936,0.7407917709424416,0.7835370620563182,0.5516496818403098,-0.17545646321025066,-0.5088575092581381,-0.06532715375272215,-0.6358572442317626,0.09145783594633272,0.0017643399064001843,-0.14798474993887112,-0.4002584817122752,-0.4274223096456898,0.20916805704237043,-0.12080887702089686,-0.16983190625705907,0.000279546621593633,0.02667934395525455,-0.039708131643357986,0.12798548374873162,0.39515751825722345,0.5881603524784943,0.12066274310582303,-0.5797756708949934,-0.2138219590506084,-0.5244547563693239,-0.4271049775426429,-0.27651403666800467,-0.11197172525957706,-0.33959174853233737,-0.14654682991110438,0.026657648377734502
-0.6684172532243817,0.19630715365936013,1.1045943026705096,-0.6353668115592518,-0.935787611427524,-0.39622967371103446,-1.251627922636483,-1.4785188966166634,1.2491063606866812,0.7747261312663808,0.41968100363887606,-1.3132049997005224,-0.839990374243781,-1.2907588382339341,0.8451592847543679,-0.9269933471744531,0.7073047879917029,1.0332035206602885,1.386538659918121,0.9214648340502173,-0.9266434553703398,0.5777970091270607,-0.30745999480323993,0.4849605421063704,-0.041523697777870155,-0.41430628496842764,-0.4684176206207117,-0.01681500797583096,-0.24458691230618682,0.1458505467525692,0.030819022654807928,0.11164382859011042,-0.22947852828519982,-0.30754290784298144,-0.5764084669445062,0.030220737505664327,-0.17962999823026032,0.22064326700728812,-0.379105688171365,0.45057128811439623,0.1038692028309403,-0.9040985051488469,0.7277300495501787,0.8909312560155843,0.019464725385517304,0.5328574610382707,-0.22100099813734844,0.028170394640006792,0.26481477976991613,-0.5276897345679069,-0.07023188742334843,0.8428692286645626,0.8493337450839238,-0.26731350138995374,0.5634422418139344,-0.26808687992617514,0.5788279828046493,-1.0026483428354336,-0.06731345815019682,-0.8068290900617874,0.12012588616765843,0.08609498818928107,0.950360942269135,0.4099615641064264,-0.13758976257225844,0.3506526682944808,0.15939171679798012,-0.14285313235469443,0.011469710433207252,0.19001818535606524,0.2761376216395908,-1.0335079698544065,-0.6726542598485217,0.4928276553489019,0.1462823206106525,0.0057240597581416156,-0.17573376114034664,-0.2305672043132472,-0.06193213973677022,-0.537518991619235,0.6753782937246104,0.5248700823376797,-0.23461475365012116,-0.043276354462147754,0.12086441206745105,0.35143387930864756,-0.2128485437973906,-0.058038771924329824,-0.18719756441454363,-0.06444755328361253,0.5145325032327105,0.25156859483806565,0.4143129801670055,0.0064753854407413386,-0.26819238320031175,0.13107500019239632,-0.2834302992601149,-0.886170030739763,-0.17675399113646884,0.7119292417537757
-0.4773139199639906,1.6861114735344351,1.030174930428649,-0.1488732958550476,-2.2673851585474827,-1.20634180781097,-0.976075760493165,-0.08854024902036584,0.9954725352747724,0.27055033236424575,0.7653194550505554,-0.7982858011707311,-0.5436732579065721,-0.4005897880596783,0.5732990301651251,-1.0863423074455025,0.670311478686528,0.2251951394088404,0.5859715328271855,0.46863516698808855,-0.745211799286601,-0.7422159704600272,0.454207480094775,0.15046857579021355,-0.28859042533891405,-0.02582002413534187,-0.21404079230392486,-0.9398193615731513,-0.050233496215535446,0.6874967046804612,-0.4877904132142564,-0.11081762501586101,-0.8400642587885779,-0.3523006597963217,0.2278020265052206,0.547388264590204,0.9037011671940118,0.29831674100191324,-0.6005021682830683,-0.04335383630585938,-0.09773426856095699,-0.7123833548555244,-0.046532435815958666,-0.036376665491987335,0.3482887364426055,-0.05025698354225621,0.4077066999826315,0.7127053941157432,0.28137409402941144,-0.2684346809544617,0.08630788768397858,1.4474856926368713,0.0016745528000745111,0.6395947629191066,-1.2245127390517039,0.16352005620037935,0.5295292532387798,0.13865611950622522,-0.009257787552048147,0.10161852357818592,-0.3319801806748644,-0.6575223406944989,0.26972902474569416,-0.410938206875318,-0.04301037696098909,0.9019270469215755,0.20138271792750065,0.5508684713791006,0.056640629706313596,1.2942142550698272,-0.22034633571439097,0.060328998917105026,0.16223186651424384,-0.19394232887456925,-0.19184303074650189,-0.18306973430515455,0.11187247726658663,0.2919881250540384,0.47253895552369785,-0.10389739404196807,-0.07208751113658839,-0.2702237104281887,-0.23400264417320352,0.3040366989442997,-0.12820028334432187,-0.6010203367325764,-0.7641678305928362,-1.0750507259908009,-0.12055417503628882,-0.3289189916492655,-0.0017260070161525007,0.5153875593155872,-0.3929709385843425,0.16661642528732187,-0.7072127961342851,-0.26501780990146845,0.37072893956601055,0.36189237352286957,0.20138980482901186,-0.5658467169284866
0.29778314221107166,0.5235252613526795,0.7389136440615071,-0.2407369549515161,-0.5929767669766561,-0.9036066817362649,-0.19379003857819296,-0.24691403007734863,0.3508237414450688,0.33366740884771773,0.28456632683656535,-0.5349399901440554,-1.0977074341346893,-0.6324263966936212,0.2123368591332111,-0.4945979758159311,1.0473138270277729,0.24892312179727633,0.42718752070262084,-0.03645908280625976,0.46945804233585403,-0.12238287602830372,-0.4649990430118158,-0.4148147523412101,0.7047456154172388,-0.2539502904776589,0.3345053324204339,-0.3075368976231675,0.8328215551706435,0.21845587586678547,-0.04574860486043103,1.1051307380034916,-0.05563830812236791,-0.20320120491402743,-0.405090944923902,0.21328322391958293,-0.05121722855584033,0.1931456178148501,0.291021046407208,0.4083952176948276,-0.06536943834617621,-0.11125160466269687,0.4984218144242199,0.49363502206649096,-0.18208754015827022,0.4584832629639794,0.3887680074849181,-0.488755800047835,-0.25428755435804523,0.1266308569609548,-1.15719012901009,-0.4625942217391304,-1.1971589226633448,0.306761993353725,0.6768711616848145,0.17180753494628545,-0.3412324626791538,-0.6295728414777688,-0.2213328699128927,0.07123614290484928,-0.07918653034209698,0.08708389875228773,-0.5242885596285422,0.507545004295517,-0.4390948781350554,-0.04218084049461018,0.028850399126716043,-0.4388016711939824,0.48340580406276834,-0.015501037571407122,-0.06315829324366899,0.04518847900806678,0.022233244420313346,0.0017084930846390672,-0.26265293239532755,0.10347823112417127,0.5823542259537886,-0.35179150318270364,0.9017845952643154,0.10375718843363654,-0.6897158050123916,-0.5116866721101743,-0.6270564501553825,0.26061693783669676,-0.447884733385804,0.16104482224961142,-0.6705359262109585,0.011285992714735057,0.15430817096054,0.4779666105730459,-0.949242216184987,0.3424490718878042,-0.29977595753619635,0.1847865888721179,-0.4224258021264649,-0.4733485948403648,-0.9771792870874862,-0.13783422985482421,0.17165175870184557,-0.3426448013275735
0.13409499920815363,0.033933422593678514,0.024767351842172963,-0.5396195752387596,0.2356539044651838,-1.0076840714411484,-0.04168078282163551,-0.29440569142134126,0.043820974341249375,0.6197427701917287,-1.008103998464762,0.07898592426558185,-0.7191553549101202,-0.5142496947437332,0.8919839786653303,-0.08373663221575149,-0.35025353639844053,-0.10416485461740546,0.9106681548502688,-0.1319690056471465,-0.5832808474411966,0.29684740719381486,0.14425397907927437,0.27667849497379077,0.17883437495972176,-0.39761793008056145,-0.349536079956194,-0.07714582981546814,-0.03170205347274303,-0.38167919293708713,0.43245911626142614,0.11301185597283621,0.2945354582443325,0.010927731856490486,-0.6747841613051935,0.1740296031831846,0.1963406743573104,-1.174563569441892,0.03947937681362951,-0.12268893171421215,-0.10819644558306843,-0.44921958146999663,0.17787603669587188,-0.013548272929352793,-0.13430080631049268,-0.09188397508196201,-0.8907838717155088,-0.20111869960682394,-0.27688659610656907,0.18272834566344984,-0.11897685367018994,-0.3821100047035215,0.7128685767046814,-0.4815619103605945,0.37231156669084664,-0.32410369898977204,-0.3680862379878303,-0.11885654464664142,0.21723368900626608,0.4216097965060598,0.7125387072572693,0.1369845440672368,-0.2781521570537435,0.5911674637400719,0.26506660058117953,0.19902282039197353,-1.182465354291569,0.029456115741551197,-0.07016993491270775,-0.7128037662886226,-0.5627272919701624,-0.6771380954254292,0.7782814055394429,-0.48494590195176585,0.09773569063751969,-0.15765411939962784,0.8877128291125426,-0.1367275788914371,-0.5585763521855085,-0.2614731626295415,-0.11760439777378065,0.5458628932578639,0.27762386242338344,0.3133778227162856,0.30611939971217467,0.2759143343937384,0.1351748414202619,0.2476948458960453,-0.08784572323195274,-0.20971606843435625,-0.21620419448749897,-0.4985989988929511,-0.7682781332182994,0.5464360341706536,0.22383928334257705,-0.7956101068536997,-0.27836663869789624,0.05202381073653928,-0.7582339225117586,-0.42241413967778
-1.499230476086583,1.6365405883548207,0.8182965025162184,-1.098577020879099,-1.6226102564696356,-0.7902598516954144,-0.9787192442267054,-1.8970232550288513,1.3223520730050773,2.009230991593173,2.1366831528384647,-1.7537666514797814,-1.9747923875831255,-1.7380285807648321,1.0031432525877557,-1.7406501946144093,0.8624127968534264,1.0116008664768796,2.095150191408939,1.4169282914015695,0.8331839615729462,0.06355601691330004,0.2854198506510677,0.37841045928515044,-0.20445152943964273,-0.6427331426793094,-0.8798426320943925,-0.2069614421883139,-0.12387036488962795,-0.8594841981910698,0.7043761777268341,-0.17765617819438953,0.052085720483520455,-0.5109671940382684,0.1548963491155429,0.038755814543525884,-0.6540111453257368,0.4079983126626114,-0.6762931942375318,0.21413880598119894,0.7156794844470413,-0.15441508670873078,0.53842588042905,-0.006421567253640463,0.166130056276036,-0.0824936164577798,-0.04591228981040614,0.11844641210181601,0.42049842360569606,0.7562551970247771,-0.2631455825521369,-0.5984266674264224,0.15560759107767808,-0.025144075835529016,-0.3439306224573426,0.40662767514195863,-0.017066617370255253,0.0740645479907505,0.49719811233288036,0.665023475109695,-0.06367692286304506,-0.2661101342436978,0.6721995296157002,0.5099224783691731,0.23546346059029727,0.31408441872537857,0.13667398743833695,-0.6236224345089117,-0.8393182808592452,0.23720029718890084,0.3084384333895963,-0.18045662388044256,0.6517691694886554,-0.028973700685629048,0.3301598168832378,0.07732636597063951,-0.058837496700049986,0.5488477629629306,-0.5507843344989802,-0.3697694708669194,-1.0197486873243211,0.4824765308656349,0.1697360890723554,0.6774944835369687,0.02637101671799312,-0.29804792442691525,-0.6510537598906319,-0.03203473972375054,0.23342170112116487,0.23731280292482457,0.032325997825939944,-0.17572761756692717,0.46579886998201914,-0.45926485374442905,0.549790554952594,-1.2152674230129403,-0.6105907381614175,-0.11026900509135056,0.21516673275623302,0.32380370254142476
0.5987722135644598,-0.04335336033978143,-0.365124667589536,2.073337110962192,0.47035761533281567,0.8104783939711211,1.2967860124462793,0.8672558871669194,-1.1430116534542347,-1.034774406903423,-1.0242274129052595,1.6706416727157696,1.5706102834781728,0.6575423461848924,-0.6389624615712971,1.2967895262351332,-0.6149715191548286,-1.547115061709795,-0.9848625109803912,-1.7422808343371137,-0.40019388368787373,0.4047852218187286,-0.22071333368203772,0.11278416316326023,0.7366783063928827,-0.22588537402767964,0.24271955944391937,-0.19600727547377383,0.08090720112143471,0.27535142080908953,0.02916020872625551,0.026630699318099034,0.16245796161627063,-0.41783072840585317,0.3806674347921908,0.39195338810489344,-0.11063695786894402,0.09952239661813261,0.7250269128402181,0.10154901924025961,0.1718118274678336,0.2590565895948059,0.5816435013426415,-0.160086319446767,0.2392720382794992,-0.6839230200690863,0.201222914997311,0.8172614179726561,0.167137309606602,-0.06452546776496369,0.18892424254957133,-0.9100591511705127,0.007783122732948764,-0.9947920548370341,0.34283909387602374,0.1714541970048992,-0.032391737642997846,0.008484318788330237,-0.016893394260803617,-0.7541164021882945,0.9605421327289259,-0.4316260691203541,0.1798684200222816,-0.16658100825498176,-0.0517580482288171,-0.2906978875573997,0.5286034598378305,-0.08384649029239738,-0.35926569079555826,-0.3615394040206119,0.8927559987512742,-0.3641188073593506,0.07737610997334085,-0.2268725607184352,-0.22225001014123102,0.05035586804866299,0.818471637976704,0.6299408791358964,0.17508478890488388,0.31595398490603294,-0.39377307401140166,-0.1892675430649373,-0.2865068849250649,-0.9986618119158608,0.41424661649691247,-0.3501162259407733,0.1404969572048586,0.021357653688656286,-0.26540506063388625,0.9866110601327828,1.1211367250735653,0.5575640979506116,-0.07059886686629004,-0.03448093084126242,0.4009942151519173,-0.11813941197446162,-0.11714178334770363,-0.015019063582363858,-0.26964035552059096,0.27341388784365056
-0.7233949738542145,0.6058223090606653,0.15236386480167674,-0.9020172269045191,-0.8063278953292445,-1.7012738399120528,-1.0058944641723435,-2.135942606397549,0.9859548619652172,1.5980913892096245,0.21650578606536863,-0.6774003415227715,-0.8113760143671916,-1.435937947576273,0.8449226655510635,-1.4512828654939445,0.3249885239936141,0.39482742493192335,0.4202285663324996,0.8619905339258684,-0.16454391008654828,0.052525541907663474,0.4447420437427287,-0.07425236904108441,0.2326462837347388,0.8736792393909226,-0.6181782810443102,-0.30975277923874645,0.5203247750301393,-0.40410657576777104,-0.2857462553957158,1.0059026918032066,-0.5048313128976459,0.0024835771568317354,-0.5326148577176226,-0.47853775533698106,-0.17814729604024243,-0.5622353046208612,-0.48237534504164986,0.25627137916488946,-0.10305063036468785,-0.7007586358176665,0.1278399225864783,-0.12503585450311783,0.04386447516572211,-0.748718444626802,0.33690566365133456,-0.4377126360991028,0.1490833025859099,0.028049020234600017,-0.3434839738200119,-0.019200791309451678,0.49319296264176316,0.7341623569549619,0.9955336385844451,0.44803532354121534,-0.08641472728905866,-0.5188712679186155,-0.35057849384325984,-0.15893229858866673,-0.6089209701809842,0.34595785842521465,-0.1914600853823648,-0.17267780065382882,-0.1564755584472087,-0.31793908732817106,0.13052354884432116,-0.02497827354592413,0.25681908037838785,0.5049857553649202,0.1982103853509023,-0.33140886514002715,0.39644675713783945,0.38833153951338484,0.03217029464516075,0.20456260261396203,-0.30227039287842644,0.7310916408444301,-0.17129339783299602,0.5691043329889176,-0.8779703397131385,-0.0303554555563462,0.3095556211585268,-0.2123330357158772,-0.23687842897369876,0.44646479561814423,-0.19413082974729812,-0.42201229281741454,0.11168644405834566,0.5094848747775468,0.8676578896054304,0.06123645410513554,0.23607929702297384,-0.5035119763218172,0.8326146493027664,-1.2120925273490668,-0.5784783321225122,-0.10756074960704383,0.36997753547448514,0.23215653873271713
1.74880057856687,-0.24701186955196242,-0.5120100125808644,2.114455236071896,-0.4303650412237654,1.407751081738114,0.8016707502089319,1.3340155420466426,-0.6739065675920803,-1.4721549531302027,-1.2313780986228828,1.4388892632280827,1.4314639758243224,0.9584763649310655,-1.37648559568373,0.7778369404124794,-0.259376679613165,-0.7494666815606777,-1.358013026333259,-0.40871954514286335,-0.09283464500585692,-0.20587797862974838,0.47379410777179143,0.7263718338153621,0.22604978489881894,0.2481742693823706,0.26551572418314995,-0.7282888733456285,-0.5243863007213546,-0.43062611300721426,-0.20420789401925246,0.6264123329169599,-0.05651037550764476,-0.20479158702748473,0.6621914971631189,-0.07454389085229833,0.22340026475416774,0.10141137306242248,0.345816264297286,-0.07920547247153654,0.22326370381227637,-0.38729166179869945,0.13505841827470408,-0.15058034444674567,0.07075773928398515,-0.2518716540376662,-0.11312372810841555,0.11830635113662956,0.12960940276995928,-0.6033926873679349,0.41701400019425017,0.17289385708896365,0.1412176184946801,0.2243292126120896,0.850904873085504,-0.6763126702465715,0.47480218875805025,1.013731578682613,-0.33483851695545164,-0.39566876129775425,-0.06221427674585561,-0.6378097298745726,0.03326421064918131,-0.13881313175487422,0.3358529335013747,-0.09337312859133731,0.15980073854339996,0.11382677898741127,0.030046467793606202,0.14550268927249174,-0.23041381697418642,-0.31700478347527994,-0.16324670656664353,-0.5191306981045524,-0.661606914844438,-0.1007460868496203,-0.3641696397682397,0.27426700444827645,-0.2828817716886438,0.45372664961125064,0.7465832975169703,-0.09622385373892081,0.3878708999591678,-0.051714933142925516,-0.6755503002330822,0.5596422387261356,0.03718423236705274,-0.3184178144052211,-0.2478552865411952,-0.0008371562891858593,-0.004062642154491649,0.0784986650837961,0.027396344474698835,-0.46277319601446426,-0.22429047724061316,0.13064894784109685,0.6944442985191116,0.18213309388059323,0.7733888798912754,-0.6417707142850043
-1.3909313727247894,0.3405819445895035,1.3032103014995053,-1.1406820094008137,-1.2440300301414804,-1.1307540936208307,-0.35623262307034465,-0.9837960592003391,1.5853401031810863,1.1815625494128417,0.9310341248102604,-0.9298572554381204,-1.17223197966545,-1.6324906754648798,1.2638414773048163,-0.9138985443808834,1.3431258161211046,1.3685499393130849,1.192280515800409,1.492143167926934,-0.7030511373747673,-0.041811321093419,-0.46799651008226273,-0.46779504839148073,-0.16305242061783623,-0.07799167416896483,-0.24723259847804469,-0.389898672806373,0.076574231820463,-0.753888261388692,0.008664883802843191,1.118905750164638,0.23709217409060324,-0.28063925115473287,-0.5173995795161471,-0.3915400200704817,-0.16720430217829643,0.33511391549844055,-0.111297897629794,0.2928446543585115,0.32321698057567777,0.5415004667931369,0.20344860943333465,0.9561528525809043,0.05341003360894693,-0.4502062056117704,0.6818275822496913,0.03948458820628971,0.31054442230199625,0.029511918104353385,0.021842986812342906,0.045533764717246926,-0.36076837348725516,-0.6067250222316667,-0.0712697652915097,-0.2588840521988898,-0.6478570493435404,-0.20866737045676398,0.85999833590951,0.16359144706781514,-0.2574408782969887,0.2530849112559503,-0.1404502274546037,0.8872280970576272,-0.2708035851988181,-0.7471458827709906,-0.06982976501394564,-0.2040167813417667,0.42719344950293264,-0.3220407869961415,0.10387021713159574,0.029962626012859768,-0.2870871257756526,-0.30607197948276965,0.9805014022999191,0.18150550668631338,0.0030008949892887443,0.07689114748631913,0.1267169825369295,0.06940014086984195,-0.19321815385514546,0.24198392244231487,0.3632436434196496,-0.7547547687616482,0.14668217918012152,-0.45823114302768175,0.9908397635808003,0.6212663767590832,-0.7020274346424907,-0.26259089350788767,-0.5742298748613482,-0.17748529717509215,-0.06990046428262685,-0.2993465281325586,0.5290499364193655,-0.4384134690678856,-0.20312247048988746,-0.036822908687551954,-0.5219259044052461,-0.3184263649118302
-0.020687458370831524,0.5070309443288564,0.06978682540358139,-0.7916291578761212,-0.9706980738099749,-0.388357643715558,-1.0508848949369403,-0.4909684999413094,0.8856315413202569,0.13025003730213924,0.9376998769542826,-0.9029412173029501,-0.10636600248344258,-0.684318823660298,0.8012433162292603,-0.708022262612718,0.6406738832906441,0.48567279209968717,1.2128586877902499,0.6499847413204191,-0.31790159658916367,1.137852736827016,0.28393218061492037,0.397698469361671,0.3621909585654649,0.13789662145284154,0.4191157675240032,0.15654307170740095,-0.6106993960711208,-0.24999429911498391,-0.8070786706104941,-0.038106714491511845,0.04733728310662987,-0.2710702267320625,0.3443832791679447,-0.7323326845686033,-0.22259273760474166,0.09561030450246395,0.07286251430708565,0.34488153671039934,0.39211582550793195,0.20009996120464066,-0.6460488974175205,0.6809808514215498,0.267402187004625,1.0155908748109759,0.11094196250593455,0.1490834157775823,0.47414828805676185,0.501687939900297,0.7760802663668881,0.01947912532107687,0.16451908767533624,0.10970540741301418,-0.1746069502482014,-0.12725858955724936,0.18384390706767093,-0.786296359580776,-0.47180460993087103,-0.21020352209835386,0.2227714933785048,-0.828874898444044,-0.08764575388169554,0.42760865049000285,0.5961107639133532,0.9123941144406027,-0.04056191482264085,0.272480200492937,-0.27420954179427637,0.3502695769399366,0.4179805968538551,0.5070148266454552,0.3350845787743346,-0.0006428564794770421,0.23911585655296874,-1.4086502467023132,-0.21440570463268915,0.35115062149615855,-0.4715121774246755,0.26387512384620443,-0.5063931012844983,0.0088794927180181,-0.03282368100876271,0.785035910517772,0.042996440401746876,-0.28196632350386297,-0.5751275691743896,0.19493920563319594,-0.47570511692920986,0.15248093074402158,0.18346085716224503,-0.2545721131896951,-0.1729427868969231,-0.08096510453360327,0.716094875017461,0.8409734572858292,0.21314944963756827,-0.5154185224227272,0.0014966933935664196,0.8889887098723229
-0.7653748862885551,0.3484905666686689,1.1838756033497462,-0.5360053867859266,-1.4034060694805603,-0.3186591115007217,-1.2423430134072504,-0.6719512125212683,0.5647353612023854,0.9117004359916185,1.1927770528890729,-0.8534722823091067,-0.3258881958728663,-0.48089649443026206,0.5333231932561069,-0.10827748133162962,0.46702595652484274,1.0641886396204092,0.7007485096839615,0.8922520620773172,0.014333145956211943,0.872071273248828,-0.08003343057480508,0.44258352104779614,-0.6573726657653431,-0.5887906424835883,-0.13497047420420233,0.5485458309778034,0.3120088614829852,0.17713775502052556,0.5553712082253879,0.09427750479882513,0.6558186474138654,-0.051620695857113354,-0.08564060934711758,-0.2538895370029904,0.04791577673914754,-0.7624684304843862,-0.7958664198193831,-0.4177978626954008,-0.5853489075099616,1.547329575392614,-0.2345732171850134,-0.38635001944120917,0.17027555529124339,0.3822852500548946,-0.32658434766091915,0.7318367028221442,-0.5630755507531388,0.07262820437404234,0.5087648649740881,-0.3383412516248332,0.6662913818428662,0.8097744434710568,0.22760107491894874,-0.6293178411518108,-0.32430900529191853,0.045463481191290706,-0.06115668942911081,-0.13802558483500704,0.4350127618892791,0.19697647985214042,-1.018458115898319,-0.3817794898555381,0.931081479798471,-0.9043461725140755,-0.6411101853626511,0.021032361599019087,-0.6068082306775688,-0.47732359452341067,-0.32554494187612976,-0.3263704711194129,-0.599836642223673,-0.24077830162392352,-0.5638722086540986,0.1481016177732879,-0.27147469542154296,-0.4417458225151,0.44955829174189355,-0.07083158734513434,-0.5876303521437217,-0.6219374101769066,0.17429078902923176,1.3341297517944888,-0.09144173039347198,0.44006148726474437,0.48540758453449484,-0.19011264026764707,-0.2461433959450987,0.6510161963727912,0.14860234518180526,0.7165176088453998,-0.23857872902049768,0.29626966600301635,0.29812199015241786,0.2071781423607362,0.17303104033555977,0.05032906027607934,-0.6028921232697664,0.09405301356866357
-0.25380225470608125,-0.8880901611904586,0.1299874839752284,1.1505597503351677,0.10296100805805447,0.3265863631511614,0.40685331760880317,0.29609983413491753,-0.43120260479950984,-0.027182436135913757,-0.5773068280643938,-0.2350371752987348,0.4250820035912277,0.4442062204816375,-0.13702109993764972,-0.3198754567355185,-0.37754936985523074,-0.30412270201902064,-0.988831349300819,-0.7255420280403495,-0.034065714747911466,-0.7065195347718598,0.3502629046058015,-0.1419619412391855,0.5136790483752944,0.15554013796111885,0.9467120513128379,-0.4169119478937799,0.22581774115986236,0.010931809798707743,0.7466936854804781,-0.826115743410989,0.3460697961815013,-0.07605577712888398,-0.5334133317537663,0.03971818705212658,-0.44072386038482597,0.5892511827519014,-0.4330880306082509,0.7358729960997715,-0.30769147101395483,-0.110618742220364,0.24923283533582782,0.15053605601185951,-0.24424350971617073,-0.04479425756110494,0.011353716790070351,-0.4711141089888627,0.9714458680066954,-0.573408938562819,0.646637921727813,-0.07120700511792719,0.27957385305306387,-0.23992647318958404,-0.19784132591512868,0.08960586909696373,-0.09961244131197663,-0.3475491209359729,1.084197614868903,0.6329709043292565,0.12659484551402778,-0.1390023667347293,0.0872087822649335,-0.43300591097798113,-0.43566115682317996,-0.4131246070429633,0.3288519359140118,1.5385809795892642,0.11369524135078302,0.4743071446740445,0.2637577531986802,0.10507835114543078,-0.5212310879230758,-0.025421735999939264,0.45444947900948357,-0.08679790588632487,0.39025530444539913,-0.7753236077895173,-0.696260035873271,-0.3233486394232852,0.07207892263234598,0.6947887406958392,-0.2916177906282524,0.18709211663290176,0.19482189631316632,1.0041700998517715,0.24951974532593613,0.6682130506710521,-0.4204836341895153,0.2439927789013021,0.01944521295736029,-0.09029290187658974,0.27727366475782084,-0.07363114574742775,0.30420876733758456,0.3240983722025568,0.17440419762200823,-0.13923290231958746,0.7266180979724387,0.510959030061615
1.2789914209150397,-1.3580101162193192,-0.6331681272800693,1.2115483537882945,0.9412156229136525,1.8098441516356085,1.6126374522899176,1.5742701107146106,-1.129485551930987,-0.7539244280637756,-1.371874384854363,1.0913537941117488,1.0423474920439129,1.2991451478096183,-1.4170800708401297,1.0859084989699848,-1.9601436324801118,-0.9572842199728667,-0.5149216876619317,-1.0690075029548634,0.27224486782963964,0.17136581796781916,0.4416513835785023,0.8339076152281477,0.4035391448784965,-0.4042412753471669,0.12315191298424746,0.024040213829909833,0.21065967608440425,0.4077182484622169,-0.07678935622964542,-0.2425904821448779,0.22978641272743108,-1.3055866439652586,0.1374968497260041,0.849138529403935,-0.1609555790147582,0.169345558794239,-0.2221009784136225,-0.5260366884635834,-0.369880319625656,0.4139593236730838,-0.7935068160332295,0.5488213686644235,-0.9556971338745797,0.15281414581088723,-0.20010771374477282,0.28488573833113606,-0.6869334780750662,-0.228235053193276,0.7293332302021592,-0.25651249211845323,0.4219148562930553,-0.4811610654015323,0.5292967305248095,-0.37815179573878566,0.1875229664713314,-0.7946275315614155,-0.9595939838341428,0.28266983512051913,1.0405823688292044,-0.31907073654562956,-0.5837512107923452,0.6462219621350654,-0.2461765107465882,0.09521261566156147,-0.35051505740736183,-0.01015645138578794,0.5997078428719718,-0.2227833914616019,-0.45873261926300046,-0.10114193405362305,0.3614767258567068,-0.860362746845427,-0.17069844313860666,-0.5524746685401588,1.0933457965053714,-0.229936131377527,0.09168169825555378,0.4659655385367559,-0.5734540654573238,-0.7282822150682032,-0.10854693215344018,-0.6810210379888736,-0.2838793635291659,-0.6973488901250229,0.38798175324952205,0.3857639094383086,0.02176277098088481,0.20995902597230914,0.6688569043363296,0.1859302934736216,-0.10533532738891746,0.15201411255897482,-0.8776761715205929,-0.4145444586511659,-0.22223345703162223,-0.25919734135867045,0.020860272154830314,-0.26781340802184217
-0.07384408041362267,-0.758453141353775,0.1777048730315644,0.970165875498364,0.284849090047297,0.8023728615400794,0.4105815979826024,0.8712487830214057,-0.7018459937877025,-0.48644618481869584,-0.5338573704031732,0.10749322906667247,0.6156057702863444,0.515139769972396,-0.4145386628011301,0.4834125453645566,-0.43529177870505975,0.5116263736588156,0.21395081882049055,-0.36098166089164335,0.49401533090874644,-0.1930475536617204,-0.39953342801877556,0.7867099855934766,0.33506518023025067,0.618324800854629,0.12558040950344673,0.1611266612719122,0.9102537937376592,0.16800374297412973,0.2989806464620786,-0.5667270945517342,1.1312228602858803,0.5150893361634363,-0.15531123222577523,-0.6494452867007563,0.08072690942611445,-0.3790308454053473,-0.3763148241815316,0.4109324957007289,-0.4955435289839989,-0.4405570934393114,-0.017651255126166575,0.22525048634365985,0.4742489185970004,-1.9829872870203062,0.5922357501997836,0.4740510115402997,-0.7712793459705455,-0.2638999618687118,0.19290067316770665,0.3435975430732755,-0.16754198505033166,0.5740872261441828,0.26061150044796094,0.6870202226325697,0.493970651242636,0.5222803650871052,-0.39023894757336985,0.4335909585570574,-0.41107972608009286,-0.31352900160308245,-0.07387704021382174,-0.6564754931865772,-0.0435593550573245,-0.8526377027002962,0.009675602630614923,-0.30099170106952716,-0.8247234452858836,-0.19248778680138565,0.7807764386352312,-0.783670042268033,0.09745875594535187,0.2973701092441392,-0.03447377799950746,0.15561807057545932,0.2507673008594649,-0.22218605752951792,-0.13410181932761198,-0.020343629599561784,-0.5915176913815633,-0.19022921891643893,0.1479336848142988,0.14952880123114645,-0.20337749818718237,0.2906273056042401,-0.5005260896329117,0.054601039732632035,0.15622843461063324,0.2753438784300185,-0.9916727612596509,-0.6686130670392233,0.7358283577396741,0.8161675431289124,-0.12528146544416466,0.19537541234419434,0.4699651663995912,0.3944420489983051,-0.2751988756238332,0.06981557247227416
-1.2325482816089388,0.5825972678060992,1.073162410278579,-0.657445685138738,0.18004092313396258,0.04267417194645018,-1.6694378863648698,-0.9132650915471351,0.898635294844869,1.2391011889497645,0.6477433896503169,-0.9175311419257405,-0.7493385150164478,-0.19090929404450174,0.9146651933272798,-0.18588938040407,0.4333249846909247,0.7195686206994262,0.6099622823107753,1.076803164428532,-0.3780340110144829,0.031394464062751065,0.027775894362405136,-0.5027713903903956,0.027374255251154566,0.03170981291325266,0.22958479527721423,0.04713905774392449,-0.8329775529717762,0.08280082988779905,-0.5005941906685231,0.1972548355987346,-0.11877486814806704,-0.7313292985291097,-0.3343836000327259,-0.10862036149995159,-0.5418268002112275,0.07556983488206774,0.6992823785368115,0.3419460185069238,0.35694643648585783,0.013213417079138593,0.27868718796813075,0.12874625252926955,1.4697354716539233,0.46808366183064043,0.8851044083178914,0.5424918609917233,-0.6372543235251682,0.5700345052198796,0.04457529419114737,0.1363320472356958,0.35030951814200645,0.011815664880685145,-0.3447353972160876,0.41908849440539464,-0.4169447538147998,-0.2750501247023414,-0.2599470396307989,-0.07179932946238568,0.16590878448905153,0.23439994318982446,0.304491776714308,-0.07011451746045934,-0.25684157623653003,0.13123050341281017,-0.13393614613464222,0.8598434327908314,-0.20521166272256075,-0.05197511685921422,-0.627371571088482,0.4336102511782658,0.4505501642609205,0.05488258335449334,0.6503851517710143,-0.04517050920728928,-0.05226447511774575,0.1193784154189726,0.06229781100841223,0.32690216292280233,0.34155223792686873,-0.9364445539369982,-0.001105515006612658,-0.0044128561763659875,0.4551532260476205,0.5417324348600459,0.263899738238148,0.14939419390102956,0.019440470988531477,0.04635896450555509,-0.6006231306154539,-0.23648012124088286,0.17993909422624127,-0.2717102042505309,0.11842006888049313,-0.16935939508993691,-0.7056529394064729,0.5524470355065891,-0.2988923812546598,0.9073470273029777
1.1527894081624024,-2.265509833664938,-1.6386465660239669,1.3195602479361013,0.7895759546621324,1.7352298811568665,0.7700233961643084,1.5781419120008513,-1.375382073500068,-0.966467939393161,-1.430862452608202,1.7604211731770185,2.1294189610548786,1.8611722991674613,-0.593016111564775,0.791193945444226,-0.7415170414043837,-1.4605581128434602,-1.3724699779483427,-0.9747124343299753,0.2916372540266495,-0.5206754668430917,-0.09416808215920637,-0.047777499943450354,0.019073767136447938,-0.4130258534911314,-0.9462441727868333,-0.6522262068036723,-0.19730799892477377,-0.22124260261457446,0.16951434817410366,-0.41955731092886484,-0.07067998880019749,-0.022870210851756487,-0.5598221911259368,-0.21392238670845287,1.0250359395973907,0.6747903646373629,0.26974046252810685,-0.2990561769489988,-0.6797028317956093,0.34387332199901477,0.5204748376423007,-0.3370053144376395,0.045443096750915235,0.2944225575271145,0.4798450642137865,0.7475519794365975,0.06774952895381121,0.10565403403188502,-0.4454833855283499,-0.1816112163762876,-0.2143648104464509,-0.4238228725843288,-0.015293335079300769,0.3000830565660712,0.11558088004447709,0.052732984425192295,0.3135805333336159,0.32076660014064434,0.000697462640936384,0.2421208967451873,0.33707044318572343,-0.43665632272017074,-0.868816791784837,0.2999117875120871,0.43043310505416077,-0.200057987751649,-0.1823376706916098,0.15975256110686611,0.2943353723648012,-0.7884222224985562,0.06584985163557054,-0.04985125139621588,-0.002321434597439532,0.06642070617526051,-0.6402643193346679,-0.03062479526092277,-0.4261928859666676,-0.23027719757651513,0.9678075900037718,-0.1310744932699666,-0.3068677245989649,0.06721628900935986,-0.91917326926619,0.013481663785411126,-0.33872799665255054,-0.34590246783609696,0.13546599195665188,-0.32399460007465436,-0.5656943927750341,0.125764197126476,0.30096537570300874,-0.1635265557160234,0.586533810664082,0.6340496333539929,0.6905061974442742,-0.08066831125482948,0.4328266709896794,0.12752959559369306
-0.7348821106556097,0.6121302798656765,1.1387751787449334,-1.149204352399708,-1.1045157746280396,-0.5458324732345367,-0.8874854144786775,-1.2187200647923788,1.6862159417300022,0.9556807867375006,1.119481634926126,-1.8672247881295294,-1.2181992060673812,-1.8902106908490937,0.8636199957961613,-0.8566821304311606,1.4699817136492028,1.3575647876199475,0.6928511345072368,0.7126443540306697,0.8257609848289624,0.16006857029882665,0.08006462306664218,-0.756068361983765,-0.13346833837853245,-0.193168237848526,0.03218555792416991,-0.5307294600613184,-0.1796308396102061,0.3950608112265681,0.6849586932994896,0.39452731710695926,0.51282823719134,0.07476738431994219,-0.0674397498293613,0.22704952611417178,-0.8239922646508632,0.3951670466684215,1.0825941147565814,0.10019945354973758,0.05304013387473113,0.08155058663912297,0.46994007096302637,0.14272053581515093,-0.5748854290398876,0.687387510343073,-0.07370180466471951,-0.4366549761743691,0.2566556403515666,-0.7906842297127699,0.5057157704911118,0.44975820265292926,-0.2980058267361917,0.020064562596826357,-0.1376410823839805,0.723827258336495,0.12667613783074363,0.12925214420407943,0.6896959494292654,0.11829522103125949,0.4455887445608362,0.3506386824652245,0.0023088414284873197,-0.0744923380645833,0.732267417482445,0.26307033170012145,-0.08997306693873126,-0.9293683263713279,-0.35318204250806046,-0.7866599817474359,0.22409115306864927,-0.2592307191535133,0.11764516882921898,-0.37476835266248587,-0.5288919578923992,-0.17387922187161203,-0.1905292442315983,-0.15406542088408867,0.3118369752986532,0.30284295322277516,0.02412438604705486,0.3695270562716772,-0.47331618220984856,-0.28849107275437463,0.10361242503381406,-0.020800053108727304,-0.3711975302358685,0.1767505489421422,-0.6486896929502545,0.11567051651294011,-0.31630712279010603,0.2663587920571298,0.1352421826241682,-0.02425254994927129,0.5271900766012523,-0.007008755167713501,-0.4646277631511526,0.22650726257611167,0.14272654306730714,0.40831927641695004
0.32766956314755713,0.5669580733847827,-0.994389409106768,0.05371682787073656,1.434476430870621,1.6008952667339829,0.22671594904085948,0.3402259738787127,-0.9993293113788465,-0.4583890778228603,-0.6585118596634514,0.9170410577018882,0.11540046581059482,-0.005505166736643474,-0.7492649681887893,0.5412247846434145,-0.5303062462855298,-1.1285315605279282,0.04666456718880846,-0.783145154922699,-0.2012429701406956,-0.5609790382080602,0.1631912020144035,-0.4370149297701656,-0.014022207577767969,-1.0081272139918647,0.5062525127886356,-0.7235480318018029,-0.26016481818944376,-1.4023726689711093,0.4276020874524349,-0.28556109210061403,0.36286983035106146,-0.34275455686927253,1.0213179737949412,0.517318447971995,-0.23011296592209263,-0.5257132288696613,0.24808597523907075,-0.40573031652520386,0.7721167353811307,-0.036081802587133636,-0.08223156741444831,-0.024635911484580233,-0.7206589327525723,-0.5323500905533787,0.0031563094487338014,-0.5959332359068255,-0.07187674839718279,-0.26881620812502494,0.15513531211703663,0.03708723469778317,-0.06981806415937698,-0.32005687040081765,0.4783226815121522,-0.5940914610371126,-0.7165836372431483,-0.26298827522932616,0.37773169085066177,-0.2356362264998236,0.5910484008635669,0.07046328035474117,-1.0673372487698094,-0.46219722220355824,0.24665260111877607,0.33153453754755735,-0.14327853413933714,0.2223745362101942,0.10879931204331544,0.3753895628879634,-0.4285783107551231,-0.39649245444110537,0.35301919449872227,-0.14835863631789223,0.022977508239079913,0.43832827523539103,0.441633858704451,0.18667949065353534,-0.09232533801703573,0.42528693562742864,0.4614704455490752,-0.1781261033748393,0.4387514287902887,-0.961038550006754,0.3305287321844232,0.2315645736456111,0.1148111669949473,0.5259631339126907,-0.12960849077033748,-0.45619937418206,-0.04270814398483471,-0.31442493674558003,0.6594104624335496,-0.07966090890497408,0.06733318103396624,-0.32254437640235323,0.346620481402848,-0.4657947651365357,0.4596752662236397,0.33675884520141575
1.3190284524920879,0.2938174201591089,-0.38406095660716705,0.4466486110411355,0.5750875226298133,0.1388668197428749,0.3701886277914437,1.0258655659620215,0.3333929329086621,0.2574296531740354,-0.9529228139628991,0.3907959240591836,-0.0017850445850379204,0.22737173584125608,-1.0613265903631908,-0.5746856718458018,-0.11920005382660565,-0.3726128309990314,-0.18070904688880782,-0.14685923051928096,0.1475226154503261,0.10538040393332139,0.21994738197633656,0.2628007161031219,-0.5519060665311747,0.5776611414125915,-0.08560181104838058,-0.2569516372147946,0.21942665924098737,0.2225101855371796,-0.5025338246450406,0.055366262599712224,-0.7401586150389866,0.007563408613860418,-0.02037811149403613,-0.33202644988300006,-0.5920738371420315,-0.06883396793014165,-0.4257390681041341,-0.2834136097678118,0.004889037983337142,-0.26632373119745206,0.45645911638606856,-0.22736522321480285,0.1731465600601179,-0.6318873030220298,-0.30754415029636445,-0.11751220203871146,-0.3129973803145251,0.0159779360316069,-0.3563976258513731,0.4619075859704107,-0.5087149699127391,0.3387856191197283,-0.37988510865576836,-0.7357504208618036,0.439341302424592,0.3007445404537095,0.427519268581005,0.3171261112625722,0.1501961629454366,-0.003831730598890124,-0.7351526733064391,-0.5686721723728356,-0.31849034252527736,0.3148401276235475,0.024054064300483423,-1.2180472475422237,0.03525702131211632,0.019743851681023154,-0.23056131028976828,-0.6586715716156664,0.5913102194517948,0.17888452934766666,-0.468585844667072,-0.005394485119052268,0.04906601583698601,0.6480445033922656,0.8232821418636852,0.021302875599633404,-0.19707860198685917,0.7828543206447096,0.7430498851555009,-0.1099428969790576,-0.42204080793712917,-0.12740018258194,0.9123956017321063,-0.3933649229282204,-0.1084458716457391,-0.3699714681006426,0.1470377598782532,0.16449766293795873,0.28623540702504524,0.4529594221806465,-0.22244488393005069,0.19292689240235758,-0.2030604521904987,-0.1355031026838311,-0.7893453646786547,0.38757255147577613
-2.3020520880638586,2.046533332635508,1.697559698393056,-1.7976323699164876,-1.7061952929900013,-1.5689128277857707,-1.8033807660577466,-1.7680065481692946,0.8944697045334571,1.6416107034659448,1.9946767515927881,-1.4962954281729988,-1.2766362123151698,-2.207870865806447,2.0210689070248615,-2.8932643681503545,2.1937391340864902,2.0654669002608568,1.8982388124120328,1.8088379380800979,-1.1965264854175846,-0.33686399298702374,0.36082115216100896,0.07277288630533188,1.0457978812347202,0.07016318082875757,0.3177800024431177,-0.5941393644051528,0.13748845647656477,0.22203529307944792,-0.17222610677527483,0.43354648605783896,0.49814338055137597,-0.4233835048524711,0.03265123866582116,-0.4052215015309537,0.035869542889650795,0.14132755586018494,0.2574114418209576,-0.2657961583807561,0.19528806735056872,0.025746342519562673,-0.6448984195274422,0.18721688062933434,-0.5476858994827842,0.18437595628156733,-0.02642308798792279,-0.6094280590214067,-0.5225238001593397,-0.47394614077014174,-0.07926873518578943,0.1780978001057078,-0.04991961953767108,0.5861646938608477,0.3070897516172966,-0.13699873157931153,-0.7460567407083294,0.5069915801056243,-0.2408341614978313,-0.06542166870933841,-0.23059060433537526,0.0035358568121849317,0.07857913224058223,0.24763273761422258,0.06273069647801043,0.25530206420948626,-0.31501076876457756,0.3249882736045356,-0.662724126033757,0.14514989548100998,-0.5030229029440422,-0.5738525683404151,0.5258429840538131,-0.7064816385452729,0.054818017866334216,-0.10368592359631323,-0.1348251958400572,-0.5045870975169093,0.21894879116174784,0.13764877717619903,-0.9422383443700643,0.5580107768580591,0.4973919219709686,-0.31213395116978104,0.6843155727025597,0.3896425180711772,0.3342379045048938,0.2500156962041222,0.2349147472172173,-0.4533531226013822,0.7461733243152547,-0.6496281822747076,0.2373254672892896,-0.2888338619058773,-0.11746050068731473,-0.05981280507630462,-0.32734824882673597,-0.041198048722456075,0.14534228012403388,-0.6562359635480961
-0.27326790927585703,0.502781877075797,-0.402311629530443,-0.11643936556254371,0.7995908594652289,-0.5333084557090741,0.2945972218539947,-0.5940061657453757,0.5895209924318172,-0.5263983061700048,0.43796853738009617,-0.33367030145406473,-0.5367591534734686,-0.5779766647589104,-0.23326060887273883,-0.7360817772698847,0.005799342204975688,0.7335657257494409,0.2599374143131556,0.09873486295305722,-0.5793464487160772,0.09986019650594496,-0.4080550329822616,-0.31712836719290954,0.20852316642541885,-0.32629713575695596,-0.5073005369946142,0.0836730360977883,-0.06754451222015054,0.30348167248608887,0.05008203340953404,0.4895014157863987,0.2746813511398808,-0.4832483033261262,0.5455558732848985,0.4977333586714711,0.5621552007307978,-0.0930647541712794,-0.16267044166535033,0.08032021209913354,0.2909936104161809,0.5150204226942313,0.02016322312211746,-0.8557367966422809,-0.15113210288258605,0.02550351044235062,0.47436973661469756,0.004072003572436499,0.03889653477481485,-0.43386949641716854,0.36811055899497674,0.11763075087021113,-0.21138024883024795,0.24809930664790092,0.1604255763764847,-0.0690366752620029,-0.054337000185100175,-0.30137535366099394,-0.042250694496944775,0.1985921009126374,0.7160134693258636,-0.5020613142989666,0.6886909397288152,0.3011233460482741,0.868744496156802,-0.5177457625823367,-0.594229004916042,0.3833566717480555,-0.15626061157169932,-0.48987701292138625,0.28696210980066716,-0.528902618546097,0.32981971281955985,0.067256821540078,-0.24806012487818105,-0.325233285943584,0.10643246580936921,-0.5323582947679267,0.6196224760291996,0.13641552173395083,-0.6480882463773122,0.3565635688495344,-0.27094841596837316,-0.15581115954456462,0.22279145164128536,-0.3249924948237635,0.14135716723131736,-0.27522406624161627,0.4448024522117788,0.6520294419282497,0.1396050042282045,-0.33970671649506284,-0.23675009136231037,0.5690597028571109,0.15383519304730914,-0.10897877514697599,0.4448750332877046,-0.022406973486780925,-0.21693762701059366,-0.41684104945259465
0.08529083427243131,0.202813541817763,0.7012725666235018,0.7947572272674709,-0.13270302485593388,-0.5782591762060312,-0.19269536283612795,-0.4771723343114994,0.09120672172716628,-0.44077605366038763,0.07222518810626452,0.442601989869715,0.07791474245065196,-0.05639406472580528,-0.08017626480931621,0.0768664880632973,0.9920434722359014,-0.35428427564162557,0.6038468815516106,0.3464503033018978,-0.5869561453285647,0.5746098346188607,-0.3035186059864268,0.09654107150158375,-0.767547775104319,-0.1237461546723151,0.08206714236417362,-0.5727848142095125,0.5675751483187391,-0.1866110805512054,-0.29626740347129854,-0.5549216744140133,-0.07649107012586913,0.4552808521284684,-0.4812183660872254,0.3870392147014671,-0.22478568049112743,0.28675727960766434,-0.1313747897338077,0.3012931977688307,0.19219712752386733,0.04985209683989475,-0.3744273102833019,0.3829674546338913,-0.27157598565966695,-0.08587636345642966,0.046782609751722125,0.7466424607676484,0.29384943238171135,0.05962386763825247,0.5059719320555013,0.34305779090037175,-0.6495618472955006,0.04931441023766518,0.4449026328960702,0.176294932082772,0.537609053989706,-0.382469639032827,-0.2537738804811476,-0.30659686681409304,-0.5995811669172065,0.5149160412530085,-0.05309987663381522,-0.3996719003757571,-0.7725685785901655,0.4796337037819382,0.1539572143535404,-0.09563819883655758,0.9481775668689717,-0.10989614592365289,-0.0327465358001481,-0.5472875663791583,0.5647512273067321,-0.3297145234011465,0.13025481458928115,-0.4027312797980176,0.3021776704945423,-0.39365253996704525,0.22475545407806935,0.19632091714504452,0.975735625010562,-0.04836951973970158,-0.2865499756376307,0.3935137751147431,-0.3851093853603963,-0.4299818753153091,-0.06632024062128987,0.5627344240726498,-0.3721927066267631,0.39132358018596924,0.0337862797303816,0.47158851447771094,0.3019773531790031,-0.274429377658732,-0.39888300340242133,0.08310295634594182,-0.8381465340016949,-0.24619424571477755,0.003036870889995047,0.22881222537638507
0.022715390745798987,0.2185560019426367,-0.11503748384206934,-0.2455091601287901,-0.2131506409209681,0.3830295730855727,0.41666029752233336,-0.02650946295073538,0.09064862663776915,0.7822152176615355,0.04057387025187594,0.16910908963173962,0.0976949909653169,0.40811141779259097,-0.45155377922110557,-0.941174393044752,0.530652134967302,0.0007206247917240852,0.47594850107340547,0.42349758538984833,-0.44181197612162154,-0.6760739223432751,0.2870531609645741,-0.3021575172479907,0.4460495601528288,0.03073276484517261,-0.0406445770174335,-0.13332587880488686,0.02400723668819489,0.2816073466552045,-0.9454995187558749,-0.4023257472786686,-0.14434515770595957,0.1973520454866652,-0.11719194457376851,0.0732960232466522,0.3901374737170383,0.3617304808436468,0.10698542679241645,0.36516696977377866,-0.17079055400529802,-0.9754862696692934,0.23464182830192018,-0.14370158691363394,0.6696697199545859,0.024810979224535398,0.11034350139841843,-0.1119688815340294,0.16853589262157562,-0.7818282157499352,-0.23083359753582616,0.10863609569146776,-0.19510715820002777,-0.24371682183203336,-1.0741575489301367,0.23658250735515066,0.9068060849889066,-0.7471098656841486,0.5175187943537171,-0.3446143895001006,-0.017118675265337904,-0.3694284028753054,-0.33110965744319387,0.5161383331582835,-0.7455261832610581,-0.09976718631941026,0.08905832875269656,-0.5784003287624038,0.5345951448192277,-0.10061743274111278,-0.2805538628176555,-0.11288145703709619,0.6449800931512766,-0.2522473055773011,-0.007098723792197916,0.184404258656698,0.15039305945213574,0.0006602262631006808,-0.4338875699348455,0.22757495499814756,0.13258391751239607,-0.6160800726750937,0.21727060964253922,0.0002341098481301941,-0.15716254455033865,-0.17134633713815106,0.05528437186811462,0.44997178275949684,-0.8147255041487153,-0.05541339555765876,-0.4984433007640488,0.0647154469089255,-0.2910582425907091,0.3397630012967334,-0.4549993541208012,-0.025105424370758512,0.06609858849823812,0.01023426790451302,-0.22258627617838708,0.1620869746498626
0.34969369256410865,0.09820240416183967,0.862591774832425,-0.4362591342906368,0.1245482973504085,0.22943928300924282,-0.2571228344499789,0.29571483004207344,0.017464807512744204,0.6601237713953608,-1.017760975631875,-0.9282667052627457,0.5592851684578057,0.008899999006863803,-0.5387895079014088,0.3762111914959744,0.030172568336306316,-0.023588471290725364,0.04915488425715352,0.19990019645418172,0.43387357218034756,0.14318975397419395,0.7183234109878869,-0.675543500742372,-0.44157117910604826,-0.38930702547809326,-0.8780883527076428,-0.004819035113779156,0.5392445349008264,0.3248803380831381,-0.12431584929890034,0.5975143358632082,-0.03173664978804812,0.8227891923699718,-0.2671789454864619,-0.2396075954518777,-0.5575480660303521,0.6949259208635074,0.09440607168212188,-0.34766323471031607,0.12038933707429,0.9206408070076665,0.3268491766658066,0.14272981720810962,-0.005359940487971143,-0.2754370872196277,0.9633555739743584,0.2280335066679673,0.46675737988855936,-0.3282856318866539,-0.3914930703532417,0.8675211417459828,-0.34399680350103945,0.16482358740654857,0.48833619430495834,0.324765644598753,0.46028458521306087,-0.02607879654677983,0.6254251951099935,-0.9719754266396335,0.06998195328774694,0.4530788669803066,0.02914579894122838,0.4359075224953416,0.40231954930967023,-0.28359174576466495,0.050470580440468635,-0.3654164703291565,0.2553149691187913,0.25666592880496697,-0.2803754169627485,0.20001430200190196,0.30003744710684727,0.17825019359691527,-0.0757909218313863,-0.601569102422526,-0.3964484582133617,0.29529813001373667,0.08820667880316803,-0.3732630558108791,-0.24493704294007793,0.6451617019274347,0.3398465090413975,-0.58086306146375,-0.04829913947271783,-0.5479841319006826,-0.25573211864895784,-0.4991729848655398,-0.008949624897488129,-0.0785320630188589,-0.7848616906565967,-0.33522091162300693,-0.29293938091293875,-0.09528406268075991,-0.24844312260322537,0.30463184017898903,-0.02993903298907264,-0.2623701207472596,0.8719132210612923,0.7139358155713632
-0.5194708351656313,0.08748524195875884,-0.7012121800080166,-0.046764739230926,0.2353002142183757,0.10373684663343213,0.22948176232867507,1.0243329446326168,-0.594687279178649,0.07614426161916443,-0.4765687297370721,-0.09065107919266818,0.5714521123381161,0.05224602676453527,-0.6858306053387109,0.7818379582432089,-0.5905522575996375,-0.45867828254362597,0.3375058174820966,-0.5293438296069122,1.0748760840528053,-0.45483896676090896,-0.5369708554617866,-0.5839879675730815,-0.1050181551148205,-0.027037596785872742,-0.13596680431392083,-0.05746477481632902,-0.21686358640237693,-0.24010165534818617,-0.6028311393337883,-0.1345524325604106,0.18823133510069387,0.44068760787960237,-0.2939967437708195,0.14139601053986825,0.5581706271253627,-0.23056809606822526,-0.1775212957883068,-0.09462693388644852,-0.2216797327366002,-0.15515671924117122,0.44681508852352425,-0.7629681446219223,0.26593160025893525,0.25444150076105954,-0.21072068657187112,-0.17205281651685564,0.7188442192805528,0.03835313582243914,-0.1205774506788496,-0.08879035789372755,-0.47653321752667166,-0.18626887662114872,0.19518023385152797,-0.6562514917808221,0.355216163625681,-0.35103529692868407,0.41383620676730437,-0.10203625107277489,0.10669688349210636,0.2631873109775922,-0.44257957789306357,-0.22829966858466863,0.760649245486329,-0.7284577708803547,0.30006233679919597,0.5200005209801031,-0.3060611281051203,-0.02344287558190474,-0.35013308292278594,0.17003798582977203,-0.4338008801821861,0.021734608720197203,0.1279777153616641,-0.1260271772622753,-0.6591152942922714,-0.8303509092252741,0.3047449879033194,0.0327198589994599,-0.04876236138676964,-0.6789500879829652,-0.39852416468854,-0.6101699177451585,-0.29561760234115625,-0.36094126749052635,-0.24412825518382175,-0.1855689151389197,-0.21452467533247746,-0.2389794650214567,0.07867557247244644,0.38295706113275874,-1.0675425395881628,-0.2632919199793758,-0.45041967089742607,0.530511180306675,0.1894430276534013,0.6574205992497982,-0.12466670673100716,-0.4926407680036881
0.3229067523151189,0.2787558873685437,0.5736290109638983,-0.5107098700740514,-0.07096194653399582,-0.22961319060911012,-0.9173600929507699,-0.01602351228167062,0.37098203720597855,0.18650226728991157,0.3783017088458169,-0.18972014397300613,0.09184325684789593,-0.22845815368096303,0.7844927785550334,0.6432609032219372,0.2797017756214095,-0.21215523636666775,1.0684159557694843,-0.1484246996780394,0.49874065871068285,-0.4449360728608948,0.505674765311091,0.16994957551849926,0.20608864127367216,0.45082516485374147,-0.0003083537569763172,0.3767315512799313,-0.1932775769860795,1.0134100563458168,-0.2678372364543321,-0.6541351815733649,0.6354436593390105,0.48002952014661576,0.492773784360598,0.2560978776204061,0.7475191182141872,-0.20962717206225123,0.15108125678262693,0.7860240465926341,-0.16906311201496507,-0.8758895823439589,-0.22759385540943167,-0.13053621891765688,0.4604325602700328,-0.08999091118364609,0.11427606559687956,-0.1028133734715534,-0.6699703787058457,0.6812795873376394,-0.6705024099022221,-0.4573460341960282,0.9276247052631489,0.36923355621956216,0.09356099867198774,-0.3994724536868122,0.38858664760403516,0.12831927917578426,0.27830003490636257,-0.0787981509348802,0.24639125010907828,-0.5916600662423653,-0.2728825727842493,0.44687962411154636,-0.41895367312599463,-0.4210290725557579,0.26653687432376266,0.18393799999749505,0.8124092715987262,0.32760291841710387,0.21128774662813807,-0.045556096182018516,0.2775912681511571,-0.4521330322256718,-0.33639665808261654,0.01418602833425418,0.11831227327847105,-0.9296625351538208,0.029783259562381374,0.5699314403043525,-0.30340019117092226,0.5945330557910536,0.52684869361474,-0.19000667798807022,0.2336112996165355,-0.28912201534896115,-0.23472785602656307,0.7498182868293006,-0.0897074704282721,0.22692264698544512,-0.04199104730504973,-0.19043430241605167,-0.5865527915753526,-0.15682009433633762,-0.38201401481183606,-0.5424681092898042,0.241032570523835,-0.07476748656983687,0.5308908070757781,0.7946839130734766
-0.7978903407449534,-0.3771373912824465,0.2923291282761874,0.11489073989035992,0.1953785938621747,-0.7981038088513177,0.77437050828768,-0.361352986276592,0.21012389964633663,0.044377110514823404,-0.36026204036166104,-0.8549436746024957,-0.06581427780816276,-0.6984135769543487,0.742726518938859,-0.3147116424194219,-0.2578834546388916,-0.21665681987912694,0.2506228986404632,0.4230397148456807,-0.896286863773216,-0.00984212817873327,-0.07184763226332797,-0.12937343640564386,0.20168506212701767,0.4138846997653294,0.3877847047835106,-0.11402980466806681,-0.43945167010971997,0.01051364206526868,0.7892435052422279,-0.31347631494017036,-0.3731373435616859,0.04398919192658352,-0.6298274682621513,0.6585065842500277,0.6945286539260259,-0.4045929647894268,-0.017950611838081477,0.4462750322342034,-0.2852942355930081,-1.350922564718204,-0.5031649845388436,-0.16191718619918016,0.16360774176583828,-0.5869462243365199,0.4417281620947594,0.4193720604375723,0.09148143665452105,1.0933712344636852,-0.34627132829321305,0.7905605505292473,-1.0416017660475698,-0.37215501226314657,-0.36527647853147605,0.20611416687530507,0.2797094141726659,-0.5777315785667362,0.0906061852995614,0.11493090401219229,0.30884074436116277,0.18021663046119468,-0.1339659710748602,0.14730002085753127,-0.5252951947527338,-0.15396856332563927,0.15529333932647024,0.31491316881102704,-0.36414501460504994,0.6401516527306269,-0.11975539419765262,-0.42096912539134723,-0.5411114585332532,-0.76591837615322,0.008296003480927542,-0.21299325272668373,0.21016895317743356,-0.3093135084301644,-0.4630914910673144,-0.16849151027091275,0.06282635205831552,0.04890512020417651,-0.03003802450988595,0.2611338224340148,0.125650045758568,0.9709098526323752,0.021192765886454697,0.33288847278107897,-0.37931219110268366,0.2770007828692531,-0.6606605019801568,-0.017561244327656118,-0.218650721767964,0.7939120468649791,-0.6263279412891284,-0.5654719140379836,0.2703507273519176,-0.5747253661386378,-0.13033689667663748,0.6754193612710743
1.6874760147353702,-1.7377539489786302,-2.1438590992356916,2.0109663799121553,0.5403234173751869,0.9659783056195861,1.79421011042752,1.2746403437641096,-1.1576725853615117,-1.4431736377949425,-1.9729088754119273,1.865095196776434,0.8464297582871981,1.0470870999968922,-1.8422366796170184,0.7632714071677567,-1.7484474137642134,-1.3095537272203612,-1.3165287088923343,-1.1305368632701696,-0.09595260403076143,0.4804582383145741,0.27308227215812947,-0.28920761945958645,-0.19303488124345472,1.0083622503614351,-0.3427435187962243,-0.31687942153995147,0.18678349031404728,-0.4680732801047497,-0.25422957407492347,-0.2646269834448482,-0.27954596444516566,0.9215345845006113,0.4384316697203354,-0.6898328125133836,0.2727569248791912,0.616718679554567,0.4057421020349888,-0.07622010969080419,-0.2411147381166999,-0.45184923476776084,-0.00418293616820793,-0.2976376224465609,-0.020072383996790406,0.4528514566977086,-0.4249606474589008,-0.29871364759081753,0.36960787829368413,0.32927772964803376,-0.39789929187927325,-0.1474681564579535,-0.19782326167478786,0.8796520539110192,-1.2519897483129,0.43526002592941515,0.2090299451305498,-0.6016742126906713,0.122178946929428,-0.30296905355663123,-0.5206716884844432,0.07560919021504539,-0.6285841329683045,-0.08988698748590952,0.011232332062494629,-0.3138778594526593,-0.11947146659350433,0.48113494505838894,0.6721840252519444,-0.22184149356796654,-0.20774821982039124,-0.4656368980819642,-0.7498445147533329,0.5214109543909052,-0.2735359034649523,0.4476810170529066,-0.07533500513299897,-0.10798111981030661,-0.23679341158166403,0.9295834143528229,0.3061044383174856,-0.28407929220481126,0.44199565006029934,0.36640581592635024,-0.35551575132551394,-0.43696971879795404,0.10110042622665234,-0.8144674712447425,-0.5779498219313243,-0.28339206998362043,0.06129199533181057,-0.120607429685783,-0.8216235684812366,-0.0409818138491218,0.24763525107592832,-0.8619553592848653,0.6803258405400405,0.12356954948852483,0.6473199923111386,0.013642605084073068
-0.5671806542064458,-0.18184061011931296,-0.6458913271040482,0.05139086191882489,0.12768190042309166,0.4069373402592384,-0.2720583888563226,0.2821480853756924,-0.6077920210961318,-0.041113368376616416,0.3932715344033516,0.418926289717658,-0.5488515985311715,-0.6803446953029665,-0.541262374188343,-0.24645014321302577,-0.8041937618907997,0.6829206487585132,0.40907737198490485,0.04874215641011589,-0.0473496486750354,0.17246821409701923,0.44588324665407725,0.10156103073636276,-0.42681503157687534,0.2241188232133363,-0.6533922482116967,0.5246169272556388,0.5889587970090555,0.48982214248321126,-0.2522875969761781,-0.27436160698493994,-0.21037183113706126,0.8568608835092147,-0.38863697698081806,0.10712108853265892,-0.1378563766747044,0.21106344041736155,0.4455636472277605,-0.15756218309235723,0.13543297484102257,0.11877564847657664,0.5789542405888394,0.0771753679955918,0.39407394297305065,-0.21737553427507428,-0.5064331441440966,0.6992667685359721,0.25397624095259863,0.13136128478722592,-0.3874885817324164,0.0975307280438325,-0.3045127022860045,-0.7979676163885112,-0.008475468215499991,-0.5520705503221999,-0.4103940965486689,-0.6037706160156054,-0.24120837789005808,-0.20024737104990237,0.4727213581369463,-0.17453911547059164,-0.26701358786026974,0.38600715353389653,-0.5915210466534255,0.14585204395400628,-0.07904601249166147,0.3863525644611183,-0.28913631003929596,-0.6465033908213146,-0.7780587056639939,-0.25542759282208566,-0.12653716500896434,0.5755041263881322,0.699467113945554,-0.3256839623549739,0.1561713149357684,0.49488246130028035,-0.1623303550900779,0.6518659181827107,-0.18092744302890296,0.20188788702478175,-0.18899607340158744,-0.9036451301936409,0.8649691629748674,1.588366378615753,0.2439160387123166,0.03504336998941306,-0.10111278124305946,0.2306712440684754,0.10424770481512917,0.4954291543105732,0.08169353925312864,-0.17678226064590452,0.024445864000485294,-0.4191365447199189,0.573042568556096,-0.2105529718721746,-0.7419447203117386,0.013508411887991867
0.38012091555462474,-0.46585869649387784,-1.5463304226093895,1.01558368955207,1.1249868939884724,0.05323466522479747,1.2758095440985469,0.8901749224842751,-0.6634750987116365,-0.5777951632447278,-0.9812621401151996,0.6698507354024156,0.8566028020279394,0.7337782100661777,0.36866509278912285,0.4918117090032859,-0.9224335106779155,-0.38090792004506524,-0.1650653764214408,-0.5046787720231434,-0.2189675875105186,0.587949220280814,0.3022897069004871,0.35195021836933843,0.49376952550929293,0.07482004683841374,0.473768913794247,0.714346705502793,-0.6763039716853027,-0.3190267653418744,-0.5581147942873034,0.0003345150648407452,-0.1214646908770216,-0.29486763610497485,-0.09525571488576876,-0.20342270235173096,0.2496741001347131,-0.4650800988878119,0.7057783648417278,0.3837502465480762,0.2232108585828928,-0.5446039337552493,-0.45159297936248527,-0.13362305396238683,0.37855056209472954,-0.30961556346346764,0.03845253294973956,0.573030848831122,0.0483765422682212,-0.2776202443140749,-0.3042093931724683,-0.5518980605682104,0.042012095029382406,0.2966343060480306,0.7442318717084103,0.07331901278459228,-1.0125220877521262,0.3570874399173488,-0.09516542925363343,-0.1481471612529193,0.4110035619250131,1.2448478040140853,0.47930972504937586,0.11346147372645972,0.02488640222331676,0.260004463830501,-0.24001301488837398,0.6974495222476551,0.42934079598091174,-0.38892350703346384,-0.5777419090893501,-0.10491029517315917,0.23470301840321858,-0.3494026897833302,0.08055355736404532,-0.29249646248563843,0.5878407716270997,-0.10509888785498996,0.20836407820344527,-0.3101399813464093,0.017644943662136862,0.08752357751587166,-0.02524321756824252,-0.17805268657870163,0.07314647336806253,-0.23420282908999362,-0.08210977812450304,-0.1309968989556922,-0.2881210126987958,-0.026392714359769996,0.3283280496606356,-0.14548082686875616,0.35388722194657574,0.878836183637183,0.6337399315333527,0.16585619054357786,0.22390022403749307,0.21445465382963383,0.7534112961421292,0.33893167076235975
0.37591180794136203,0.1978968603330221,-0.8890098701241141,0.05106722120575634,0.4188066998120077,0.706342880397408,0.5169020573934325,0.7875118156049055,0.43726228553400454,0.4445028093620416,0.09631648153803071,-0.5835793052687034,0.010214659731651143,0.181186956135068,-0.5618375686380894,0.5822446273841839,-1.1596248353701242,0.4737224305664292,-0.17068089861638228,-0.41845281853081817,-0.030457472699309762,0.11648751727626463,0.3070055682899174,-0.048932961304734936,0.09523238569490095,0.48208897840858195,0.6753642543196314,-0.4052954922645362,0.5073871880527555,0.7360525293069389,-0.11526070796140633,-0.034866978678462335,-0.770930834111566,-0.2228230615874703,0.8503657932519411,-1.0561294406247008,0.1030691719710319,-0.38361656819090123,0.3004005923039975,0.5012780821695967,-0.8355439407750325,0.2402945993089863,0.3512772373669325,0.062452254869469565,0.4302063205954529,0.3265541913105909,0.4298937628217822,-0.4897437578512179,0.1309308319716724,-0.5385904610718206,-0.7534945650771145,-0.24976657312626754,0.15110978500481725,-0.23093760740176172,-0.010028148636241376,0.09742056372422513,0.11448228566020562,-0.3525439353799201,0.09266085834763382,-0.5492328581764591,-0.3097275613271507,0.31167443749126456,-0.8584813636313033,0.3492256327800381,0.03015555175895262,0.6490756192177506,-0.4842568354731517,0.21247304271213913,0.21991106116296363,-0.04997310802348655,-0.08345538597318404,0.47810375826748747,-0.2018599249930959,0.11595479479946617,-0.7885986295029254,-0.3821010510738417,0.3219002612335703,0.11197961141009939,0.6984870644255208,-0.2107308475832998,0.7985819692532823,0.23180652943098415,-0.18976950826514236,0.2165274340533556,-0.5789952937679943,-1.1635911928629528,0.45924040178524184,-0.5798865152328532,0.15870725398393307,-0.09140880618586009,0.5561121946298742,-0.1973448589637651,0.011740552768403847,0.34286779584459554,0.03571971062328074,-0.3704554866962307,-0.026179220982248542,-0.31970580260425324,0.3975397757408932,-0.2777410280416606
-0.84432913668901,0.2901748789580429,0.311691667828515,-0.35861775806998486,0.5130995847076054,0.37230139991832467,0.21124951797796693,-0.033133944318957054,-0.11069123093338348,-0.058686256974667894,0.04131364949370267,0.6569318138032956,0.5702411078939601,0.44788729138405803,-0.5107035233269951,0.7057627852410506,-0.3317653472197589,0.12573138377581264,0.3887684593316642,-0.812719641384647,0.02175130843185353,-1.2063303884449366,-0.8176723459123987,0.18691848515636472,-0.08035605481229556,0.7779180234446151,-0.22630047325264788,-1.098698385022592,0.6214523556701748,1.0968025711537295,-0.005584558065697783,0.9706455957151577,0.10408444180587939,0.04221745441531192,-0.08121148353444567,0.31461648484060273,0.364271183833941,-0.2145952357058662,-0.4036149561703494,-0.48686317112963684,0.1558498278586557,0.13377390951224763,-0.04454155710856326,0.03757538046640303,-0.9334641512002727,0.10127430856613387,-0.1787315379788626,0.04011150493747066,-0.10242958915260722,-0.24998529257096472,0.026339831580774537,-0.9033745807455651,-0.22895980880536013,-0.22219766760018864,1.1091691269995747,-0.04573860677650747,0.12601668806025543,-0.6584948864007886,0.49983247824863425,0.6901036978683345,-0.23131754887593908,-0.7164418848791381,-0.04070277689878779,0.32601031497891564,-0.08994278159211698,-0.24346279252307176,-0.0373966900809101,0.4309732242163428,-0.07461372257514835,-0.1448371220799446,-0.5661912340557788,-0.4167248640502644,0.3758506160921395,-0.3079616436896836,0.4867096840228623,-0.08572202970883097,0.4676698104922797,-0.8220426427416815,-0.23460809869189408,-0.42376965852439363,-0.2269274610300423,0.661492306684104,-0.5733116978207072,0.34846369098771235,0.8974719197574536,-0.13425879717791644,-0.5443175768723781,0.12911967701632443,0.1135700248724592,0.06369319956601693,0.7024765767087386,-0.4902904726704601,0.3751765704111384,0.3446200788792723,0.2576468262588741,0.3787523597401289,0.37699519871009285,-0.27657546994994003,-0.20953515884159574,-0.4303923815762926
-0.044161762564089435,0.8698492887825171,1.5377322107148372,0.06441020994982201,-0.5726458431001046,-0.15207759701892615,-0.09048860832293545,0.1982062236959806,0.14547417544508479,0.1780833960732125,0.3304400536197267,0.8250624447513514,0.7270601072384001,0.15009665528862345,0.6717461372966635,-0.7126266426915144,-0.44882298604337717,0.874145531722414,0.2819124505769172,0.26667132559821854,-0.49788126058877674,-0.12672772477122793,-0.5758973548631324,-0.4519589689341559,0.12454886679216351,-0.272906908392835,0.02361772169679605,-0.6727383791507621,-0.13455902687692872,-0.09848496713058767,-0.22485294001622735,0.6840801899737147,0.2461959612173955,0.28497865653991883,-0.2236853326648346,-0.7208487553113863,-0.029876701091980623,-0.10090748724349924,-0.2775968236681873,-0.04924517472875552,0.08214558610348043,-0.32032004050435925,-0.28988826029485626,-0.41693308334228735,0.12158752446137795,0.09932697385172602,-0.3417203153353022,-0.28358418598095514,-0.41442243163628256,-0.1487757143395369,0.5438585535639332,0.2022395707905039,-0.05523322866054933,-0.041975683413813906,0.7240930522724771,0.46274569020388395,-0.2125252289566167,0.2116364368238094,0.1309002045212,0.46093970176117144,0.6459493591861943,0.006420406079764459,-0.04378194276809599,0.20856204978761675,-0.341646099581499,-0.708131081108614,-0.36142435405264245,-0.1315611339579904,-0.09343437085705011,-0.713259110367749,0.35660449390254567,0.60254945759046,0.6278217412430452,-1.5853133590550708,-0.12886286997967458,0.12031584375743419,0.0882362176158231,0.484977669395226,-0.19198433941960177,0.23274627939610634,0.41849995327848694,-0.09484596360568327,-1.0231963748380903,-0.320011770487675,-0.5829670763937393,-0.40733150268142604,0.36130861682471627,-0.26077333680768866,0.7711172485982144,-0.03633915141467403,0.23638531148859127,-0.21618862186749038,0.43495051496718506,0.07165254384993323,-0.32873256891491864,0.23386951320122618,-0.28505028609760413,-1.101439186696415,-0.1420620067434566,-0.005331680214931303
1.5100525382873,-0.9765862941346091,-0.3332258547195457,0.36014680036497804,1.623804282823552,1.292233217495745,1.1965660395369704,0.3850603922694208,-0.552687893435394,-1.100901042241286,-1.4662736900079678,-0.052224530672573155,1.7692086835871557,1.6013665131371955,-1.0669862976332865,0.9726278637703899,-1.01810880789102,-1.1781994389067507,-0.39359497692272793,-0.6500352387065234,-0.9358348276815748,-0.12753527280216892,0.2741349980387981,0.6167451332030909,0.5127912005475279,-0.5459636161259704,0.5355114921095208,0.21472584134844241,0.11243238069999092,-0.15831375911899584,0.43744759381601456,-0.5950713890662402,-0.03301936927904748,0.008834467820116886,1.0319308752502312,-0.3136704611732831,0.38740771276915353,-0.1173496795144722,0.11922069882786356,0.14427219093526192,-0.08174498197659616,-0.0025240227223700144,0.37168039742385134,0.5516160931397158,0.8967438725863249,0.7961257672569058,-0.030228727635402432,0.008932819924023254,-0.12294690765477125,0.30340812887691276,0.6665616201490651,0.6374052534642843,0.2673761721513808,0.36005594227219745,0.24317847051790628,-0.0786668088451598,-0.12166600500551268,-0.02150755408596858,-0.3609967419852913,-0.33829665698313155,0.4171985509858125,0.16057744304767957,-0.05530273211807677,-0.026211278266212303,-0.43817093557378806,0.5193997476137047,0.5183592960788025,-1.1253328568788936,-0.06509436184587457,-0.6499585280628366,-0.17216540318616916,0.06268426492668243,-0.1094407146066724,0.1298176845734351,-0.06961453833636962,-0.14345042013907744,-0.5220503510802467,-0.40305334997417974,-0.11623530702589735,-0.1867281797790065,0.03819640301244635,-0.2347526390907168,-1.048994548130186,-0.6575523956662866,-0.026491911409439347,-0.21800771704998306,0.44573210074488534,-0.23088404977013408,0.32760132775897643,-0.200660620412739,-0.8108322822516514,0.14426341698062273,-0.6059593137681739,-0.15796228690093914,-0.2545951748319155,-0.21023534811675487,0.049120656671948267,-0.3687378715413761,-0.006615097764654267,-0.35871647248453037
1.63979256550122,-1.744466547374053,-1.9503838312969808,2.206165922186996,1.4722250353258932,2.4498206404505503,1.7111215302293605,1.6860835845677544,-1.3710919961692718,-2.432030208718492,-2.0631302130961,1.482977880979889,2.227985434729913,2.4070549559530887,-2.04115846262095,0.9047907175519825,-1.5073809335981478,-1.4103003573142852,-2.3774357739106793,-1.8615215510664227,-0.38076610140761963,-0.24138581805580347,0.009314324575889982,0.8305677570512154,-0.5599396296842789,0.055777254143135196,0.21154217615592746,-0.49172639843505345,0.4459210484896386,-0.8135592795658354,-0.562661982487138,0.05650761204722709,0.3672252639764891,-0.044749257494859626,0.4510051170437772,-0.3565688858857084,-0.5331206020988576,-0.5380861771143932,0.02019626493313538,-0.2943514364021584,0.14098568394361533,-0.36556964441520784,-0.29883939376682334,-0.32151517121393386,-0.07021438537439735,0.6036861721996687,0.3773339395128748,-0.39554882968474786,-0.37173676589987503,-0.9137912052145696,0.05887244498232689,0.6068801712938737,-0.140436134419269,-0.2654473700345866,0.2620766890701704,0.8629020391328235,-0.2878593943327197,-0.051285997461278515,0.08609408328774014,-0.09462017880764413,1.1890004321309497,-0.004795804280291817,-0.21269789222482527,-0.07209937420820882,-0.08610954837238,0.37248869894230346,0.48499837122350387,0.15717683771641405,0.7721634318721667,-0.7264525989451904,0.37112961531146316,0.05548897334008292,0.016124092311222533,-0.29086295024917647,-0.5897835091021771,-0.2819909607065823,0.04455816158557756,-0.41433977101510133,-0.6523248019550046,-0.11396355598168789,-0.4629053068306772,-0.7411864347046104,-0.3106895637397009,-0.4369242004458632,0.46472546387300445,0.6650618156459883,-0.04381298821242783,-0.7278889186403382,0.32757012968571686,0.621471984860614,1.252766999380371,0.8205646114655575,-0.10521849631464103,0.27918948227192963,0.035255026485898414,-0.12139191147992899,0.3813047140963915,0.1684217083943578,0.03478284841778643,-1.078899768646328
1.13855447454396,-2.419340874462703,-1.7080636173914585,1.0454825542414568,0.7905061125311894,1.0207787155438863,1.3553975083297058,1.0868782897283582,-1.0284765848665827,-1.8558371510366416,-2.0282360492366474,2.2623674772138553,0.6827952716962732,1.1659812629141104,-1.6315090020052248,0.52885411703636,-1.3131822236105355,-1.5762689053280714,-1.7528285954487146,-1.2432929032617892,-0.7368815622883618,0.725507592866867,0.7312278957495665,-0.8538671583618818,-0.21084331596039912,0.3842781284191247,0.03492058401984585,0.03663955152340284,-0.8100393593356556,0.5718956707651971,-0.26079204423677593,-0.16984479973989478,-0.2590819477302712,-0.14879707995622335,0.018908882779875458,-0.1820341782517775,-0.1903567347842602,0.05478953429892299,-0.3604534866715406,-0.19092510527140916,0.260582735089625,0.11959340943258594,1.1451257192036757,0.25344099680236687,-0.8609691828618822,-0.8287893571020218,-0.08208368602977745,0.2825194467561124,0.39128667914074683,0.4351060471546455,0.23745042028473626,-0.2818508036718404,-0.19956064106647564,0.11751958330690511,0.5585369773345122,-0.0442152439589545,-0.3932360686824727,-0.2704913676175542,-0.5369777963313879,-0.3917138293749238,-0.5950567740572903,0.5112119439888967,-0.06266384960373977,-0.11102808597800028,0.058861221872122456,0.12176437580772888,0.3282742496751993,-0.3977582005512158,0.11502799724827317,0.018324362105776856,-0.40448812097170483,-0.28580551791493386,-0.7098719733565868,0.35984342495350846,-0.31722674012351443,0.06417386764167966,0.28266027488394024,0.17165013225819825,0.6118775997137952,-1.0590662228125927,0.6043565945271794,0.12277738163843398,-0.4025913592084207,0.1686136984766599,0.4871102868759388,-0.09461898440962456,0.913160579215483,-0.3422361964983417,0.6496447243645576,-0.1431614762898745,0.16163453239403802,0.04277850802860451,-0.2465879413084135,-0.5836251683394567,-0.14158269415575803,-0.30897819676650895,-0.2806295089083116,0.6224979017851743,-0.1595709892930101,0.3175535244395956
0.5937604837421511,-0.29756799636645986,-0.08006981808690056,0.7347048514387432,0.23347069977358956,-0.6452087608544276,-0.24646235180977086,0.2724090516260474,0.0009473474725694708,-0.8991626127209494,-0.5120523735408269,-0.5986474384647276,-0.06438254941862795,0.6050430748261845,-0.0862157237357006,-0.015550047177574439,-0.7325373328539393,-1.278430207622293,-0.350217198081764,-0.28635579807141354,0.23958319831145652,0.5511041909908925,-0.47935100202110414,-0.5962082572775111,0.5463819934754389,0.13515623883422814,-0.23109141332531033,-1.091345377851218,-0.0936831203782449,0.43890592570414777,0.17687126241662104,-0.8017502396517665,0.5077436988338624,-0.2769907561037597,-0.028691576059476018,0.6287567521025632,-0.397855429451096,0.5566654818473532,-0.10108076847994606,0.3361453870295432,0.06742030335816536,-0.9148112013307207,-0.1580750027198248,-0.14505479620309883,-0.6031123101105031,-0.3631043276995081,-0.3632450445876537,0.04800562471705975,-0.23270239776391446,-0.1654996438544682,-0.38263182222685094,0.35703719122826905,0.8217350008210778,0.25253868937905516,-0.09502517418290234,0.32732818801298336,-0.5069617651445887,0.19601157823435877,-0.13330484162059753,-0.6598135413498504,0.13230807289425053,-0.06596584757737856,0.15341565023619325,0.7106224685008725,-0.48602991465231127,0.6461044436954434,1.127115671334116,0.13306278631705937,-0.19136753271164506,0.3080920785756077,0.5975535018077567,0.2979268511647488,0.8036973708071767,-0.14712821562298498,-0.09245642431917629,0.3915727707841395,1.7480380383418819,-0.6234899433442913,-0.23053214258015586,-0.1686880847174336,-0.36109596041570646,0.6211568473304974,-0.6109745406542701,-0.4364744012693904,-0.17151983329200451,-0.4409915201601669,0.08162306890223978,-0.08748542791621752,-0.6579380862875563,0.7075274477731902,0.4686095646876496,-0.15928512597171723,-0.3671637983832124,-1.2421881552846243,-0.4022168573091874,-0.26754983373678615,0.0355497508895289,0.05512878048383826,-0.31516158306790887,0.21342676572897096
0.4706486507259021,-0.5339074415257226,-0.7819004440422865,0.25384827900209495,0.7359126393782391,0.13058098383658232,0.23348645645024863,0.6624232493615636,0.09324748966335178,0.5270034323511384,-1.1234634570932185,1.3558387419273137,0.5979198592138364,0.4784726788914539,-0.031437252939259974,0.20991680741527408,-0.4840022717355651,-1.0122134382692063,-0.533730635099005,-0.8201502019961053,1.1037541926775907,0.07895601858690382,0.29208582928720206,0.1473021870481315,0.6943958958966293,0.30391097199581846,0.6199684861763377,-0.24110785877844168,-0.0004934984663837973,0.3931021239048963,0.022990392789970136,0.05440090496662654,0.4662860278198142,-0.3163845480173321,-0.5611047147879837,-0.2555031416393268,0.24015922286721952,0.3279081090742991,0.07090734959624566,0.12253620199241723,-0.19120945815864893,0.5706471252237638,-1.031444140269965,0.25754028312300725,0.25141796902266805,0.030871463941425623,0.5066571608759212,-0.11271088906599061,-0.6508068110386049,-0.5056994494923838,-0.7966408028498795,-0.3709919224306406,-0.19953711588442777,0.49839954909435263,0.15974506968314842,-0.30284287218717854,0.33061234322208033,0.1168618485453654,-0.2954976196028554,1.3811559025622753,-0.39786780431513735,0.3859298553151807,0.2840417901254548,0.30478019050437577,-0.1987995104134579,-0.6665930414922522,0.027658430145753466,0.2768107571457519,0.19536952347070913,0.39476780282733587,0.7937498954292384,0.5073420922617065,0.17148991619518725,0.1773330263068833,0.2669138481449997,-0.7783523747184319,-0.5162989033866404,0.5554098601361014,0.46495789936416965,0.49957005574600716,0.5595107038047196,-0.7190565743031206,-0.6108049313957518,-0.5741139150640882,0.4200681592250621,0.3926472708526484,-0.43371951037288153,-0.24899855568955961,0.059523661927424275,0.9886994061481019,-0.6254966665665379,0.08082015798808877,0.05151485314730263,-0.027295139170228706,-0.043200199165927475,-0.0994748226684584,0.7060035261322495,0.3514500811209973,-0.08672522161355531,-0.32907994943763336
1.1434888704661574,-0.42544002356454413,-1.1495917755637726,0.9373789588044477,1.420390227703063,0.8766963197341799,0.05487656756309345,0.7554006384327356,-0.9396043271912928,-0.7256056413293503,-1.4432557967175634,1.8547024445503975,1.4278961441953006,1.3919637410363144,-1.4138017769505726,0.6102360847859944,-1.646089521342018,-2.126979608730488,-0.6605677872261668,-0.7595345934364012,-0.5274757833842594,1.367882047316174,-0.7869077068239464,-0.12291686508033321,-0.026519612677322446,0.1100227903392121,0.15236447581447296,0.051642666456224104,0.04024739927578202,-0.2942873316575018,0.9228299977408757,-1.1022073333295386,-1.3130359262740776,-0.17876600063072165,-0.36961856285189437,-0.4548679680231955,0.1671058277679229,-0.6014543622238263,-0.0011099273474381077,-0.548560172420576,0.3893509088897936,-0.7053169755475738,0.04566337645238132,0.17888955152313032,1.2529946896116522,0.4990182877997817,0.2993448384690107,0.3680931318090448,0.0833403927232262,-0.01189397840937764,-0.5350908332235311,-0.6103928105862171,0.2213824794812703,0.11582010062247185,-0.9328902496317809,-0.5442234325173978,-0.07449562072206689,-0.18307201373622223,0.49121971064087544,-0.09861596616144068,-0.14981523122105442,0.06430931456536768,-0.06399556874846092,0.11603568273994719,0.37564670911633563,-0.2903535554311134,-0.1315062111320666,0.06322251210194688,-0.18155041831084548,-0.5571201045266324,-0.25695330190815746,0.5565724102376561,-0.6375554031979783,0.7651738622473611,0.06394971107076096,0.5177820921375983,0.18856936463803856,-0.21131426572542877,0.2600568570742239,0.46800772922361383,-0.3399052104952594,-0.20778947913979104,0.21256269822917395,-0.6417605912065988,0.03625890333006353,0.1356366953956836,-0.009856612692989973,-0.12996116801284655,-0.27871866202705375,-0.46534776137354494,0.5097310534693624,-0.23268332864870084,0.15591240069663734,0.16558289713167007,-0.1314086286779742,-0.11900793692612532,-0.3357174505680948,0.426603847178562,0.7267218237612756,-0.04789859640078924
-0.24988114626676103,0.2641145270467292,-0.1294465978436975,0.03949877901832938,-0.7327141899781185,-0.0732637011715829,-0.891300817390879,0.27509692744444886,0.24272906866244648,0.2026608710147516,0.22828987916644947,-0.6001525521668436,-0.272391344125588,-0.5719297982313831,1.1212499998392893,-0.36999622080791206,0.4512152952002607,-0.1590694416254712,0.4780816707115546,0.6083250688114021,0.13362792805780077,-0.2910627324623729,0.1897405336890973,0.4871349758218538,0.22101612524887418,0.41694363266845286,-0.33021960093761493,-0.3776348406345266,-0.9302242563555354,0.4293230938752219,-0.21792222132448202,-0.6366449702053234,-0.07548033828397087,0.4648381659872437,-0.09494404167340069,0.38060758089372443,0.3656897286873737,-0.15203749028611863,-0.14493491982332868,0.6713744862643463,-0.1784338481317614,-0.9234337086884189,0.26023242344179187,0.27128459287124934,0.28188806970462355,0.11246299419552987,0.015246089238379466,0.7146857480429076,-0.21697918425866672,0.03183976140719871,-0.21198024383300693,-0.4173565924102435,0.16000716884414465,0.497556471050895,0.3357366480018035,0.5338815677728921,-0.4626269940833038,-0.847280430132164,-0.3045191552893388,0.24876211677056023,0.2630919435815376,-0.5564749448467942,-0.6927905507331379,-0.15015406289080924,0.30900079582211615,-0.24951271070816763,0.17534185017094717,-0.06990851510026919,-0.32018990035428846,-0.10362866309902012,0.14912510980193489,-0.052530287460748,0.17279858159557265,-0.49395551488587,-0.06394563879116769,-0.38215655236976565,0.4333646268125501,0.43492103473800775,0.15674048891364847,0.21934599712440192,0.6381783603896157,0.07566567094427185,0.38274896380653173,-0.4290816568574455,-0.37187665038336093,-0.09178537485323637,0.2795288867269841,0.133142157153095,0.4420380280126088,-0.04728105661503197,0.2506130111153762,0.2792851239211476,-0.20750593078452162,-0.12885858401395464,-0.3787952573092933,0.30089951217378147,-0.20187059420377973,0.21327005450417044,-0.19033950501324146,-0.2638459860570889
-0.3490256700371359,-0.2957761296011856,-0.2739688901974797,0.8226612773329665,0.6638364658697469,0.12270495132155655,0.5947513027072515,0.5629879975850367,0.24787754731500827,-0.4000095838770872,-0.019116161211744892,0.5651628131991762,-0.007828882807897952,-0.009892383893003454,-0.1000032992662011,-0.14235460159707922,0.4417157768240849,0.3464796067511381,0.6419105332648228,0.1794478913502049,-0.1684856124824562,0.2536980879824136,-0.044255316557414215,0.46115585544388815,-0.12208473778934566,1.4297754999253953,-0.47671824712654215,0.4637276529021377,0.13025429942322564,-0.07769846165379388,-0.31546950680617863,-0.3674790884525182,-0.036127123906204345,-0.2595494986908052,-0.5244263173842134,0.2656492449769976,-0.15020856074122246,0.13007172659726068,-0.3561869419348487,-0.16294117569700198,0.209708929351239,0.5049134980736806,-0.22669749057725405,-0.13526782676310004,0.14168329362999457,-0.13301478978374096,0.33320043177886455,-0.20873722019340804,0.03537133720461437,0.13679416969613672,0.36198823890843734,-0.03772555478879916,-0.5271698614416043,-0.05012496555018965,0.22034676986048196,-0.1677954654566984,-0.17615677169138125,0.22320015693116546,0.2221680698239763,-0.6049363143701774,0.2606696864506938,-0.1050115696801235,-0.2780561824022739,-0.036518092810472566,0.2696591664169243,-0.6076751402954577,-0.433678020152233,0.2692401796355887,0.9198848230435865,0.601421019851002,-0.4624202536233645,-0.3762365402610629,0.1502869836501629,-0.23995997603831218,-0.3761103407854094,0.12856378166098403,0.07671648742810848,-0.3667202370348012,-0.3226704101597641,-0.14148166252332414,-0.2542881654008717,-0.6435287025527991,-0.10840462749777316,0.39003782015242894,0.6251319454568627,-0.19481763268266758,-0.9447821770401202,-0.6301903716232157,-0.7726879389220647,0.0423005029801699,-0.4248727749008481,-0.4117297620819245,0.329932960051016,0.5869165970136251,-0.03924480179176385,0.021688064399331027,0.26475682485983665,0.7104441787196766,-0.10969339564359688,-0.2167108535885786
0.18577832598531036,0.5107318822266304,0.24866241762785793,-0.504836866725125,-0.2161379934021627,-0.5086179920661956,-0.13880466998816357,0.2929786309921355,-0.24260770847432156,-0.06691278336059575,0.23121478695560657,0.3277438222230364,0.14178033812630514,-0.22118594260252927,0.05609819111050204,-0.5210597633539429,0.23469652363213778,0.2534136262451408,-0.4282345089530585,0.4264285569297397,0.38084810073762027,-0.7092010276170715,0.3215357701936152,0.6030455895075579,-0.4046330972527551,-0.06049042717047602,-0.5090207730028192,0.4270815978313714,0.5844108237564772,-0.1620857031056705,-0.38927732343573657,-0.7020051784039267,0.13506528762361333,-0.6015441011037886,1.4349308143065365,-0.5053878276183005,-0.5993618215908657,-0.5306359993820011,0.05146989830169969,-0.709575575097853,0.41747836630506535,0.011292461396090737,1.1430959148145359,-0.7339756997452621,0.009799267584360182,-0.5471759930009428,0.04976083252942307,-0.3885240257470932,-0.025067487372531668,0.6001176273269733,-0.14349268156038547,-0.2248493543642372,-0.25239060378470984,0.3360894530003981,-0.42865392019992876,0.0014508677113871677,0.7193519003121002,-0.5751953843562749,0.0772505409478878,-0.0554778030465271,0.23392481365231746,0.20642406173042405,-0.2943855096179046,0.9191352842181166,-0.36048598538549714,-0.35680801738440704,-0.046660750440354094,-0.025807325282472964,0.1565325367034285,-0.5005746038246338,0.42759992691079396,-0.21126433831274147,-0.24934211889719035,0.8380043996283948,0.2488531887708343,-0.136770941423145,-0.21424740169576895,-0.09827145550036627,-0.3874539729448204,0.2550032138107913,0.6474912349456451,0.8908366723237513,0.11436150146674873,-0.2803371543611135,-0.20229479537021722,0.27598219245538097,0.41355899707249644,0.9506157689869189,0.44002540724819467,-0.1675624542880241,-0.0365758519005538,0.2395943236359348,-0.0028781206472211296,-0.32368611402012915,-0.41147378779461796,0.01746924874288872,0.17573121362350003,-0.6746322537308145,0.04133341592311302,-0.8050554063566472
-0.8331835894681082,0.13999376084620613,-0.03604931185115372,0.13046983202895995,0.4250170134052429,0.31983781092267327,-0.2254723291406799,0.014365420277481552,0.07859228881659032,-0.446072819877486,0.3004702080921676,-0.4012827300204589,-0.2260256303470869,0.5706894730654856,-0.2652671252071996,0.5518852048881397,-0.3621981026087145,0.4361364712424276,-0.6879619428476618,0.23899179825177927,0.20434541354793606,-0.4225539061141538,0.01685269278222407,-0.24440926841600505,0.39606543449169146,0.22765277684713234,0.3352241005568553,0.65421624993949,-0.664191890588206,-0.9765323442580014,0.44766801925564703,-0.2042894667051361,-0.5824279748311693,-0.6655556515282118,0.13672124527380428,-0.15752007889155703,-0.15956484812704955,0.5148758407239805,-0.12593047055105538,0.015305689232168695,-0.02204592322660674,-0.2435385724744028,-0.33529230492491985,-0.10967476882227944,-0.39297970245981384,0.43374088989130993,0.7475924109467644,0.6289234142573107,0.696719494321088,0.33015575122652174,-0.24348408184308679,-0.11954567863231456,0.28633870127951233,-0.7225408011656409,0.28538578431351264,0.40161038732246923,-0.2254644272778602,0.043061530854493574,0.6686728929281187,-0.040883740578708985,0.031544400875223075,-0.31888303566945636,-0.2495004002320939,0.37920390431641104,-0.12851938020661452,0.23520544280759006,0.2612397673556292,0.5048176265736756,-0.9370167682113828,0.22098308383128856,0.24251929267853525,-0.40846411287430556,0.21678046929729353,-0.16753943851852945,-0.28799256101986925,-0.11597692924088428,0.20059036750341086,-0.5287740087546435,-0.1432989695966731,0.23738091439236236,-0.3428082025806719,-0.2961735438984441,0.3013564241701617,0.13895764090251084,0.34942174832743805,0.37063382750697205,0.4093019577086036,0.529830103923617,0.2071391511555862,-0.8569464995066959,-0.8952888101774465,-0.7940556687657028,-1.2238466078423762,-0.07204319760933747,0.4624870690144576,-0.2320109245194406,0.2568760152430647,-0.12316854874484946,0.4057805639802672,0.9043084135071422
0.46887312164847494,-0.4973401115151135,-0.25558953493158276,0.5753282671731406,0.229168915507499,-0.2837058579146026,0.47449766690895545,0.009830539000231744,0.44357346403348996,-0.45728795124103816,-0.15214903089761395,-0.45796585724526184,0.7961274477155376,0.21666761814261729,0.21167951361751006,-0.29868985073771637,-0.5292557301920949,0.08124469325447961,0.518319945227386,-0.6236707100417519,-0.34031532189456665,-0.6150152008932867,-0.1332976938019286,-0.3834360927024891,-0.6588469387963696,1.3920558589813428,0.05925572566870775,-0.7587605003876211,-0.2137839373745173,0.12400198934376037,-0.3658485778096655,0.34013657747333376,-0.048582671191271534,-0.6207388720440363,-0.16550093567866894,-0.7830436740127066,0.21512867346823317,0.9689595183494943,0.48218196595439283,-0.30955990533659833,-0.1545376617394917,-0.34910295372297107,0.6132425745916277,0.17681578659790118,0.40124045228302013,0.913443438571614,0.21037721715705462,-0.4482448117735854,0.866204527647767,-0.858127627228384,0.17957345286316684,0.069487131551718,0.21209150336355218,-0.2599088579481087,-0.18423461531225813,0.03010314987629626,-0.07558410057902447,-0.17538579764871187,-0.2567923805629743,-0.779852339523134,0.6586664532932432,-0.009754629516744814,0.07378584811233939,-0.5477418006141886,-0.09276136046362435,0.5918935421425521,-0.41917217164994863,0.05372741436178477,0.22360864292030933,-0.5801990124080966,0.2687230444347696,0.1690128150578355,-0.15430250243585616,-0.26049268105696904,-0.3607411601310669,0.5571522347865026,-0.33281521537005226,0.1909954311101183,-0.31736289220474856,-0.3476814488086126,-0.3411039900968629,0.045382832944372876,-0.5915914733150994,-0.08604387670450084,-0.05955014488866087,0.6635565376608572,-0.8583159516075635,0.055400936351919464,0.24078710763658395,-0.5482380689327137,-0.2898686412714542,-0.18850683741930765,-0.2790999455907234,-0.3606202527828407,0.0004871719566843518,-0.13942862885996093,0.22656529471164405,-0.08891213277167291,-0.058586552716171594,-0.6043255341570275
1.1268557993917494,-1.310533951083129,-0.8803418387600535,0.5840217680083822,0.2860932023712625,0.5473220581908697,0.26545768030638245,0.03362445825297922,-1.468768594116126,-1.4816245039824698,-0.6579007885445738,0.1044417667888351,0.1067677068577062,0.31984992908967746,-0.34770549860143896,0.4267547055586034,-0.3037160768252972,-0.4007180838876358,0.746818242321067,-0.6712388795876817,0.03587734638072142,0.21359448580535584,-0.36758851726038155,0.212386574055028,-0.10606016443813057,-0.2600275833561835,-0.00474768306568661,0.5118924255096403,-0.7663273001418067,-0.6464084559118431,-0.3693458925698219,0.032026419567790634,0.3817444332819251,0.13014542143560867,0.7800831971331619,0.21209347742088444,-0.5139811458867986,-0.25416342788810564,-0.07601889119437849,-0.4677834140297752,-0.3063387715419815,0.5773742556556208,0.1351281690183636,0.4624173920444269,0.543383883807935,-0.2896677520034174,-0.5451061240114626,-0.4109234198141412,0.19897099796890125,-0.6068266565681705,0.08964438537467989,0.45213247209530544,-0.35201078939460817,0.5936231102669218,-0.6128620714725296,-0.7836786723797868,-0.403707664850909,-0.41740596089590964,0.09910806441413289,0.003960099380462598,-0.12439206480422611,-0.5741826516456897,0.1880586213507723,0.042869435707784384,1.0526153304707435,-0.28859269636956053,-0.2259930000703347,-0.4156543800793554,-0.4065163556317133,0.12818415495477473,0.05122681728902686,0.2980831254776056,-0.21364970073486825,0.24735948360072937,-0.5294110547826092,-0.20986385037746058,0.17403569322656479,0.12276841249648905,-0.5422245964088221,0.10018924296513038,0.15607163925748746,-0.3999478632501652,-1.723802576376998,-0.45925968195144606,-0.26081969941705757,0.2301858337080816,-0.2931784003399789,0.42909965338672323,-0.29915938939391246,-0.5848371747021012,0.31403923325953836,0.13415467502991915,-0.31598144622354285,0.436607024452706,0.05480255269285514,0.26682765202462816,-0.21487598935472535,0.14449930442382578,0.2883608494944675,-0.14718659883210122
-0.6854461480661997,0.598650225603184,0.9184497481165035,-1.0836898886942916,-1.5683616110234486,-1.5831213435035476,-0.404646195956183,-0.7955158646484402,0.8645107037459125,1.4967343850947343,0.3594078171440719,-1.097762867847809,0.012009716246845659,-0.6789966210150156,1.2462506664522264,-1.187284730296912,1.3566600643899895,1.2802527919719888,1.112688694873632,0.8251114806798965,-0.4890199368910985,0.19541815775961563,0.731109269778244,-0.3538581557557801,0.26187977833238874,0.4240132158925083,0.26582226060472,-0.08816764187271597,-0.5437969877837886,-0.4634701654610455,0.5837867280606254,0.39137375716861267,0.26723572540680246,-0.2822090095282447,-0.3968358228358037,0.2439709772043786,-0.7815532886294341,-0.4360541340827509,0.27660563419808665,-0.16882368067584796,-0.45711517456788936,0.35405106245694107,0.07582068264907785,-0.22523762250274176,-0.5917029616388595,0.1707372785554785,0.22833064607868522,-0.0016523055983314807,0.03751039121998527,-0.21071051947989192,0.06822629706592499,-0.24360686284403,0.9094604708453167,-0.694907287223543,-0.5716440492414824,0.6227505435469889,0.26905765446780255,-0.11680602496986059,-0.09922852588,0.4944170629290546,-0.3420350217966288,-0.4631267274583958,0.03303895268554971,0.3947779988113657,0.6594639374860833,0.05811934696143139,0.3684827992831431,-0.5612333158791454,0.4006437650209511,0.3909830547229163,0.4484369131578121,-0.07231629110316515,-0.1468846394404259,0.25930211337165104,-0.09720390595494992,0.46602077808647624,-0.14163490306824247,0.40248008663920776,-0.17182097301881027,-0.24354517512591423,0.5968973473456289,0.6818046056690537,-0.5764503753143588,0.12364355095825504,-0.38227385577769046,0.1489356499083139,0.3394474020654098,-0.371062929857618,-0.7942971010372747,0.5901237019506246,-0.08027386386338424,0.5198098250922255,-0.0639655304293077,0.21740987073625614,-0.3815530614041386,0.3706115232535909,0.23181873686357582,0.06813508681490281,0.4484343083021519,-0.43163915766860117
-0.5250854018709153,-1.27089583808664,0.7147817257598912,0.5781940850015036,0.13559637386937107,0.35054510293487207,0.22331186536150666,0.18423083849774077,0.057499925780147565,-0.74985792895581,-0.41911820644803227,1.0887769548992772,0.44487075175530644,1.111802042470036,0.08854691231009565,0.7041611876036081,0.6483394084563481,0.1793614143729228,-0.5312833183730159,-0.6891340847748556,-0.15280289724528318,0.22806561509845197,-0.3800006255493706,0.6583239492072189,-0.20275471893549396,-0.05470684722467863,0.3385114963205537,0.9224621518554423,0.6004399060565141,-0.025973572537302033,0.5064449188161209,-0.09474148802431544,0.8411813226993323,-1.1224388595186603,0.49714970857020513,-0.18665440201734929,0.2736003702216006,0.5869653332573025,-0.22310957592490668,-0.05334439536191783,0.37860700676928893,-0.38379431556489413,0.5487612406659022,-0.12899110317042328,-0.8121854154241541,0.16092880941270596,-0.21799872450408628,1.5680726440697006,-0.41184751703835265,0.1001127927599583,-0.04569883811852873,0.07346892470542843,0.2710090994300491,0.26822338685577235,-0.14898310621782226,-0.027565406052133354,-0.14322594266710903,0.07735665731321123,-0.37468031798936025,-0.026307110330523773,-0.7808055643476591,0.6218502323473455,0.5614431942396562,0.09155074687987598,-0.23550583703681902,-0.42124025932066606,-0.8103255791359621,-0.010288280981865653,-0.5737157349745702,0.26726466122745607,-0.22031832352526382,-0.11255911687646851,-0.19736343597128464,0.275413615944284,0.2323983490607894,-0.10679089051804218,0.12724425228939623,-0.4992399011840102,0.32820122358151665,-0.092068324927762,-0.2823700653639446,0.008426353428890539,-0.11159537101216478,0.1657539288105095,0.04787055039657246,0.398554221992249,0.40429170093636985,0.2326730458703659,-0.601050958797342,0.2851731568412701,-0.33611629201938287,0.060224402197615344,-0.5892044291771169,0.49415998534302674,-0.1956536336912117,-0.6961914797929654,-0.052671717700331806,0.42544022716777014,0.2847972514693444,0.16347169723097343
0.3285360022594359,-0.09138486443330716,-0.10710371201652442,0.48600160481083765,0.18349820696058997,0.461276201952715,0.7198297491985987,0.25148693142892736,-0.31390667886141554,0.1795213741191909,-1.2234125882197788,0.8369217224704741,0.28181042245178467,0.07945662801894604,0.22015707028189296,-0.29350929462590897,-0.8704375658889425,-0.522356837568259,0.1914451149971796,-0.8349471941478385,0.6327152307389345,-0.39851563378776844,-0.27210178130139956,-0.04937359035235395,0.560005600867568,-0.4300585349236138,0.3633407922722956,0.29724730068267674,-0.1546095764990933,0.14185426553432187,0.3154964620169291,0.40329170133964787,0.18341008267475606,-0.8151053741626462,0.17295957421904762,0.6059464303610944,-0.2998519688694427,-0.5076638700758211,-0.7354599335061772,-0.3047149677549902,-0.13945795162895808,-0.15727722423166335,-0.5012494906588948,-0.09159060162362165,0.6941159429703941,-0.14152359720646257,-0.753651045086388,-0.3063903172173726,0.6848899706499266,-0.04270407859411425,-0.7060914042319721,-0.3928140110745063,-0.673534512019757,-0.3600025116575796,-0.10581983792994824,0.9108878054955173,-0.0037535078216133035,0.18010824448018256,0.32419817642982424,-0.192834019715334,-0.45654669748611826,0.13369050941540372,0.24780869507692802,-0.2691697646202724,-0.28688430476577503,-0.5446025384116175,-0.010611499783473165,0.20564625850721885,-0.5735816691369431,0.6789250544605764,0.20991746077959744,-0.6776623162491757,-0.6481021845081901,-0.0348394438322848,0.521604252947679,0.07660944113281866,-0.5434793564424936,-0.19823481987645186,0.1743312030347454,0.8345400392394652,-0.9617361149636221,-0.6554121485956048,0.46905784473878925,0.7556715127407169,0.4662054079542643,0.19289672458154172,0.38294284238115955,-0.5184702221316572,0.12646321747884995,-0.1833946839470185,0.5344027755404367,-0.5671744186823117,-0.6357425213053994,-0.0060955690634435225,-0.05854952474896619,0.10442732854426745,-0.22262460156028552,-0.25780520333589174,0.011241187926397335,0.8729509444584183
-1.7582183571367012,2.0782871378955896,1.8314830631067252,-1.331820334214497,-2.3121699543107055,-2.3178121716856053,-2.0427217891911473,-2.3967680012613855,2.471763917242397,1.3029015358664842,1.9888771920254382,-2.180867918021139,-1.6598914825971085,-2.3990070583589014,1.971767665191074,-1.756390256577538,2.1066069578864157,1.621589732888068,1.786258454037815,2.0324272485976187,-0.0048880293127347456,-0.5545648539788517,0.32597590400123166,-0.05158286058263736,0.023077087197503468,0.5424819511896466,0.6729705564203868,0.7422113463913683,0.6626836467316127,-0.8586919509460579,0.23353590316831851,0.25826492009541463,-0.2587557315916843,-0.6614030200189202,0.357249994979348,0.22542542378172215,-0.19609096746166757,0.6006437000314,-0.07318602720899323,0.4139381278468267,-0.41241635864782583,-0.18250261734997122,-0.19857032446626932,0.23309362895719093,0.05444950536678808,0.3194653602650187,0.2179343194909164,-0.4734000511687241,0.5593755167777082,-0.09478628898928217,0.35396771947894884,0.04070374018274933,-0.5953371769564265,0.19389157880681518,0.4281543944783517,0.012567094988385085,-0.38677028706499217,-0.008288863003917532,0.8753837355486499,0.11748051398672814,0.3561376970852162,-0.008682864585094159,-0.33441303250543275,0.3226881211345156,0.5135194277889042,-0.15717530255819054,-0.13440843939037886,0.38840242011822707,0.07308512409835681,0.08491577707926617,-0.2966866458471483,0.02783423899884754,-0.3531536591191322,-0.9667187052788024,0.288339081638494,-0.13230986916878176,0.9468547256381067,0.12176706522541123,-0.013904641267591037,0.06892234269019415,-0.7142043919263089,0.005985876531337237,-0.13181041518518274,-0.599645948177679,0.4563711737453941,-0.47140245790498764,0.09080965973462286,-0.19113023492076595,-0.6077226732076,-0.005837037828013982,0.34923621412604877,0.22306702301639633,0.5157692411519139,-0.41954859630206043,0.3778829958895903,-0.2644712253957124,0.8907016863337669,-0.32406430911630424,-0.1428294820544078,0.3566633941600675
-0.6491214896540423,1.2932301401942474,0.7786977509830695,-1.7380150500615605,-1.3521794805172156,-0.7093066446470213,-1.242316304060788,-1.403035363453195,1.2570654059310258,1.2979894771844918,0.9593629958009142,-1.4454615238552464,-0.6484993934567628,-1.360108709283735,0.9030730908946972,0.077176823183437,1.399819378771508,1.805605729647087,1.2990942300889676,0.9335595323197228,-0.006912517475809583,0.05332036936657377,0.485189303684795,0.7010652786284848,-0.6172733212711232,0.16992246309546907,0.6341386830109571,-1.2167705639021484,-0.16231777117755478,0.8456292988926324,0.6154858422353756,0.2315248496435614,0.10993472366773296,-0.047038758444781385,-0.5329378854500355,-0.18553714364861107,-0.448110184154035,-0.4057290246686821,0.40287438936637143,-0.4157178201529262,-0.012175473011468338,0.035149246777594206,-0.680418111142111,0.2441099588901128,-0.44855226057273284,-0.6188059792303112,-0.0718588478007679,-0.01916359049227668,-0.47884846340546605,0.12512209419878906,-0.20585371098963406,0.17137201871891114,-0.1571814577189625,-0.4671581086379314,-0.6308810121225611,-0.37871535807544526,-0.28178177860684905,0.3083315521813565,0.06949651735340033,-0.02477260483384579,-0.7493752840715031,0.4071654853927316,-0.02442909517424729,-0.8196027011794482,-0.19930741477949424,-0.35003353399937687,-0.014615317570833883,0.003416259543367031,0.37505377418743774,-0.1370021984724354,0.8273671259062917,0.296894201391571,0.09246681004680503,-0.06263678377480057,0.6729381279927915,0.0952508373143286,-0.32686852789406773,-0.27434046532067713,0.343500197872253,-0.30933463296986036,-0.8560449579386116,0.47241051209058305,0.2895116913406071,-0.6008929188342713,1.3106791676162333,-0.25184959652474515,0.4762712388238649,0.23470721137804437,0.09056834161226862,-0.08920957264264434,-0.5586692119853782,0.07782700851773872,0.4730770133821817,0.0527633717369309,0.471603425181764,-0.2626321489643029,0.022021874453663368,-0.43224768499836924,-0.3489951642223453,-0.08073267849600348
-0.3360277153803088,0.5278079020318324,-0.34839911785384564,0.5108433634416499,0.5689299374284825,0.35275133437561357,0.34579286763420847,0.5083005053940131,-0.1964697501976898,-0.02197982326404148,-0.6402499471482656,-0.2596172713165623,-0.17205792267313172,-0.05532779634011427,-0.4752947494578654,-0.005758236714109853,0.47957039086245185,0.14631322446242997,0.3796224824926921,-0.18281423737071856,0.6589040872625436,0.28785241065263323,-0.5937929338893284,-0.15817428554896448,-0.5703583956863365,-0.65708316329794,-0.9398703821936696,-0.27275449443272765,-0.40920280600842124,0.26417697009014535,-0.3432170610547751,0.029198345982818712,0.631897334085181,0.05224661808445501,-0.23954059447037648,0.527813082910739,0.17251070250652026,0.5472295079847509,0.7630334886272434,0.43749526018544393,-0.7081081183389601,-0.16886733113417488,0.16849658810720264,0.2718229654088403,0.3878486202949824,-0.46995345817080014,0.5404218382459779,0.44797573174902294,0.6133931470655042,0.1731823670928258,-0.17166353016800512,1.0282855386602954,-0.7208581662022817,-0.37704057665878177,0.29137453285625076,0.5297055433747208,-0.29164222634946,0.09549290140580577,0.44896162575279513,0.7440768569838688,0.18262531601617576,0.08398588463135918,0.16159043669523618,-0.43497793787083383,0.3444079434785838,0.0010799729766980937,-0.6207186586393485,0.2511513596093008,0.11693534148865291,0.10061540684326681,-0.40407719402120074,0.29924162888993294,-0.33672475662917845,0.4108581318255366,-0.7583203585329753,0.2848559205112807,-0.02981010333300165,0.32095222869048096,0.1765042487294304,0.4253092190554628,0.3985205068935672,0.03896542862065052,0.08055071854067261,0.7689264353623981,0.7572079549932965,-0.8812022638170885,0.07789711547113316,-0.5797103512742421,-0.5377961312870354,-0.03014357644537629,0.05639763060428987,-0.1464091815614228,0.4020784730923908,0.2601207465330019,0.2175655727280995,-0.5162993788928173,-0.007240076114369439,-0.276466290671798,0.16869666201556494,-0.28267377302807534
-0.28196768526482047,1.2248315872710878,0.3145367984676666,-0.4641926609439073,-0.4342368207178954,0.07217281695439492,0.1592534939707787,-0.5738470533518559,0.7476685491224383,-0.23766418346098317,1.442563285259515,-0.06767362282511624,-0.22827196794101046,-1.1990796248295497,0.8946113631290127,-1.0875913155754435,0.7312495545769148,-0.19928697923473027,0.0058951670065017225,0.5095347238337646,0.010826785904554354,-0.14564352704845296,-0.1822786243546022,0.21821798057187058,0.8997148054229556,0.02386582048469824,0.16811130656751658,-0.19682873714997912,-0.21460058872524465,-0.036843617404223206,0.7667882014368882,0.08299591578733212,0.6988885944789566,0.6636436971543181,0.05814260268832586,0.19897477035457012,0.037965720801290494,-0.5689266885896223,-0.43968360319908995,-0.6195085483932061,-0.15314702914296718,-0.2820832191905568,0.3510173832773592,-1.1597223122431832,-0.2518584610681487,-0.6148131926161423,-0.3989144929742297,-0.10046203522998072,0.411714291103509,-0.2882745904266424,0.055140458159120206,0.5027575944632274,0.5698058738692858,-0.4415305002148576,-0.01918455760435394,0.35592532571138547,-0.3145993558259778,1.0519339635025104,-0.31691464452609347,-0.30896521797150445,-0.07160740988673314,0.34627240654620467,0.1284386098675748,0.5013171986951922,0.04322712837202464,0.04013698898554398,-0.0993579557435794,0.38581666163335293,0.056130977768370394,0.1339907793035307,-0.2377067146987102,0.2019926223879001,0.057222073792838134,-0.3774673221567429,-0.42018828976341605,-0.6261627027548676,0.1876919987149195,0.6269228831030473,-0.3240974103364536,-0.7880299293508306,0.10887475026421774,-0.29983009477933326,-0.10759584471662534,0.3322159463346489,-0.06853110371489772,0.4472596958703087,0.09959296063867182,0.274556173627181,0.5137455721221849,-0.033463787771721536,-1.3916540126657824,-0.07969704909479117,-0.610937180865629,-0.23880400979756639,0.032550605177095154,-0.7161931449185233,-0.05111001909488385,0.48829519302250163,-0.5681098113100602,0.5741269935530913
0.5564055151319143,0.6278484087347252,0.038856576566635714,0.22430942555748834,0.00703716913021285,0.25065833661286674,-0.3182505544054446,-0.06508815743464236,0.5174050335117423,0.24421046981728659,0.18262297157068585,-0.050438297848222735,-0.5341776080921833,-0.8969236761837647,0.6595427236911668,0.726813550695602,0.8433540589995052,0.5374687862705825,0.44486818384170057,0.28065954271110993,0.14112614344603314,0.9321314023036577,0.3038699669925596,-0.01702615956747269,0.13140323708416654,0.004158180257417036,0.25839456853506,-0.1274943734076403,-0.06515561976986502,0.35967387878581886,0.5959519662546487,-0.6195884695145795,0.8306156510596098,-0.9108254782650783,0.11814232391363133,0.8725570223196211,0.23920972492418424,0.2242702302851078,-0.6130834103469492,0.09991641705982021,-0.018833336339868625,-0.744874764885835,0.8448120537736593,0.8841794224690782,-0.0320843528576255,0.23590071444183652,0.23479970510475018,0.27861328557483683,-0.22765640593542177,-0.743704490251081,-0.6774520643475579,-0.4284769286634738,-0.20319926642988267,0.16957562001949905,0.9753018372040861,-0.05931129635515625,-0.6668479698828547,0.0325596871512363,0.18425128662098378,-0.23531976155319986,0.7122250737105245,0.11769300927551454,-0.2481371688539484,-0.12586012690423584,0.49989702863653035,-0.17701444265044514,0.21958503445031632,-0.5856431099328427,-0.48203007421853583,0.4141618066547328,-0.1644586031445125,0.14318743292370958,0.4757249263648382,0.1222124887829369,-0.6780134477735821,0.7138661578678569,0.0035041389684120536,-0.03512846096737075,0.1741185517772539,0.27064514949973945,0.040876499469858094,0.18333791159586318,-0.649807594715539,-0.5309034711521343,0.1767241135764757,0.645323809814025,0.43471197797731637,0.18100514295719616,-0.14592458753066795,-0.06268205371728637,-0.040986778324607925,-0.8940628674483455,0.35576769082364024,0.38526547113904047,-0.30148334891390816,0.46467781091436533,0.12129225074292363,-0.8829659801274946,0.14278315671821248,-0.10063670772295269
0.6794141884333019,-0.7280067060709345,-1.3899962617723909,1.0116290634382994,0.8206848369045202,1.6650069129851885,0.848612483319624,1.317555732604254,-0.7925139047954287,-1.1005197459332987,-1.293229343944205,1.5058001403069803,0.14841110169369987,0.42658902846787394,-1.0293039434988507,1.2084824148158277,-1.2877556795031766,-0.15985127028955948,-1.3140681292864091,-0.5335698809223228,-0.14920638765414096,-0.38552512923927973,-0.13511211790444175,0.7139069053371171,0.5331876146815179,0.11828868629894812,0.5261733854056242,0.35881333766269335,0.2413660976455225,-0.32435868656518413,0.17501199461100111,1.2927853191071115,-0.038831663859144,0.15011707503128877,0.03985092075581071,0.12088322916764895,0.09443703178417165,0.29353620304514916,-0.21900196584875503,0.0704725628957458,0.17729129578277028,-0.015082352876093831,0.11936300651463849,0.09142119295840974,-0.46863072832830793,0.9059476352466422,-0.3413877363966325,0.6893462411926674,-0.735073765035283,-0.40504882424745225,-0.6105615915080125,-0.6678842011242881,-0.03772658038023942,-0.1553559435630195,-0.8093277432618747,-0.4464707280046244,-0.3605340592566838,-0.09997814326900964,-0.04279105329325575,-0.03796365842808837,-0.0206668674352354,-0.5287112574812418,0.3952717624664258,0.6117781592478281,0.19066426890461283,0.2233357129274445,0.031366639884022385,-0.16701334272659824,-0.27105208943445797,0.016954421580192267,0.17074420592112927,0.11227741846441565,-0.34548655346892726,0.16359671879767182,0.11307503586299156,-0.9667073420656549,0.4278799862841997,0.9111212467438045,-0.30733658496267663,1.1594984100397976,-0.47903451012570014,0.1418322301585058,0.0879956506740773,-0.4027649508052185,0.3343326972560879,0.5405212346515396,0.2792327481239796,0.4562581015334571,-0.5213079215043529,-0.016095433031154027,0.25344076047799763,-0.6169922723662814,-0.8151393091244041,0.5235506427759486,0.22210783795143693,-0.10984024515606658,0.3071471625355875,-0.10976689913433195,0.30659309425556047,-0.3948238050837702
1.4697752656385032,-0.05670488021388226,-0.5527870121221028,0.33234164661516585,0.04812521790486542,0.3053364169884555,-0.2926848054022566,-0.645370712341425,0.11295234365451604,-0.24684066966004548,-0.01459814155125877,0.07321494287875868,0.0880715609601868,-0.6128226986387977,-0.8491858291559503,-0.4521695885659549,0.4211713203460147,1.1911890191637442,-0.6160171616488881,-0.09242543512414415,0.5890328047377789,0.2911561661484913,0.11624025886471369,-0.44011223183856213,0.014313902039497374,-0.26012791972794325,-0.37807848749172224,-0.53174468448914,0.7762947437939843,-0.41116844225515115,0.28124013847538715,0.17403040542788928,-0.003095453383787907,-0.14927229599666136,0.831364333145751,0.22996516360445474,-1.2139480242692375,1.0825380510734648,-0.3037620993034987,-0.27866024705204506,0.03888365316322317,-0.2965973502769739,-0.5192668306411778,-0.003196054805322947,-0.5972376729348383,-0.15435849712308577,0.31385786022196255,-0.00260659130537531,-0.46281509701587414,-0.4061662995925603,0.7183670885389084,-0.7772400405711998,-0.28338483495333056,0.12559097526725943,-0.07103718408133065,-0.7274719533711286,0.4498624353804749,-0.2879067800474083,-0.25206469663849906,-0.20728840812423902,-0.16944294415063682,-0.15784916425445714,0.042913121540404976,0.19843458543560186,0.1090997035616378,-0.03824926095451185,0.4163537496477049,0.3391284332922948,-0.359110754145132,0.7132690087031875,0.07022852110849885,-0.06008092163843106,-0.15537609962955218,-0.1776739486609765,-0.2942070047282688,-0.1529557200442458,0.024048176199266642,0.3986782655000142,-0.21216161998449892,0.30056109740515546,0.30965270666747413,0.4022286143287471,0.5796474724840701,-0.398661325488302,0.43678676966714286,0.21219294251092694,-0.16875940717897012,0.16805219753595432,0.22741736178121755,0.5579078374006168,0.03287621198218642,0.02108303149916326,0.11192706402769009,0.49028381492544215,-0.6217889792083208,0.13845990458530294,-0.0716404272600319,-0.060555307515630125,-0.20412579405650658,-0.4084620065356181
1.5715541975884375,-0.7018775699331314,-0.5103467927539478,0.3263876161592739,0.5421392641379481,0.7630409954027765,1.2419880217752883,1.0497287356193539,-0.3369750772794946,0.38470426940021774,-0.770204075425944,0.936671458284084,0.877815916579981,1.0211186449487442,-0.5528420946604652,0.8400217010603801,-0.43899231704258834,-0.8594321317050957,-0.9129524536968185,-0.9457861256025836,-0.4721182552409048,0.6600432158518793,0.5213855873627795,0.48374189718503857,-0.22631463622580972,-0.0030235602034254846,0.1739017847345713,0.1085730557304963,0.8029072763107394,-0.7266313402577907,0.2326600966546728,-0.17145009930735847,-1.0022924751768694,-0.14514547022019053,0.08281837911642029,-0.003700606235525107,0.3825336049656915,-0.6438875519520446,-0.3537200973996466,-0.442484357820358,1.0940008893557,0.026402971817857366,-1.421513392379015,0.3170474943928434,0.0023167491555274172,0.17044136330483553,-0.282337881525115,-0.1946874841680009,0.753809345214706,0.3855717594718719,-0.2742778136435267,0.424733034612442,0.19051838023291726,-0.2879178285992709,0.4449164609454022,0.07661185672618193,0.6717964906328352,0.49686655239584143,0.04535645352351942,0.6198256130745742,0.05143147311986862,-0.21075237464803712,-0.05357207686186377,-0.7027431982652566,0.009403312889930971,0.25253158102586204,-0.20729761154144916,-0.11445850911380567,-0.4599401141239981,-0.131843144922126,-0.21359733333208145,0.43087206650571896,-0.3390192519565471,0.7799900365419741,-0.21997149336262564,-0.024680271513904176,-0.6946344093762647,-0.2019575794182568,0.17052396197660402,-0.5914990534789174,-0.011115084863650577,0.32118401432809246,0.005304004826201107,0.15441220239304543,0.44603617261583517,0.48726513819450484,-0.23171122702779742,0.2579067742137879,0.2194109021001929,-0.32458669068363405,-0.15204133240048487,0.179622177232075,0.3522408718334783,0.22514022403988954,-0.04352801436956149,0.11552780654718396,0.20705170064577125,-0.6300474203423901,-0.20792297023620293,0.2742175606030682
