2.378266592735515,-2.5066064625512356,-1.0275188432053037,2.169371902158521,-1.7040967434853789,-0.5285776333960277,0.426314220753563,-0.7560849982933195,0.051012266085796565,-0.10542532789256637,0.3737590110831279,-0.09441730396929823,-0.6660018609179409,-0.7868196943404592,-0.5620877182003428,0.018104888695912435,0.006328994027028757,-0.02728193423235506,0.6755527182813293,0.006134051834474248,-0.6905599424410382,-0.07160607373183675,-0.8918834845235506,-0.4142576089033682,0.021731125848425036,0.17590988774888883,0.12518464979402671,-0.109131227473642,-0.696822045845221,0.6739510598344872,-0.6104652835942957,-0.13518958974489145,0.8260668184732143,-0.2635451707306396,0.2507355938990276,-0.02391838667878798,0.1817907105820162,0.05864146627702146,-0.23555058168202678,0.25545918746379337,0.23519811069079,0.011984265061517764,0.5778447572049428,0.36634833011417894,0.41278645275123277,-0.3933391656303624,1.5292397969308424,0.09338671106859034,-0.07690918792008282,0.018337394379408907,-0.33678475023356036,0.25572555832793514,-0.40240899044661593,0.8998620403820938,-0.58140047080351,0.1936949057504071,-0.08352905990750269,-0.437470838757533,-0.1630590210379569,-0.5504883707118455,-0.008820139296121717,0.1560011510385025,0.16275132464167533,-0.014160391046459168,0.25719946605848254,-0.0534804532544247,0.18249241521721116,-0.7696061700281319,-0.12505189291828328,-0.7202705169367393,-0.08065443520153348,-0.32883302999772174,0.0946037001080503,0.24805003589655658,-0.43848958126044574,-0.2413954474483624,0.21954296139639934,-0.10537784248308012,0.3030752835418634,0.8550117712067055
1.612298525193402,1.6580572067632733,-1.7436553108254231,2.422780222920785,-0.12645905497658105,-0.6852706795390077,-0.17822589270149675,-0.164054992752951,0.438896662180941,0.4148332857747306,-0.40820048658562064,0.43990792294441106,-0.05047375901161128,0.4901968932667474,0.5905122165137733,0.18027172426252766,0.44322905552180186,0.06277558499173709,-0.0010847949037853164,-0.5540379931847629,-0.8741013823875322,0.23073868066173578,-0.33926070126601177,-0.16175296798078215,0.30074745590026974,0.4285693601156946,-1.2059153362115822,0.5175389855154758,0.25376506923228614,0.6464782596458467,-0.22168249212480504,0.08898764215688718,-0.09617422146575363,-0.8149304718764063,0.04909642307345439,0.3521110877800544,-0.5828269725903371,-0.008482798364043972,-0.44392074124800235,0.001148036330141967,-0.11202521729850504,0.6733303989945101,0.11804307963444521,0.06892112864808883,-0.5060405679290725,0.3491154737148014,-0.12021756059799117,1.110653620078484,0.11362218030538256,-0.949824598966298,-0.9845276289135081,0.9900355938103647,-0.010907073392776708,-0.6819594100058917,0.833434182383612,0.008119724802346243,-0.06704791449641265,-0.30180879239933334,-0.31506946139044834,0.6804513116348068,-0.45140381304995075,-0.21131186960555728,0.18004401420089006,0.4639229965744345,-0.3729385695109617,-0.8509915159572008,-0.38073667416669643,-0.042603429130659745,0.06357814455363323,0.29667089679132014,0.102516615751456,-0.6736926576162146,0.4894495594120084,0.08472497088107793,-0.3701505999910113,0.04966306337390868,-0.11387272177736496,0.1535947183706283,-0.360422106168974,-0.25103344640225456
0.7826045736719816,2.7616979646969098,-1.039425726714384,-2.3387645123071943,-2.8609111094288586,-0.20328270023588493,0.7579348325163449,0.3565998902503317,0.4521092127583402,0.22538759079425186,0.13331643845213578,-0.1069751506938559,0.6641155879198782,0.5944406902029207,-0.49460828021661774,1.468560911272419,-0.44550129604678673,0.33072067221080187,1.04814941001759,0.12051715538672648,0.014668971427558132,-0.39529159667152064,-0.47817497648912455,-0.07578631014685394,0.4720760015065461,0.08653748687884938,-0.3065156257186493,0.4102791378368137,0.12056804425689749,0.12364796667790597,-0.0679617604553802,0.34857145104908577,0.7460794144378637,0.013797857176173132,-0.6874685128765133,-0.36277698272233255,0.4962019446363975,-0.15781679099736118,0.04194160785794545,-0.309440032342352,0.19611519307493452,-1.4398555284128245,0.09467045320046043,-0.10307224112562575,0.40890490271120233,-0.3935652970051137,0.8281753495071384,0.0015886927731610758,0.373223255554267,0.1392540444363847,-0.053255779686760214,-0.02091995119494319,-0.37815987173700344,-0.3430177819883598,-0.41603861596546365,0.45091664198061104,0.640334507516378,-0.47723543347373043,-0.2185456510613023,0.2723547329214325,0.13171709879614862,-0.12262418752346949,-0.45207711487392155,-0.2944617909713537,0.5751546316822737,-0.5914314317545873,1.1375616871222607,0.3509826825208427,-0.5705366159756848,1.3725512104307296,0.14699610265418034,-0.0975152740479703,0.5453086108591458,-0.31448053586618024,-0.0325979210849031,0.36770245541621915,-0.09532211905516663,-0.6790084589940015,-0.9792756209335345,-0.5542906477213042
0.8740478430905261,2.4283584337820203,2.6137830131651616,1.7324372540728064,2.115608060202482,0.6155371837323433,0.4189115861826212,0.12917510683072744,-0.40065652351129094,0.7921616855354824,-0.2990692182939372,0.2722943727782252,-0.6064457770040743,0.6531767750741893,-0.6433205248086671,-0.05509596644238713,-0.1789823178616154,0.120282756169601,0.004830975147137842,-0.20041363446239177,0.4699610053800711,-1.086484742699669,-0.41191830584545924,-0.5745478138891352,0.49273944728729374,-0.08570316554918214,0.7883097720523323,0.49929065490928815,0.15776261257908877,-0.06531353431627283,-0.7080998991976447,-0.5180823607886715,0.20518499137292576,0.11166333034682954,0.08414191484616473,-0.11396471561263989,0.8979648410701618,0.5330010506196513,0.09710988708353374,0.3873873713004933,-0.3037464668169867,-1.2149387767953501,-0.07802030827469267,0.13673700147003284,0.145438339497268,-0.16056438532630818,0.2658596619028981,0.21210318399905292,0.6027689186327894,0.4122445937976335,-0.24898440633976002,-0.1520892987037255,-0.777661098875285,1.0329097080376348,-0.3424693787985034,-0.6113787339758889,0.22411775229586217,0.655830574617148,-0.23758759491450304,-0.3043340326376946,-0.4858160588899058,0.17141989572670566,-0.06914227925661984,0.3598181604121083,0.4446340649107265,0.2799060906034895,0.19137486696948872,-0.1025436718203954,-0.12743970792699644,-0.4956901062628549,-0.5251451555166305,-0.7303807262426165,-0.035518395113016174,-0.267320513638258,0.2698980995037067,-0.5047623317596317,-0.4092537821057223,0.11670435003181898,0.15819494375516974,-0.5192611756915021
2.199235038326327,-2.147221266092415,0.17740575891637456,-2.8544424522593985,1.1634490172890417,-0.3852258497690561,-0.4913305555279908,0.3408316032177534,0.19917498657304125,0.5500993859258253,-0.2917841986073378,0.01855576893546785,0.2885513205237273,-0.37803030186410397,0.06802922619471603,-0.40835935205616763,-0.17813533263964845,0.16351950059848017,-0.11697968537939289,-0.08355600095804043,-0.19492004935696655,0.507794525209925,-0.8427317798935376,0.19175032920965326,-0.32713932082884367,-0.33861936972503875,0.2080978900876589,-0.04047580175213135,0.988812915787882,0.062420170150218376,-0.7007515592808191,0.09070315346474507,0.08489541075837091,0.19351130294996666,-0.27174934270880213,-0.3294052286595294,-0.2872594730181133,0.9174325877484983,0.2606655860160742,-0.18842149655077559,0.011877406872706171,-0.6528754098561008,0.3594522266783594,-0.16781650765895917,0.7881162424303197,-0.06537067339908427,-0.6040166786562478,0.13515903195884002,0.5010635539822128,-0.4289983048311882,1.199074397837801,0.5570787446973907,0.05961656273817295,0.39888393566550057,0.062218577203510775,-0.005728046508165549,-0.5198057441437233,-0.12628604109642474,-0.4764681348493999,0.3703404721728968,0.046648846716428397,-0.8237665553231696,0.08523541918063855,0.21043035755875428,-0.03094071225494432,0.160997427082611,0.3531689262620866,1.0942091826358686,0.21898127215592836,1.135559984501671,-0.007110314072715565,-0.7421061565414113,-0.4333410752503364,0.7693740939859025,0.5084717812898569,-0.48645806252583496,0.4968733934090558,0.4834382134630723,-0.7415272027368638,0.057033164926860794
-2.2559389801147143,1.4888202398031096,1.8356010807519096,0.6580105056393474,0.7741480667968315,0.5084584039707997,0.29578983322797214,0.8057721252343581,-0.5637405092733281,-0.16812741032117842,-0.27852113706138587,-0.2892756244615428,-0.08784309371260994,-0.30043744257959915,-0.5074096605703826,0.22374645898618653,-0.048847403657849724,0.3928642009162578,-0.2649048640727198,-0.3734974295744932,0.564272721610456,-0.059598644218684195,0.1124635046443998,0.3884641842492638,0.17114262146197157,-0.25852221573435635,-0.3716618752600217,-0.5761498722827979,0.009550539194148604,-0.4912100236806831,-0.6025635623956284,0.05661001973025289,0.5898605573448186,0.1599321934189173,0.11045767302671651,-0.012534665623636835,0.29638028047863185,0.04864599289732251,-0.06027406071578924,0.16646831439847215,-0.8188488975835384,-0.9380649571809153,-0.22235471812509222,-0.6429338672385674,0.49838271432290965,-0.6171646579878082,-0.1717871584626034,0.6605673073671576,0.5909793161314681,0.2751988539808857,0.022062506000286065,0.3447351074603101,-0.05054169679368754,-0.20696127587345173,0.5554438567960466,1.3195887846551737,-0.18012288909551746,0.25223694428328275,-0.6019250911470722,0.6530274632055766,-0.2673735570738243,0.6208310842180749,-0.8497613850273668,0.3546449615688311,0.2261440637943046,-0.8754665546557975,-0.015380886348052136,0.1669726661209707,-0.7298373915737335,-0.20043863989155733,0.02482967477754137,-0.3562194373844903,-0.008499191477498618,-0.07156419475794479,0.30227484401070753,-0.08343466257741103,0.23052882603709665,-0.11443476499040776,0.12224255911947067,-0.4783248507445637
1.2340892812261792,-2.324872842592028,2.7356936915959755,-1.9067220000514558,2.3802946888772833,0.0015112648857151941,-0.6420649910821971,-0.8867054639987564,0.8475216828540216,-0.4894434427128974,-0.03236828400493061,-0.49747340862099015,-0.26602089434577414,0.8612743436053347,0.15355831822213306,-0.2990948273731964,-0.37915165629184777,0.38847836915675804,0.22444708866217777,0.09013643074697121,0.6609955783972271,0.7970908876826709,0.3564740386424217,-0.16732591303122,0.30269516696874743,-0.7816306570889247,0.5286758414168142,0.7075838983453842,-0.7945436880565322,0.23336001213587368,0.24849785655132967,0.3945377008647102,0.20853041600510971,0.12239191172066474,0.05415169071594613,-0.40779373450246426,-0.4585108368466003,-0.495567757488564,-0.30955003658900365,0.2623297500263028,0.3443229127807528,-0.7212409809808435,0.4835468030245637,-0.24015528514429124,-0.8414381874390985,0.08914144199984463,0.433460536214874,0.22113300652007348,0.2792260353212976,0.5270612616198228,-0.4508875900156738,-0.4801191125040777,0.8266126913265143,0.6824187968792175,-0.7805724108901209,0.27052915508961983,-0.9358097060885434,0.3943813597346219,0.373570944272923,0.6396092521170653,-0.13837221318816514,-0.39382765701363837,-0.23031702447527233,-0.6007356355888256,0.7293831424656556,-0.380262741216561,-0.17580222845059915,-0.429419324494734,0.3082187685572564,-0.5876103668473369,0.2853816033728907,-0.7439784583714838,-0.5677093440379875,0.489977158935731,0.6053709593470662,0.5233912828930234,-0.15599850295301926,-0.2078821474405742,0.5043337414857265,0.5850925472083867
-2.912316485096278,1.3705698724417361,-3.2472961091549344,-1.5727285780963447,-1.3445424175870149,0.06868610234496976,-0.24070420775288542,-0.4177246979194984,-0.5042199773428651,0.3302574639940063,-0.12144681485712905,0.39632093302400406,0.029247315268545973,1.2666574719577515,0.09100496472645406,-0.16511243503399953,-0.24209585290658256,0.8425568843644502,0.3576621553662467,-0.6534550459817285,0.27264306058533505,0.052580508515013655,-0.22075919007003142,-0.6305680268485572,0.576487885158291,0.18579833080213679,0.22073149347035523,0.33478085123065837,0.48221903450130665,0.3840231053770782,0.9999588003681072,0.4962626885702474,0.08709640797930451,-0.3628841264862524,0.17634299651196136,0.5791023053025393,-0.382931516417514,-0.676186991731157,0.8839548856186379,0.9549406412169742,-0.13236484781097219,-0.04923929657931044,0.4124079090918934,-0.6012676893874941,0.30632689508658667,-0.19512907690350492,-0.24512248778094664,-0.4368318975601525,-0.21319631425361057,-0.04427704905711793,0.3988620578459883,0.23872758907308098,-0.1688868560264708,-0.08145444919578289,-0.2703923494782731,-0.25754536181302295,0.1436734363662241,0.13544260892647605,0.29573123874973195,0.38192644602730746,-0.5842712791973907,-1.165393188832465,-0.011632285973676128,-0.4847191895682381,0.2461050537675698,-0.4347602412847035,-0.3275985558954964,0.20659207072380095,-1.1269836296580558,-0.30178653766693647,-0.79525280086972,0.6677235681999473,-1.1488483305833785,0.03746103603495112,0.45781425753014593,0.3445929659915539,-0.07222525070722118,-0.04499375634969202,0.06773832052362012,-0.28614733817551924
2.3489253740135028,-2.6211662280072328,2.9379032445539144,1.6642274172167562,2.2041149005002785,0.25016882319555217,1.4573519318072738,-0.43797050472796334,-0.24373120168088006,0.2902988057409174,-0.14541319411135678,-0.12413237015725749,0.7242179291836673,-0.3239398043000206,0.3272008589230916,-0.44948480293093335,-0.6280684237980616,0.17504694999207382,0.30273229169508215,0.6470131193025856,-0.07847036971900671,0.032103743750951375,-0.796837191544696,-0.11310878246897253,0.44767478297925056,0.17926438951390877,0.6144518450432933,0.12777788783015762,0.1259531425152945,-0.060769280420559485,0.1458072800888463,0.15806593214277542,-0.41328645343101555,0.35679444812450517,0.48644430472407274,-0.13040717064660148,-0.2618354691772436,0.45018303552374267,-0.45561583627996954,0.7749320750152802,0.3290963408069838,-0.33450033452262884,-0.7215284698725705,0.02575814906624656,-0.08471198000164666,0.1922764522024519,-0.09284882873214739,0.04539645048899736,-0.40391107251693537,0.007213959649428733,-0.06347341542409252,-0.29186827504334467,-0.06004810990413997,-0.4329644922561892,0.32369229691376294,-0.2018186277777777,0.4067687375114328,-0.128332311297097,0.02511608538773369,-0.23744594591205054,-0.4744319580572111,-0.21246413291076163,-0.6390277534349854,-0.05547840870049572,0.5695565661070963,-0.6502093828739336,0.3122235023975329,0.35526788137671955,-0.49544161263125774,-0.5275515126428072,0.24275672819687508,-0.05634139260715223,0.76790708379715,-0.7577155569162853,0.26298820003580076,0.5485232720986699,-0.09118722664979413,0.08679368745468347,0.05842498534055896,0.7140570028291139
-0.529956930205562,-0.4527771413975934,0.16624476408577976,-2.63029353532789,-2.71759112799848,-0.28005182127708494,0.3411944393101489,0.13003492170229156,0.21986222358946245,-0.3359100747117875,0.7613559123459519,0.13788135378812513,0.3708267450745321,0.04085000784549096,0.39712487828538645,-0.17281429764110243,0.06462326955405082,-0.24043410327703377,-0.5436848803084027,-0.5880471496207419,0.11344854686761281,-0.09018949564953874,0.057997609526464135,0.40392858546395577,-0.917035586515326,-0.16448870237815313,-0.495185721876329,-1.0325264849385898,-0.31647110694203795,-0.9428990922297567,0.6775002989658181,0.16459340293465174,-0.12445360315337604,0.2591553088480449,-0.36621872546686013,0.19864188260699414,0.434359636049539,0.07922230921575797,0.6726142946594186,-0.7574646546909852,-0.2824802729145809,0.0744282897733651,-0.6394337145034373,-0.7089180377839551,-0.42598541896325354,-0.08617195314545754,-0.17185978420691114,-0.5075402761515707,-0.4296446074995946,-0.34697855005598294,0.2732851329906513,0.08552664585658067,-0.027430464493526253,-0.21044688721860533,0.24313433131475645,0.7569682561280577,-0.011472031732724782,0.03298681965654285,-0.36123933541141945,0.3430632094550027,-0.5316236042768917,0.0833291028629628,0.0655080030955397,-0.021348209550357076,-0.2140667549022384,0.31015521624002373,0.18735514277774942,0.5561211861059085,0.38881468756346066,0.3587394464813624,-0.5059882231282987,-0.10097973888002773,-0.0771761905318983,0.6149465827161761,0.14400851594792582,0.42024750272728034,0.7876382461275941,0.5468710449826173,-0.13705534251743226,-0.5628450841329373
-0.5850974635494213,1.9362144393708716,1.8050714820170164,-1.4617139450533787,-0.7804798456045695,-0.039917342452768255,0.09962199212589684,0.21579498103027803,-0.3282491649038963,0.1904521316184185,-0.5815656069425392,-0.16214939658296365,0.08942753115195456,0.1190507987042423,-0.660462092834411,-0.3368082361459718,-0.4130837977072683,-0.8361356302156645,-0.9817238650895326,-0.65644661708029,-0.298698253036081,-1.1914669163410725,0.5898336420352971,-0.32593407264717533,0.094208417359291,-0.4024183831933197,-0.3856630080974042,-0.48409375675412075,-0.20593476383004686,-0.20314515381261214,-1.1368984760328722,-0.6333539505098659,0.2823934398919937,0.8467683110897183,-0.9083136312552214,-0.35576066087188163,0.42994462865414845,-0.4460382583471537,-0.46562498191104346,-0.13182997017855264,-0.16374045503501353,0.4618938049423264,-0.31561398407721913,-0.10714266669915061,-0.5863205692330326,-0.07667636674107008,0.6270186591670335,0.10372941896397041,0.10898998517106032,0.85995622748922,0.7355260190312101,-0.24978824464616575,0.13475060654720475,0.19774442623296912,-0.6137194647240051,-0.6735948268196864,0.0954582417434802,0.07562936608510577,-0.8589973873909472,0.019477104989137788,0.5237274912858706,0.09429924754421078,0.05246449742250057,-0.41970006808924926,-0.010759320821655224,-0.3625594913652082,-0.2759391962190334,-0.2598035515981557,-0.6453385002126845,-0.6916760292156644,0.08422021613167394,-0.5614488770326963,0.47672221124874864,-0.045263450828402614,-0.06573461057595809,-0.548067177871621,-1.705901718504546,0.8877698526541917,0.4688208674394619,-0.3048148698673944
-2.471808494012006,2.9653814579142694,-3.348756545823507,-1.3181820043129466,-0.6302778697557682,0.3282156652822194,-0.15017665921764534,-0.8678710404697848,-0.33537862666693224,-0.3186015997592027,-1.1436528378585664,-0.74007695856701,0.6664185491239164,0.22388511949273066,-0.27886362812179777,-0.8508493446049122,-0.5714646350172686,-0.06741602714974182,-0.371577321767605,0.2445753657428968,-0.056892140567960735,0.5000230546660641,-0.09786462836460628,0.45084799974294576,0.7315131842497211,-0.13607005443574172,0.124694193869808,0.21180407883315852,-0.01534555244119536,-0.14941970463048543,0.7207258855485154,-0.062318727086120615,0.3738641350433624,0.30748507082038545,0.11625590018448476,0.6232291868377505,1.0910347221399346,0.03276852191265745,-0.7390478388017742,-0.12320778397474415,0.1615291260842705,-0.3389765614269023,0.08703563850249402,0.34006683122958087,-0.18142195343800566,0.28850791090378547,0.4305965210734493,0.007396036355774094,0.060463965580794095,0.6565732893492263,-0.6102268589140085,-0.6359187282388323,-0.09353625918960291,-0.3553202267074401,-0.6647855099943718,0.6504398162837637,-0.7339038562485598,-0.39957142533337414,-0.03608994449837657,-0.06507817448790397,-0.23402373389223882,0.23003119674158332,0.2840640572380763,0.5969383764557871,-0.2756742288383352,0.1883008424072282,0.35128104276769345,0.7027786605261083,-0.040918406184901814,0.38996416470323775,0.8655563853227956,0.0973835218307914,0.30266340549156656,0.13275787731957434,-1.1523066697316933,0.03666878058191844,0.9008610427324967,-0.18971945171362944,-0.6979087477332844,0.878268527543008
-2.6220516566587793,-2.8178298651486267,2.077032522181888,2.3941595387765697,0.7580810411974594,-0.1354133335532452,-0.2971724718122446,-0.16500511065872459,-0.16188180868622376,0.5697265833672868,-0.5497972780004253,0.031594489391532414,0.8110972955120976,-0.08442387810518676,-0.3019233295771541,0.3764501882311853,0.0953859140827611,0.9076971737696631,-0.24182405347540686,-0.9043515714971664,-0.345672264614895,0.13100424343672532,0.009856719696404106,0.5708417121934172,0.36493396941179274,0.10232424470411008,-0.26300761904712483,-0.10898131792707087,-0.3226589256755878,0.9257612614922742,0.02386907646237069,0.22633907169794037,0.44888613424211643,-0.6322771793968001,0.03119636524624308,0.057285534545371455,0.05502043409747427,-0.3529605318941032,-0.661972876846681,0.7409660510218097,-0.15590251996641302,0.061212263632680154,-0.09594171559363798,-0.41357652888397983,-0.5547818030446119,-0.017014461659191113,-0.08658768482217112,0.7272511920892761,-0.23648466046658095,-0.3351193124540564,0.6609437913647538,-0.11289095476624193,0.33364855084858447,0.6500418168249069,-0.3264351073541468,0.3846741535398887,-0.5218663547143393,-0.2238337076557761,0.22581958893864498,0.49001754243149337,-0.13316845755999818,-0.3611154130425231,-0.19904262213879367,-0.23063672577712352,-0.11989622398181984,-0.006271816853329493,-0.18381511399167114,0.3415170142792973,-0.35337340125598926,0.06339899856810377,-0.641782185160318,-0.0014557751973998075,-0.4424745171546074,-0.5475215826771519,-0.6034214335666813,-0.24260547384477127,0.21077279546441627,0.8988748511358836,-0.7330309353158568,-0.2321762913606993
1.4189010935196253,1.535084862442651,2.5850504439926616,-2.7859823800932535,0.7620201649126187,0.6230304645458697,-0.17471664389011857,0.577038182544392,0.5432684923788726,0.7207885247332607,-0.14778705879838272,0.36637808654041487,-0.0860639999537098,0.6461561442486353,-0.5656872868626912,-0.23262273406799322,0.39610456133305444,-0.1493913137511735,0.09525082205562102,-0.8305340447542657,-0.7351055574566552,0.1467207198681723,-0.5090841173349222,-0.08130067597573319,-0.3104656410206259,0.18735347913672576,-0.16745679522475126,0.38719607327280103,0.1673026705658601,-0.20181530880925533,-0.39251555167965324,0.4796890322133264,-0.405570003984194,-0.5034583589786679,-0.35516893981285264,0.38390662604856934,0.04952674304725453,0.2250638700460606,-0.2502783937851157,0.03598305108872895,0.2011055229302372,0.29614719754541713,0.1740262107916772,0.20588513139579584,-0.9622950710749458,-0.3842505132753125,0.2618280301003557,0.2774549903817988,-0.5258613807349521,0.20828269362066737,-0.07504689010725875,0.7425949185749833,-0.4557909055037045,-0.33368635377336786,0.4399896554002305,-0.9857442970841895,0.4949999015597638,0.01129863835115468,-0.7068091518303503,-0.41864706991264017,-0.2075651801880058,-0.024058309709910367,-0.05105452052794809,-1.0662850685717375,-0.3558084057647096,0.2298721750068524,0.08905730747273838,0.5320179467808481,-0.2043892814089523,-0.2726155972477586,0.41673157563393515,-0.6531494235079741,-0.6596335780580631,0.7210641976010702,-0.7782981558300116,-0.6047610761423217,-0.5195048815922538,-0.07914106893424123,-0.16230761963420812,-0.3575399618940046
-1.2878030207352027,-2.38344410715632,-2.504797851780739,-1.7654245789691057,2.7913204214523653,0.05158229654821719,-0.04930024497863844,0.01269323909892759,-0.1922261998446082,-0.8437399543053117,0.3165794644320957,-0.10486174563235622,-0.5793641529730723,0.7468380635281258,-0.4381648813735386,0.3321550020949243,-0.34201325406966954,0.3896020533065273,0.5038593598307467,-0.28685804553924776,0.12380088721509286,-0.5199243830414074,0.4292180337661175,-0.7483985016213648,-0.4130695965708263,-0.23613586229276945,0.3157816209683957,-0.41430635681223305,0.41108270978210815,-0.08376671844184175,0.40151414004143265,-0.3337648938680239,0.1519867715101613,0.26048338225996526,0.5664001914287641,0.06149301606153777,-0.0535931048219262,-0.2695278448319844,-0.8841883510958481,-0.29184289416823683,0.42862691255869256,0.07619146248317735,-0.22142057661917447,0.4440100950943661,-0.505791660594792,-0.49053000147056325,0.04069246905439728,0.6851258586047627,-0.1455969014283338,-0.588410938928843,0.5391277596075138,0.23508222084074254,0.028398115542958756,-0.18909946794620863,-0.7220007459155713,0.18184964662695088,-1.0397019168901915,0.5362060687152499,-0.767738022812345,0.05594278704065522,0.4704682988999079,0.5742845330328503,-0.3420387684821651,-1.0125103035504652,0.2311453480124954,0.583777190010949,0.20959380198499067,0.34188007024113626,0.11411802476583859,0.44172696453621785,0.4418221849086091,0.0597907681385994,-0.5114412834916404,0.35874841636868515,0.6258390380908413,0.37238947240360876,-0.16541573083324132,-0.3368502057025072,-1.1772762003246953,0.19108170383035844
1.6084798566637257,3.2801033479184984,0.22377202379166924,0.565501538711051,1.5684797708526248,0.5197184093915527,-0.8772830021350758,-0.08382108648729292,-0.13711661894292254,0.05228879672130173,-0.4029670977789728,-0.0862597846297545,-0.3465791978777987,0.09854555996768624,-0.016608890077736083,-0.7447487840499062,0.9717054985109914,-0.05297548145038149,0.005858452235417153,0.5894806468741879,-0.4522148408422877,-0.38534097183658245,0.48477392096691807,-0.24886642058206404,0.026149416140028126,-0.03388330017106335,-0.3463264983832633,0.6357171010465382,-0.5506872825736555,0.5924312675627745,-0.3160206106118119,0.40827618945718025,-0.26146512548725437,0.35567097510798634,0.38815071199888335,0.3720137963634774,0.2565702035734643,0.15658991654284807,-0.566836018706885,0.7440110829291073,-0.2005989798789693,-0.2176976798209888,0.1324124623542914,0.10228048136549524,-0.47258260822492854,-0.5818680703339214,0.47645371641238116,-0.09725297679034042,0.008650433666826511,-0.8145833539791226,0.2734922213680585,-0.7566808224279498,0.43672217123838464,0.28613291345947506,0.3697640299618251,0.12004513790302168,0.7795318438397597,-0.177921603590532,-0.07170936993798852,-0.04427766963081773,0.06975973728754137,0.37679736341574016,0.29236508909800185,0.47047767852720895,-0.3203282895004199,-0.468581558314563,0.38832999524751766,0.016172560207008253,0.1564431795795736,0.2578178503550143,-1.2125006085132026,0.7256685650914783,0.2470157614779966,-0.5219757707312273,-0.8171465198931335,0.12656810387384215,-0.4519697508437713,0.5444566587107573,0.7631240990218716,0.5226693762961674
-0.5797670808179262,-2.2454082627821754,-2.9588944740135634,0.12041404599735633,1.1036786377554892,-0.4745149087605007,0.5413262677642863,-0.2611216681381751,0.20706201347602504,0.6294255907781771,-0.3849950643613392,-0.3625609171486438,-0.2393239915967205,1.0026709886611274,-0.5381169397522109,0.09701514262358321,0.12921947675408685,-0.2261808420576866,-0.20614811915439216,0.48554936702649587,0.09545025926681007,0.28050322662571453,0.3454072911848843,-0.010471944195283196,-0.5365255197732076,0.10689461662441938,0.37512211170478865,-0.4117417642103676,-0.42017651025207703,-0.2539141938516072,-1.3583391536579776,0.4723394393000307,0.05221029458450322,0.4019622099720357,-0.0261545314700515,-0.6706289958762344,0.07519963200965604,-0.5583463955072255,-0.29205481184274623,0.22872761350475318,0.1924686498525324,0.23912887082031412,-0.17928816527976527,-0.5568244552737028,-0.20518688531736473,-0.7714087938583417,0.6716731876668156,0.1140297547040071,-0.731383647683091,-0.9961450880309113,-0.17971969284289166,0.5838797463171503,0.2260981332423552,0.34876633259135725,0.044386416010934175,-0.5704835533929498,0.3540336200692456,0.017271042198671045,0.8004238855926863,0.32354761855222386,0.5569749535772143,-0.041560791354451176,0.34246841195400624,-0.44989717807345814,0.172014177278507,-0.1808197443581145,-0.44992565094884485,-0.06955260361957856,0.05128952913600533,-0.550650508056611,-0.07909958875349064,0.2951430086495761,0.2364396076972417,0.9152615030780193,0.30310648714473715,-0.10745078361258162,0.5412820761019991,0.668495942525116,0.2657029592882961,-0.3950618506454126
2.303110856792928,0.9753499528566872,-0.548460263639792,0.5177752635409836,2.5760970846587514,0.7161589780314072,-0.006393995106767914,0.16722656929326316,0.21297978657318403,-0.8911035407764135,0.6355513909816423,-0.0612972910811991,-0.09280077059454975,0.4442792029044713,-0.17412603322440218,0.3100701337016984,0.10141579751894264,0.39423364402666394,-0.09451579199565295,0.2896212564429076,0.4560477130213546,0.2842276528202546,0.06941786215437833,-0.7654338469257981,-0.46457349141105286,-0.44027888114562563,-0.11307800060611733,0.17957872894124174,-0.1899977896097252,-0.3667378055254468,0.26857702466141403,-0.17711849944062064,0.20329088879673143,-0.8201637953467106,0.44916336472880686,-0.6074791589869379,-0.09043787818199976,-0.006589044684032373,-0.12852407570852184,0.36197519496426267,-0.5400713707420617,-0.13851651729743128,0.019249710911947635,0.17750361942174156,0.10210314885508116,0.7567385668573701,-0.32196428745241695,-0.2217959782844001,0.25004048923949773,0.7786397440987199,-0.06644666650380392,0.08404183465901144,1.1394469748445122,-0.24790850463438008,-1.2173423558525756,-0.31239325843754545,-0.4560431762599423,0.03626488698271604,-0.36175999546718757,-0.34920572525422044,-0.070762552382311,-0.5910936039575677,0.4465615692787276,0.4403467209018408,-0.8295307091639095,0.6143830680532892,0.38395552449114967,0.31310047668418634,-0.18515724039805465,0.31938467116233893,0.712577589382647,0.004364919703900095,-0.10017233573585949,-0.16897501695982692,-0.01640776922336874,0.29586276684183493,-0.28704756728293424,1.2352259305857347,0.6833955356168644,-0.3157917989120445
-2.3662057751370087,-2.2367715724298147,-0.4637894991552548,-0.3324480750061653,1.7893391213783423,0.3936394262977788,-0.028701048890732155,-0.4164367173128285,-0.03940962396080054,-0.928197703481071,0.5007581077412937,0.13975097519632929,0.3116982094439803,0.28164514053617673,-0.1455112549686615,0.16910768339764276,-0.07341250255442437,0.1139298246308718,0.2509916926100189,-0.1304887407400111,-0.03047307402805828,0.14505286304692994,-0.7017724909466526,0.4911107386590903,0.37595815375329916,-0.5951730933839087,-0.09894241157529848,-0.6544869252457595,-0.4045406279695436,-0.2666557563051262,-0.08390688767779718,0.8757526649776138,0.5759686995341378,-0.33891044969269407,-0.7584490565380475,-0.7956348402223956,0.4639128784621869,0.3766540946705122,-0.2747729669909017,-0.20979770209988105,0.5147757120241291,-0.04188433720836976,0.642270133099901,0.1290316603799416,0.9116632093377577,-0.1742177932542615,0.48698076515262,-0.18311148698461643,-0.01974340510344351,-0.1661933113102164,0.7628641288047133,-0.8202389120396999,-0.022914414468024974,-0.151986469810828,-0.26213845509505956,0.28114347884686813,-0.34639414166175725,0.8918981487190069,-0.32502353343950396,-0.17398748446656478,0.6110962381695287,0.17350758653329465,0.30854251545494477,-0.41165777758005706,-0.05368603074667618,0.20497329182670881,0.409186900894769,-0.11691453163786296,0.36382211193440195,-0.7060765331985788,0.6283387182924662,-0.18545557682410185,0.281024679302276,-0.08641841354501788,-0.3546873129835462,0.20482036633619635,-0.20514049190852116,-0.7894499796496535,0.723410604009557,0.40321446141857703
1.041753992924587,-3.535579256971189,3.333019043915648,-2.5144143028761894,-1.9272597966840048,0.12249808857621396,0.03862108239215835,-0.5398060625559938,0.4859339331956183,-0.22155228592610504,0.7354679944714595,-0.3291830323740603,-0.3345636607595108,0.22524058032304958,-0.6572472396455579,0.4358616146602673,-0.08232002628711442,0.16456313928503993,-0.39279268862396083,-0.3475271647235325,1.0955217710943232,-0.9287242615019564,-0.25484708264419,0.5314373880923282,0.2795566404883157,0.7805126378092729,-0.5597841894976009,-0.14674010061920367,-0.6218905910999003,0.2894343407816256,-0.8620972726198959,-0.1324576092302729,0.31161023944382865,0.11389850605032918,-0.5830169498049931,0.258771431963962,-0.4531563432916111,0.03088409345565794,0.1022948239185534,-0.5161029354005281,0.22048050590631033,0.05176089077808245,0.004419699288949201,0.7978833956539629,-0.5078525082082133,0.298561890092653,-0.07652317387685915,-0.680515938553362,-0.2967107479555121,0.8150886904123146,-0.2749394165459505,0.12966797045630205,0.0002750409310339261,0.11415616480917999,-0.1688357034447415,-0.19470630898228145,-0.15744879505522333,-0.5208528025075526,-0.1757964359072011,0.5043585526805249,0.7047789029162411,0.4922941637520866,0.07471366420988623,-0.0890757248460787,0.2769336836310781,-0.38640874010536996,-1.1163552491538284,-0.675676335214698,-0.5633426061108652,-0.9338460896623588,-0.08965188341443098,0.038716239762864424,0.047868506815634475,-0.7888520648767152,0.6184912570819151,0.8049337886874153,-0.5014982229876775,-0.54975133764835,0.5261939658955158,0.4937666061081437
-0.2944766938083494,-2.6398096082561002,3.1288569700912565,-3.41202370121972,0.9241877530454101,0.6003683676611491,0.5058355842931779,-0.018625557709417144,0.16756201434839588,0.6105114270824004,-0.22416052254503768,-0.09405735627938316,-0.27665698760206975,-0.25336268268674517,0.14686632369338037,0.3763396485360064,0.056511310880205036,-0.20886222078052116,0.5078333917971125,0.10084565208252326,-0.10208347035475418,0.29862171181461455,0.5294817606667512,-0.2033981801791477,0.3531126491548954,0.24920047853759347,0.32920835287363365,0.6410435787159755,0.723048845161988,0.44799477967310064,-1.087118065018873,-0.17225194179210557,0.08272128116393743,-0.3257155630867747,-0.04944845857462951,0.6453009586698631,-0.12639048962646152,-0.06203441109893963,-0.1548756804054764,0.25940016855513714,-0.7775342166894343,-1.1485832205071957,-0.04881670936601103,0.2920697602213845,0.11921916500175041,0.35654159409332514,1.0456242233101583,-0.04847193087619582,-0.6927021404203292,0.0596501630333903,0.6469459383348424,0.19010847733277286,0.0030399939085501786,0.45426598295121146,-0.5465089989381671,0.2245243779068597,-0.09588834686685546,-0.007603978057770114,-0.017143933771090646,-0.32449961651690845,0.23972368202488237,0.1804712612373425,0.5812866436135051,0.13705469807843923,-0.17977206386300315,0.010085303106305421,-0.03302131588902552,-0.3598315598048279,0.41630369563891045,0.6755682526716666,0.4324149222952378,0.27269357812918377,-0.38094324739639923,0.46481543985102364,-0.7381780430693673,0.10188543455685835,-0.09059319051955668,-0.3391992953520278,-0.3102096170987018,-0.09110612980471217
2.4904569443549827,-2.7459043753507415,-2.483274335057716,-0.7538682570735697,-3.121689947372166,-0.32188279508586826,0.4288002002699164,-0.2711966747748576,0.2591944725961524,0.1608812468298502,-0.29227068756368074,0.1748646619923619,-0.019483170602236193,-0.22763511467445144,0.20256514306507178,0.20404720013147862,-0.12759816274344918,-0.20119733417697372,0.5932671392350696,0.14244364494116843,-0.11018680938222827,0.3502700111000615,0.7751774810070569,-0.459669065456887,0.0681229279399588,0.6327107340639612,0.31461532956668337,-0.3898589650748903,-0.2016442698754625,0.08992529292596106,-0.3579830364058187,-0.39479015501504316,-0.052423526542969036,-0.46327298217542456,-0.020084837959574563,-0.23280178882084807,0.32721554476629794,-0.5368516019468313,0.398430217456463,0.17132794014259697,-0.8250557956582514,-0.05779011843416697,0.06962761045188365,0.12219325908774083,-0.2906510834626649,-0.15739568889771918,0.026053998741982925,0.6901361837656232,0.23655852621445503,0.5433837505484047,-0.29371506802994435,0.3394234637403863,-1.162878661796036,-0.32591519311649964,-0.04933131799834753,0.05574817280798888,-0.11707844691721363,0.18111944930166915,0.3145608351508556,0.27803254097113594,0.005596856834076954,-0.14124464294143052,-0.13920401486788195,0.4582808031687615,0.34061890293012376,-0.015258920814991115,-0.6395617349282927,0.6832597856220723,0.22409250116904708,-0.4577227683958742,0.26498190063543603,0.050563852741534444,0.3098641105570923,-0.3638941927977841,0.22369961310474692,-0.021684365478157025,0.2519492160832973,-0.1385805652283192,-0.3099918151511699,0.38509128727987263
2.2679684268479026,-0.8700896811519355,2.4812890252964803,-2.2589403762527813,2.529539052878702,0.44353923313883825,0.34667266660072993,0.06519075166911617,-0.3826966500229843,-0.1715619846558162,0.06291561072697846,0.054938088704468056,-0.06929001334033874,-0.46420453455732713,-0.583782719340039,-0.4730764199707264,0.5446915319307805,-0.49441440295689554,-0.3266145602015715,0.026697222290119362,-0.6847776494645977,0.0913530525017859,0.17964011201876204,-0.3370097442077656,-0.35727888087252907,-0.22428171755888476,-0.19101237169116306,0.20469895325023865,0.4992870104550971,-0.2654785139631962,0.5679621965260638,0.6271682322242605,0.3146004020404607,0.15013164148244118,0.07612079619202254,-0.5492491142969358,-0.9347494345516645,-0.2059316439876677,-0.6942365631601337,0.1989787723381957,-0.2774645113173471,0.328255776920501,0.2969300727246906,0.33251086309558026,0.36556043846632896,0.4097842532867037,-0.4018737861107031,-0.02493666136194887,-0.33688216163259155,0.31441469357976043,0.7605619932503611,-0.7109950072606488,-0.6974146825358889,-0.19554577481728286,-0.343774982516752,0.019760151396370985,0.05822900976899452,0.5990123869345967,0.1029171286211862,-0.23861478347619453,0.3116904601489685,-0.2559144497935227,0.671978992182237,-0.15954506855028325,-0.6166105336883999,-0.04745047202208281,-0.10064573495600229,0.008762334096151589,0.2574718677477221,-0.193431114829983,-0.7502843460690068,0.21427387273520154,-0.3667732310064914,0.27836983188638015,0.07532278257870005,-0.35101383766831573,-0.39114848804929747,-0.13741131077971483,-0.261981654404056,-0.47538020610567877
-0.7413504417182282,2.734926591359585,-2.1663836780490455,2.7333995618521785,0.6768778768916186,-0.5399016063411037,0.11864153987694716,-0.18972942912704027,-0.4308087730932073,-1.163448096773257,-0.44059962652373175,-0.1994335406780097,-0.7627551090671089,-0.6429534437738699,0.12533209016945707,0.18225570684446168,-0.22603785234350515,-0.27768514088134577,-0.21918200319327538,0.0702587339577725,-0.36487591140923764,0.5502313278859411,0.19025668764011403,-0.8169471203010594,0.346561672896538,-0.11641747558843596,0.6003503692130566,-1.249741407998842,0.12031363651782959,0.4692267496591895,-0.10991304641059524,-0.5817081355117744,-0.035804242571519325,-0.6530369342010913,-1.1512527060944826,0.09895351386461244,0.4019660010224477,-0.7190631934940792,0.6372477106669336,0.5732456611217583,-0.09228648213730832,-0.18424573121279583,0.07163040667377009,0.34920433912678855,-0.3577997159970117,-0.655871820360684,0.5339527518704937,0.09247220589661122,0.053610979948918364,0.47359224151967594,0.4769765118114878,-0.18074240046107864,-0.021185142907339208,-0.5458167047830728,0.39817049015103223,0.038430267504910166,0.4089014182492456,0.46946073044130865,0.5470144472577629,0.06419021746856092,0.6592887737475348,0.42786986042688185,-0.8812197979982085,0.9297370135583806,0.26176358293165386,-0.9708683731492274,-0.09133624802828312,0.20173853710638145,-0.41530357247268396,0.32017570700169673,-0.17562760193398744,-0.01240413879710008,-0.5579120176698456,0.36455054705357465,-0.28209370933999883,0.20053478678608466,-0.29272042728042685,0.1769874207314147,0.6073675202423163,-0.10927177325030708
2.9987124758960935,2.347711271497444,-0.9479517111838248,-3.0057916200694295,-1.8387376120187993,0.3406671584921187,-0.05083907768243364,0.1975401170676156,0.538524965167918,0.25226023164945277,-0.1415167175100383,0.04391566290565251,0.3270211043492893,-0.7210973527232993,0.3259203532353298,-0.3519060357301901,-0.9481389302127441,0.11594097213376844,-0.020110172534984035,-0.9237838864909996,-0.4594585719129624,0.5698983493012229,0.13263494989861266,-0.3544143408636176,0.8305898454352221,0.38111641397938945,0.06875723584921022,-0.622136134803268,0.6229963212082066,0.429635412736819,-0.4994836417627519,-0.2391139699916672,-0.388761010295415,-0.5106579106616252,1.1183471835035064,-0.05788945211106402,-0.13065827086966597,0.14307642654689032,0.06854249211678604,0.28423828395083867,0.02032045613928056,-0.10626697426878468,-0.3414427198122427,0.08834870059501847,-0.6273284106501587,-0.8735883817659252,-0.2204854970768299,0.48589179126538,0.04240957011594471,-0.5586022853318184,-0.23768420257070494,-0.6266605519434842,-0.333868861758237,-0.07541543202835527,0.22397538227798824,-0.29220306721023753,0.7932319476278483,-0.1473652760555767,-1.0001593317329185,0.4695934648738455,-0.003838294783250996,0.720802806675684,-0.2598556864764794,-0.3020379977906915,-0.4695789059399511,0.11477637203471078,0.7916012358791942,-0.1705594877925552,0.2828965497986669,0.0539121697635462,-0.10090364461602591,-0.24774873765779784,-0.5422722565605392,0.24445982280323442,-0.4869015032849263,0.02983963498946836,-0.0768929966113493,-0.42213003850075786,0.006547620371210159,-0.08924841809489925
-1.1492521726014915,-1.086389830677906,2.6216497524322824,-0.2994932262983556,-2.522691673645237,0.09149725720280136,0.35649154503090685,-0.5897787140852344,-0.29295194130491603,0.8037240861951622,-0.33425314098242387,-0.3737365148613025,-0.20359395685871393,0.030365653207872646,-0.35184336763835344,0.05764876943874641,0.5184927990854153,0.3186106527330368,0.056646116260964906,-0.5528145769881441,0.4070203481668217,-0.20537469399435854,-0.5090239773860086,-0.3987087599064774,0.05915896446999396,-0.031200759953439447,0.053233271587964245,0.32127422141378253,-0.0982813927912557,0.15532612412437172,0.07380753116857577,0.06290543769807579,-0.0947401733856548,-0.49929349137044793,-0.30362865592674076,0.22212879886414155,0.041239155549319895,0.4628340604125298,0.7657858882970099,-0.7444129954056622,-0.16195361283899354,-0.7637808639501666,1.0053407866484307,-0.6722652370125851,-0.12082672038289845,0.18722367714384813,0.10959455057669648,-0.23441104419632286,0.7295359832973854,-0.16588419958018671,-0.0682969262510887,0.3262918150699009,0.0038581463798237777,-0.7664211141435919,-0.8087091537907692,0.029422733688056257,-0.176575478185521,-0.5773187675042355,-0.5243111755211275,-0.3733410630950975,0.08866445717087512,0.206576894017824,-0.0516462633100695,0.01770616660568381,-0.05051590636314749,0.3104204702543863,-0.06252081512086949,0.2296216700982022,0.9452261985642891,0.012358386716811264,0.7335896679359435,0.21509420556541373,0.9334058353262261,0.21297062392214042,-0.6004418916567097,0.5279121783138538,0.4256475960980577,0.5357734022055403,0.7194224223862815,0.01810283289814316
-2.4183156400171524,-1.143100616206421,-2.4169637300729856,-2.973453141844644,1.9427453748376418,-0.04096641456105556,0.13612528993138034,-0.5212302309860138,0.544583330781135,0.3846243962552391,0.07822360323336958,0.5334901597398328,-0.22220283044155376,0.5358378921081458,-0.012904982911273285,0.28964263446714267,0.5451603944652685,-0.2866463357708309,-0.37261910993097963,-0.07137728490483757,-0.4371908482290562,-0.1455554574869437,0.3977412055218916,-0.5101194629014095,0.8152188573184106,-0.5551894550799292,-0.2984722610424172,-0.3922230164717118,0.4872284073316387,-0.7508035893975097,0.10790060125032597,-0.5589365371061231,0.40800603127217794,-0.21960978835098602,0.8700814245060359,0.5062210309223214,-0.4169824203447292,0.15852530061294992,0.08531365166750154,-0.5662908862439894,-1.234108756130616,-0.42467580112231335,0.3212450497136443,-0.041256107001320645,0.27313024453157503,0.8498639753324964,0.07601348178741094,-0.2672751172380809,-0.49849307414002475,-0.7203191838547232,-1.169760161817466,0.43042720326934664,0.29244602056618224,0.8885760395769766,0.25082905388093896,0.45895874520071395,-0.3983022672259834,-0.13062479320833204,0.18163662545779435,0.4557803185892983,-0.27874371757455346,0.48505181169532274,-0.3100801536455863,0.5639372685403626,0.45401217366215924,-1.3559298810590825,0.303798649919124,-0.32407853689052135,-0.597116386971418,-0.030531711501762173,-0.06857611164621932,0.1753830880503448,1.114792406718041,0.2276967867142408,1.065274857672015,-0.31670748993213205,-0.14936557409726217,-0.18170941598836501,0.35178758928468346,0.06577564153132981
2.699212893251041,0.9960443963330854,-1.7093325360542069,-0.9416432567245517,0.8994846474893433,-0.45765502715281364,-0.43722398755584857,0.1295191914376552,0.649990590788316,0.27196020166879165,-0.9443259145045605,0.15460456983245904,-0.4929201162686253,-0.1754881278097145,0.8325958412323252,-0.7204780212505641,0.9912632807212963,-0.2804822398278938,-0.3527264697973864,-0.022325278972270716,0.26601828393349664,0.0023437813151656406,-0.14828294673037207,0.3706801270482149,-0.3747936534726214,-0.3080777760713502,-0.1840491601928893,-0.4983638227924381,0.3945139737344577,0.12467643730618581,0.2766905998351133,0.7891150453335871,-0.2258855081192915,-1.3569483578003187,0.06994795569245935,0.2651762591710169,0.06805734606417674,-0.3489255474920931,1.0046678271585516,-0.3674285325251651,-0.22709943783659675,1.0390186838943225,0.7672251894088156,0.11609113800145009,0.024057658224335348,0.05841293884835195,0.2763913051974907,0.6468558578492423,0.4620430481531894,-0.21164432286405793,-0.3292760572977597,0.5955521771834071,-0.0981290117460762,-0.07431487251903761,0.14571502640022616,0.3224334645495619,-0.22153142864260633,-0.5859918027641106,0.8724603192785726,-0.8698180627143219,0.4833587896166776,0.2368595040554042,0.7503442431731258,-0.5667696496391698,0.008292346142023397,-0.23117942290802757,-0.18238353553916473,0.24569902632121496,-1.242959134508831,-0.5353084525702795,0.12367933201782316,-0.45114158054187947,0.20453301624990383,1.1594840115551177,0.06081217802338714,-0.1802935954638934,-0.06768909110142757,-1.2282394448995742,-0.023761907587666966,-0.3224258736876984
-1.4702725723914376,1.8420883292942039,-2.274846138831318,-3.469779962536448,-1.4353211188971167,-0.86822586553634,0.16421380493094184,-0.24660945025652503,-0.004321107121673168,-0.39744200502564353,-0.6305805690154668,0.707386059509281,0.4222085601998864,0.9329444198774834,-0.011364552729919675,0.0488191412200103,0.2895678917659248,-0.30754342013244745,0.11239901230091505,-0.1662458150498427,-0.26226390757532353,-0.09694839389166612,0.12406163662409203,0.12150479051290683,0.8057754992225892,-0.6181787077607194,0.6669533584296313,0.21825653351790078,-0.05982980054564506,-0.5122355005014674,0.647243510259144,-0.9402309550984055,-0.34755382436765686,-0.28844645026935295,-0.7585460230095821,0.1015766038946967,0.24908603298753265,-0.42814532065958155,0.602094014365182,-0.8542916714360161,-0.43500362097739276,-0.5272495509836032,-0.8639942825818592,-0.1630516638729661,-0.048394918841466926,-0.8334275231603178,-0.30763476486481656,-1.1396409750203067,-0.15323286396668814,-0.27730620669363254,0.028328962159446674,0.23217129904163702,-0.21402543237243102,0.5653782434116577,-0.17803549994614767,0.495729918319593,0.13961143137795815,0.007026601709076919,-0.4333297810178826,0.867590459051354,0.09776572185875305,0.1059151178807502,0.24767797347335743,-0.3649055746245105,-0.20156589508936112,0.6287395250993674,0.6494046344691402,0.4369586979573747,-0.7221925167612353,-0.11967435709334416,0.4145777878339772,0.16382761046477606,0.18703792090926066,0.22779095832942065,-0.1634851859157559,-0.0035091754833782673,0.26214164010685564,-0.4653429428033941,-0.2110632227351066,-0.5570459188301976
-2.237828605481993,1.2160161149391884,1.5120426280565606,-1.3559383012018313,-2.7969761565488014,-0.46181871080441367,-0.48503765610776584,0.299989492304109,-0.36319040154967946,-0.18266624388189015,-0.7598722762399566,0.025761242558016127,0.21843881065669368,-0.7664354214992801,-0.17644858017823517,-0.33397104515033404,0.38139461776080785,-0.33805540629860664,-0.24898511260201983,0.22615424414952082,0.018205757713352026,-0.6681887797367232,-0.09491951286028034,-0.4191840750338001,-0.16998400640578593,-0.17894626746767597,0.2884220527866947,0.6703700158711908,0.3208975925511332,0.3301713173786651,0.27594032967996124,0.5564043218046696,-0.4539659224829689,-0.3023521457488919,0.1442096056449567,-0.48042676058104467,0.7798393168197003,-0.0327911611636731,-0.022110669785224843,0.18768781047688568,-0.25838441521830663,-0.34868551539373654,0.14636166602541553,0.5240331475825654,0.7010382788667215,-0.2756214635747332,-0.015179905618139127,0.24793745819114266,-0.6439156679049091,0.2821936275474078,-0.11500548948348659,-0.8659591727441127,0.40744987080232864,0.4366877851134414,0.09808184372220126,0.11280354477920733,0.1301201911645481,0.23446989663326803,-0.5195013210963589,-0.44362590703508153,0.03567851448419558,-0.055743369960903934,0.4615948067604557,-0.47669424753687184,-0.5521075096225175,-0.6973024582881185,-0.0998791924114569,0.2942837192607171,0.7646329079675792,0.2827669075999521,0.2659003057955251,-0.19252150478493704,-0.20697434033144185,0.12131289377658856,0.19717517331653012,0.24650267460035302,0.1523057176613226,-0.5311417025505389,-0.015569625090803289,1.0984637542429851
-1.5519221544026327,-0.7281991657607108,-0.9290818029987535,-2.405253181649191,1.7672301734618416,-0.24299523130037548,0.10116496136081735,-0.6687437644650588,0.568206926501425,0.3414599656984349,0.3327740941938108,-0.12144355336649809,-0.54264484486092,-0.3704773455807399,0.2403283129144742,-0.3065095809845257,-0.015819322341242878,-0.7547206376687157,0.3435691365103134,0.022853006028707053,0.4173646404849941,0.3885034174033554,0.1946595571875626,0.5518876293904623,-0.7208523098132229,-0.3567645000570822,-0.28617278127419143,0.11708982240574699,-0.1935478274640842,-0.44755486273295103,0.5965331377324911,-0.7765003170619482,0.48939230244405,0.21825646635006402,0.3774125095586769,0.6614546226393205,0.3392866701184213,-0.03116019917265251,0.48965541521499883,0.09965203564811431,-0.08732733413471748,-0.719692482735746,0.6242773972457732,-0.5564526505005638,-0.2327985719537221,0.13097820238586952,-0.6411668963488646,-0.0792520094934531,0.4728864485284366,-0.5855429283035353,-0.5652002162675718,0.2380851362978255,-0.062231578101070675,0.4890856055700047,-0.2910048291698355,0.30669594658825633,-0.3869693077476748,-0.49433520699653144,0.7960454414903335,-0.07759570643360313,0.12410884274112152,-0.8457850393084725,0.2168889446819049,-0.3138125911108244,0.26072323436223094,0.1983025551886181,-0.5863091622260745,0.26447314012825845,0.8507934225201123,0.7240649252084507,0.6964945630221213,-0.052915088366249155,-0.3913969201152624,0.46301389297712164,0.19692157809422714,-0.09960775842334388,0.15819939162046642,-0.2370638016570195,-0.3359244443536262,0.485226011807071
1.363947856679358,-0.42183872022207514,0.31672164014307047,-2.0527963710822905,-2.2740998610807663,0.6757495301659145,0.14857257299832483,-0.21405823587235942,0.23419186994778363,-0.12305136976485977,0.1361752157342427,0.2889779536643687,0.4616787188069296,0.01936628005922219,-0.37598750516522206,0.16570299913673558,-0.11758950741504155,0.46671849162941476,-0.048991480877747066,0.1993735483339996,-0.10155699133589649,-0.13615936988545965,-0.25968426204771045,-0.9682609394317249,0.3999502839389744,0.17276990002463918,-0.11273326216716505,0.4357371960853846,0.5233789841442104,0.422637537307399,-0.1928937002175395,0.4932513959864421,0.20407486464104546,-0.21038136776818747,0.18610510379707387,0.5131987389903491,0.618579881834066,0.007180389620303803,-0.18364979048244115,-0.40358885521373883,0.17793209418694697,0.3230482400424842,0.7093117649597638,0.2710403066850741,0.8631525399569394,0.4307307740645538,-0.15965010456916257,0.27961815126378237,0.7040543470968177,-0.45256270590830494,-0.3740433176269585,-0.5296481076146052,0.4204482635980188,0.1812771773177025,-0.03322876810530538,-0.20196277103864207,-0.2960707218183057,-0.11856057279729554,-0.5232357870762523,-0.2638397269282012,0.6770114147328228,0.4967037134392024,0.033801748925680955,0.2676615435889255,0.741725190227874,-0.6232361262295868,-0.3260013213302061,0.20742412902664373,0.19621953898452085,0.07590337357059547,0.2120042483359484,0.19020921144312256,0.07710209715945182,0.21691639198793936,0.04049435587760349,0.46290748545039223,-0.38230737883004745,-0.44570880916274425,0.3279328535672378,-0.3202005636058338
-2.724109497125557,3.1629177897509146,-3.270993157889512,0.3028095021133519,1.7098348376932926,-0.6462806826734234,-0.3360573383995242,0.7013522227078381,1.04448715158458,-0.4754326905255676,-0.21830023657954326,-0.06837183691063961,0.001056982376479107,0.5199922630262749,-0.16997423491772956,0.5566342883947335,0.4045078731365359,-0.1195560239214083,0.6732402116476203,-0.46935779561401264,0.024061604931856738,-0.1444955848221211,-0.04005564122805888,0.05898918828240717,-0.07415741932334173,0.053949030256283226,-0.5483575031977953,0.33097497886647026,-0.611299020022462,0.26971829807998154,-1.0479501918774932,-1.6268513923683494,0.20199407818974058,0.05405838535606996,-0.47052421822557844,0.41864205564858664,0.20755052269979243,-0.4143529989409014,-0.13043526167192576,0.26558660379905813,-0.8188954627126529,0.3972474242278524,-0.23706210430806252,-0.28963235451202324,0.360097574214474,0.27729193126795154,-0.5692440431381679,-0.13100240270508828,0.3429703986831601,-0.2777064358219518,0.8441062624751902,-0.8268528579973612,-0.18695041673270943,0.5395436053946657,0.6373686289871384,-0.5724201121858469,0.029336636405647133,-0.4599830399510333,0.8761468806248223,-0.07735240575545216,-0.7113034928326136,0.8136028699306705,0.71585542571055,1.346293741383151,-0.1471014067878511,0.601261131654415,0.306787357563006,1.1927133334675215,0.43633070525878526,0.47918746542146873,-0.2854304000527726,-0.21533695190721158,1.1505937306613931,0.46645177899934764,1.0813288327685555,0.17882762237674157,-0.3472648277919932,-0.30633589249585785,0.486946496016457,-0.10989364528881213
-2.3829072287797652,2.760255422164956,2.5676705586039374,2.5441331368723654,-1.3731534675830297,-0.07880986391077315,0.507030978494623,0.024829361909533918,-0.1605516467498517,0.46873808472925643,-0.16060147359158075,-0.4105124077979785,0.5812061852449492,-0.13071132139684097,0.06948871571200242,-0.09426791141752085,0.8668012001159313,-1.0423320044535997,-0.4612111696946181,0.15709984568153146,0.41464322849344243,-0.05286381937125183,0.791979832528918,-0.3178117324731122,0.31921454658846454,0.4842458816596177,-0.24814844931361058,-0.02236414184636209,-0.9537416587471229,0.2835557382378083,-0.44469936210281935,0.7764031825193976,0.30628391412580896,-0.751194052731665,-0.022067786156293262,0.07559300751658642,0.0632411978808682,-0.8292816678485623,0.022271583749438544,0.2550458873447003,-0.5680605650984341,-0.10538029208439205,-0.029986063143644826,0.799548925336867,0.49740828386233243,0.10563822145940188,0.03635901725073068,0.31491630750773364,0.08971436812340655,-0.0009342745260575194,0.3146826046723585,-0.8070794623105525,-0.22404585461742324,0.24696085572739382,0.06471657657539466,0.732512760278417,-0.6314993598449852,-0.11537947796380461,0.1353125669428772,-0.916802666969162,0.23824921580690098,-0.30405989703210495,-0.09914478134238391,-0.4327466474859547,0.872158592765413,0.5055504722487997,0.12518613868146317,0.6352816837890171,-0.74102480159024,-0.6364139169081738,0.776069172818895,-0.38304357885433876,-0.04247895899072205,0.12476976674673808,-0.694173438646967,-0.4108160956167902,-0.3557375899065351,0.28696226986737217,0.46938772988387384,0.16365880490608858
-2.372209393657595,-0.5728158699764987,-0.0556466806038064,-0.1356878299056078,-2.328047555642634,0.14309989898073544,0.01060627517514654,-0.18885269908987376,-0.03341115882896143,-0.3807487773048314,-0.2346558138522335,-0.030986761645003354,0.44075416578850424,1.3728734903377373,-0.08133961199389103,-0.47798619279439486,-0.03643220951644464,-0.04435932253301485,0.32052562037289833,0.032180944388065166,-0.44427453993142935,-0.07369548018148926,-0.8737283765651526,-0.9879567833040779,-0.5128089321254435,0.22192125101992383,-0.5713836872629594,0.12680997205575972,0.8164278910457768,-0.0224237317709562,-0.6294778469585813,0.3171664839633055,-0.15780340347336166,-0.7798100556883352,-0.3902869339881568,0.05012465640593654,-0.5690984992598977,-0.20128331862537768,-0.05937414654384419,-0.17935693293099758,0.1700721680449163,-0.6922604458573687,0.12683138785036097,1.0191845114073241,0.6744413791596457,1.4511305793271674,-0.6219425011802775,-0.4896396351254968,-0.5366854199960639,0.7886175280343888,0.4336392743548795,0.16052106538794939,0.3467424208012152,0.7878747174355563,-0.029925267113504538,0.9458836415430887,0.9843946871369,0.4788642041911021,0.23576388637585974,-0.04418119679094812,-0.038784233669800286,0.2318451580089207,-0.4499517623948539,-0.32458915765923485,0.0011903288809130338,0.07333277575633997,0.3306874018749564,1.0743212546838412,0.3181989276969979,-0.47104433365833853,-0.6053404573295932,-0.211733279803435,0.6261727414380976,0.485464307992927,-0.22825710062889207,-0.3710045962619634,0.15449551537696657,0.4071598118477275,-0.29550310363825055,-0.17899263395100526
-1.5765501478905493,0.7701953456215365,-1.9012212962588375,2.3187453404864473,-0.7754971400410329,-0.14929356010213118,0.4336897829863424,0.13130246490573985,-0.1260841381850884,0.4447687778450882,-0.2352241997499771,-0.13748700684568171,0.6567301433227356,0.3696157754976158,-0.7647070377639787,0.002815815746871515,-0.5370095240841931,-0.28895520504477795,-0.2955838941900802,0.46975610285411906,0.6615383379814036,0.14417573801036512,0.18943569438790261,-0.1205045203805414,0.9962606430834487,0.07708034951038888,0.6254997766607071,0.12235052371558394,0.6963264305959352,-0.26231483326100774,0.1288057386996447,-0.3656897250000997,0.08266595303552589,0.20460679229103568,0.015476972246457213,0.6318709139695613,-0.6079573326693015,-0.5705731472863931,-1.114521328979026,0.06785979449822559,-0.392210141733129,0.34857935089976005,0.2325447055809615,-0.207498845126605,-0.12287418237038208,-0.18059332643928788,-0.8501597783994267,-0.057486775904016164,-0.9083991669580707,-0.08016441803765041,-0.7666121648075255,-0.8413837721543997,-0.3916014465738838,0.04040077159411194,0.017937607244213897,-0.09406277171946266,-0.08165664459362092,-0.6352314820417786,-0.2809523871397684,-0.7339947116310095,-0.29355344814286655,0.5389594996915699,0.39247777709552545,-0.3482762453508154,-0.6016613791550065,-0.6342210721838675,0.2932648284109662,0.17408080713471702,0.5340209441986782,-0.39618041314872526,0.6719293544779581,-0.1624886606313684,-0.05692497879366083,-0.7930287643118904,0.27953640574163796,-0.4940636309354763,-0.0851770378015547,0.7261702415857727,-0.6163337613087256,0.5693533845584842
1.9465755978016177,-2.6565287666064394,-1.3725614143255198,2.055990615013114,-0.7484766057504302,-0.696073699877271,0.1814218456780074,0.08805801522488595,-0.2233519075838393,0.2649932934440722,-0.056581223172948024,0.4673812209049849,-0.40019522926598766,-0.928063193435706,-0.009255236366785621,-0.6520443184368707,-0.32810193871842136,0.3940913537795186,-0.12428353159385298,0.15653133979043996,-0.1066875549658057,0.1388245858248037,0.17042358330560717,-0.4442131625098128,0.5307959318702903,0.1735853685735529,0.0011511486422511662,-0.0666803854413129,-0.11020110021825064,0.32687577877451457,0.1242957395987266,0.394940677271442,-0.6122809178261438,-0.5599867356076147,0.7637756357110282,-0.08822077285926731,0.47371381716280075,-0.3324361658786943,0.4276766341940076,-0.09970631996820228,0.19092353632929396,0.1895753545901788,0.7675676479932196,-0.8400203663580713,0.3902493707642086,0.39980437463344537,0.23494614701499517,0.05238331179394138,0.5346782232797571,0.24405299493633512,0.06737948344089348,-0.3293446140580479,0.7926147145421517,1.0287156246173266,-0.4058739504114955,1.2905216441769518,-0.3094965844063414,0.6266571300039828,0.035341186043087905,-0.8075235819938404,0.015268712183877221,0.5466633848942422,0.04861630855807521,-0.5785106302857654,0.2949485818173317,0.22587368565425864,0.34574207914084715,0.004050756594123981,-0.11844364618540978,0.2962318019488293,0.042086245983632836,-0.10919189994577604,0.6643491310485632,0.6823301000850341,-0.1900797598386381,0.425786640704829,0.3480001686501708,0.3146942730065056,0.2760322123806391,0.18600632353019095
0.8108280778569648,2.047169046296167,0.3792553286414715,2.1147828475133825,-2.8729486747710373,-0.42627780492800355,-0.22613358600091155,0.8199492805843128,-0.527208410231376,-0.33866020908583827,0.02660744570298599,-0.17210593322371495,-0.859565232868427,0.09814427261329929,0.09413038974497595,0.13006745353113885,0.02532691905251839,0.5719663360700278,-0.8036936218116896,0.6160193083855341,-0.3560003482624585,0.9448686521513842,0.023470686210878382,-0.07098154772834862,-0.3050390886538072,-0.0808544256881704,0.17142736783038662,0.10877529981681079,0.32776822930646676,0.08243500660264969,-0.15759106967207243,-0.4139767985593772,-0.5697819245680501,0.21649371285305186,0.013360011226632747,0.13190524934536585,-0.03052223556182544,0.5131912806775545,-0.22036582846495134,0.47124269420927395,0.9010826932265346,0.28119428164355526,-0.5956568855944077,0.02674057607834278,-0.5230626462378395,-0.26773954435824665,0.13179073090509605,-0.7367865880161018,-0.09976505482701639,0.2061923879810835,0.05264149833102398,0.5230260044401719,-0.3108057737437714,0.2614987295093583,0.3160412574521002,0.11371418987984461,0.7330137785971562,0.27965613660274136,0.14424662014125128,0.2576140088021528,-0.15351133773614598,0.1356513339165778,0.24952567777659054,-0.19777205662900968,0.3949133671804684,-0.09098120271994667,0.09659480805902523,-0.4759104553174837,-0.15695034480344505,0.015697993645805163,0.2181551690759224,-0.03950157892116014,-0.7125187438947846,0.6494666429986788,0.910244345932068,0.3119301439449438,-0.3677452125819704,0.5391310009330984,0.24621173917826777,0.19926667372571932
-1.8916299986205816,2.5817813906179037,0.41935959271047285,-0.3151534123165536,-2.326911113213474,0.5604580317402056,-0.8889617806441444,0.5067110338154184,-0.028370142908697847,-0.38194914455165047,-0.2570353835063451,-0.6311670407385962,-0.04895816705901112,-0.1254962714129986,-0.011528217620974456,0.3481030585467159,-0.4868257943262327,0.024100670029729564,-0.11852176289952955,-0.8575237704954622,-0.05453105863455204,0.32075887762584426,0.4035042953702777,-0.509360405840744,-0.12033885842260969,0.8911633180781071,0.29114192626385116,-0.8120150417298447,0.4731055575065086,0.7193693359287743,0.7824525861362785,-0.4948754788033057,-0.016772411707864306,0.7715338425958954,-0.6192259986016736,0.36331394084672836,-0.32675862686307555,0.23857688811298236,-0.08881563011016594,0.8318038210871613,0.6482061814818719,0.3169035620806248,0.18214504831523948,-0.5438167073430965,-0.3559144172647577,-1.2439637688246397,-0.2894303739901235,-0.28544351980874055,-0.08659272265742232,-0.4930626741802226,-0.2605098125330622,0.12306822708364756,0.031100610659492066,0.6836089749586873,-0.07988145944691499,-0.9620624060822459,-0.04052117479835055,-0.5983256998384902,0.05975488367059225,-0.43838228516423117,0.38597196245595694,-1.2844635625920262,-0.420790580254979,0.28812684169160824,-0.3949076143374988,0.3218673145858695,0.04586017213367127,-0.33745660620850276,0.5067268532809447,-1.2117051692562892,0.6966801437393623,-0.15477603233732065,0.685585077883034,0.16058597430768584,-0.6868206827401325,0.20208509830666022,-0.01678013865676211,-0.4098977610596626,0.1488804103303914,0.4293176162256596
-2.907994638402058,2.3160963868750777,2.7093965061951337,2.239590489637396,-0.6158337186312016,-0.23634357520791058,-0.04456110475318802,0.3665495338623828,-0.1852379687778939,-0.5943108305962905,-0.15974918772538668,0.22603683628939164,-0.33728779112928486,-0.41103204964121015,0.12283879133614434,-0.42159704592776653,0.30410505372869784,0.29397166884786635,0.2864998341626211,-0.13468843401578823,0.5565998472019119,-0.13887719238501972,0.6437708955277991,-0.16775441949447586,-0.19473333668431164,-0.18160575983106084,0.09711637800896931,0.3354040366299052,-0.26941385170829435,-0.14775660871307147,-0.515279444387306,-0.0799740207243235,-0.4680960534018,-0.1934558269977521,-0.056815581967502,-0.07433777970721973,-0.2579880744599731,-0.011807546746069958,-0.286813098352407,-0.30945422540191414,0.27052223746468584,1.1460837659397625,0.13880510312087518,0.37570610969218815,-0.22188350198800136,0.2528981944268835,0.5778229451410508,0.1458404980754494,0.4493567262062318,0.19172195044201168,-0.0753861238068588,-0.22653653595854795,0.39242772724529873,-0.07714248850859431,-0.23225515007698486,-0.06898698283835915,0.30904719717274315,-0.44902569004432197,-1.034041524828886,-0.11011064436080835,-0.3756766184559871,0.7542374537170192,0.10944007588550862,0.2579908890933962,0.7462206092080573,0.5073855508890972,0.6580412146486335,-0.6298129602914887,-0.33788516397546664,0.08538362877593561,-0.3177567581053665,-0.31619207910674046,0.2945074239011185,0.5256612401029384,0.40678761989627876,-0.34015378169980726,-0.10638994625981667,-0.5918081766834862,-0.4810787069509698,0.4246958088435807
2.838680968135139,1.6526759966786884,1.722355754219228,0.055529428988083024,-2.19513361587997,0.2594888750056109,-0.04849539573220807,0.24564429991460465,0.5043623426576419,-0.27134880390529426,-0.2861065962508548,0.09877828171625443,-0.4277119398594058,-0.1247592102147035,0.27687556955250275,0.17366245131161126,-0.3790601774435429,0.2797181238951651,0.357585965219723,0.22559373389666845,0.45223215682431583,-0.6962857231816103,-0.22822191466980635,0.3785315627011755,-0.0721851878864357,-0.8439125285643233,0.20266412362228686,0.3343900219780219,0.7092509176857386,-0.42154835359178805,0.37418799787164586,0.62629704527849,0.3687574407261536,0.28922321930431033,-0.05658672905144826,0.12893399366256425,0.4371615558000388,0.4616923560874674,-0.059259786096469924,-0.15078906461756755,-0.6235058015484185,0.07011341060245306,0.1560115071346796,0.22510453006811076,-0.547878449098734,0.6682036974543512,0.6073216751366788,-0.11841131002571412,-0.5819110898054402,-0.5913486583558676,0.8405399633611746,0.19001796235557408,-0.24418885152635292,0.40150617758157653,0.5230110276015633,-0.0967316970709072,-0.41402678257462655,0.06547796901973586,0.5405523875565562,-1.2126492226184749,0.4665003477506791,0.1465413946101815,-0.10282191835787877,-0.5103529094464946,-0.18657037052931427,-0.47702791195862987,-0.37234615859775366,0.35907341045437974,-0.3050809264556394,-0.4214473789162746,0.1404835792426455,0.2062819488267408,-0.37866164444862277,0.4069656610902691,0.0021255796265474067,0.11020545277282101,0.21028678187518698,0.03364989172026294,0.01510114541553109,0.2517155168504986
0.4920157799966768,-2.7924179020349045,-0.5660209294797042,0.9077222511469734,-0.6508807148302731,0.43620276516693973,0.4769037552976586,-1.3344520013538026,-0.5121901676733956,1.0375159482346958,-0.057119537954257914,-0.01043229804826146,-0.49991130640762704,-0.33765123159004956,0.31519095046358664,-0.30592998268260785,-0.010638590876075878,-0.7529595100567008,-0.0654338054086427,0.08170774078201787,0.3661685803623277,-0.5499450125239638,1.0072676956342792,0.007579263762820785,-0.3813913407297713,-0.004455827954049429,0.24653289992084365,0.40501907834007284,0.38315719036594126,0.14320227782669298,0.17267900070243503,-0.16160971808083985,-0.3027997576667193,-0.3483108818895118,0.10890492282794713,0.2545651752310429,-0.2178127032548113,0.6578989299311825,-0.4982472612045615,-0.08500758607224217,0.09969277536520879,0.28164913502041805,-0.3254965786951803,0.0913026247921899,-1.0710497742878085,-0.09065742603762728,0.8621348795530486,0.13161162611606086,0.6442849015287446,0.06306270001172316,-0.20948112432642074,-0.16291120794744693,0.11738184953918053,-0.19841708249739456,-0.33818010505637797,-0.27692867077227107,-0.23023418754551056,0.5403847006297514,-0.28185085008377153,0.5087367990038439,-0.5250409658333627,-0.33716846008661405,1.2518894346270693,0.6668008438022092,-0.3315134985036989,-0.20636251321690513,0.16762125660316737,0.1097074953871102,0.06748571900508628,-0.08865528187622171,0.062403774421479916,0.5983998369911343,0.3892743642933717,-0.47246259380290995,0.4594902553187595,-0.19808481722996227,0.27097066786309776,-0.1048276631606886,-0.644110466360121,-0.0016950105159179952
1.8834188335790785,-1.8195551763627487,0.2979627876016938,3.1420802010580156,2.296736921835035,0.4145380999406562,-0.3123016337956216,0.15200877032564578,-0.39059832785580195,-0.05485034044067178,1.2522635070898036,-0.03457577902806271,0.04637026271139505,0.1634729605141929,-0.09054485066095735,-0.29963428993318436,0.32841506550058186,-0.0870875166051355,0.38247064183971113,0.31884538230809933,-0.3950048692440762,-0.1777079834448684,0.7958661132129906,0.6146867124163105,0.002045306913772395,0.11460313368274351,0.5698794301254291,0.5898184108914348,0.09579762931531174,0.17106768551611348,0.2587150562097283,0.45198742311764545,-0.21420523468914193,0.10520680637833227,0.47693931474745377,-0.8378892367364008,0.046945267132166055,-1.0701424454429347,0.9466452743800784,0.04116789064961801,0.04133993133211264,0.7701744415281554,-0.31967560864428024,0.1338681124741173,0.19840122579784245,-0.09863605909265416,0.733015324067774,0.188983710373899,0.19563098884642083,0.1288087990516511,-0.1381135713683478,-0.8413837486766053,-0.1803108790577225,0.46907888418086824,0.3698615475064865,-0.04501745081829709,-0.13375020286276973,0.12052509881522211,0.013052258591654408,-0.9143901277614859,-0.3058018490068857,-0.5696941826890651,0.9564930966189886,-0.17554247307644777,0.04323849773449128,0.5943098325185243,0.23479660130269975,0.3708814929182599,-0.14547129033152373,-0.24107796292021316,0.0753076977547181,-0.16782303790718484,-0.6787017543772166,0.2659135914677065,-0.18107391451653154,0.3154534186392302,-0.024461294092466647,0.15838689288653135,-0.24816983314838553,0.45474456995633433
-2.159054120754965,1.9896498949559847,-3.6828746387908358,0.4058356646672885,-1.6700891674276932,-0.13773269557486542,0.14661629065723483,0.4621603221252514,-0.3795366489201355,0.31490906737625185,-0.543092606459125,0.600490047939498,0.07416381962792924,0.6552155447454115,0.39371266721506626,-0.13788887533605518,-0.420957043318653,0.04334141499877299,0.6311199626078691,0.4470672355195521,-0.1769262714213474,-0.3029454632638477,0.7983063790061062,0.7791205097458244,-0.930469521793404,-0.8311297147122692,0.05578710825427611,-0.5781877160625116,-0.1927428326919974,-0.26501408272914795,-0.33051786691384294,-0.2676364092923624,0.3148769838928239,-0.32829673135311765,0.1555952988923718,0.36867893014162073,-0.8526411491857753,-0.232554150100455,0.984941984001859,-0.2031107472645169,0.8995709903606994,0.3181726400647568,0.2784701051613047,0.44450884852911887,0.37600952288132294,-0.24381606253754748,-0.5052571683880772,0.6516262683152827,-0.059347888173677976,0.10807399474322792,-0.14330800098503788,0.11417736437454086,0.2100632764937116,-0.16976977330261894,0.19899476557065424,-0.4399218983761248,-0.25508832952316823,0.2976460340687034,0.46200518794077733,0.5697927977356398,0.13563524964506787,0.11644730499659446,-1.2138492663503129,0.32297110710859056,-0.5302633470264093,0.9723018739375996,-0.2631382459115917,0.8222751952278965,-0.5509698243497537,-0.02581464848586515,-0.48657106362014957,0.15324771870942278,-0.993910080813796,0.22965358225222063,-0.4140140902096226,0.2260771497383516,0.01396140052856418,-0.3137328281194146,-0.2267450381142856,-0.6252700939727395
-2.336807299975934,-0.5398118575172668,-2.207012715295379,-1.0989391430018676,1.5952868847555404,0.29203016814963745,0.3694300153370725,-0.3943313357361648,-0.5852012010957532,0.44193551390007213,-0.32489706051289785,-0.1478804005517489,0.7154296246580993,-0.06321567711297112,0.17041833759346053,-0.793517742127518,0.4102462199716591,-0.16977582544036646,0.30847503368438034,-0.1207669777627656,0.005940511642786854,-0.23665777275873853,-0.2556068979710726,-0.4450471763850913,-0.23267122610490157,-0.7350380251591397,0.009563901841204453,-0.4959382172881884,0.3513761303797559,0.406088242979109,-0.4232276149564208,0.36914468200270684,-0.05967652181662201,-0.6472612618273924,-0.2465632252794741,0.06902960931180196,0.058330717065029104,-0.33467949367317856,0.24144961946171803,0.8181578812839249,-0.8774297976017364,-0.43671935006310175,0.21985700803370722,0.9997990282546376,0.038767963997280865,0.274073984801654,0.38431341309248485,0.016849380659545114,-0.2756499510142934,-0.2906050771147862,-0.1385502671241092,0.3668663803282236,-0.32994683155184357,-0.48929193590300946,-0.0373182713860033,-0.3175435380743995,-0.5017847641306272,-0.07446915593897906,0.251509778969701,0.06618326084208609,-0.1701382196056285,0.22711004157944353,-0.25810616848028056,0.06998009307550959,-0.41699486943075953,0.2870462330711694,-0.21777879649825513,0.01869522995874883,0.015706044632301488,0.33964533445691014,0.019409245662793444,0.30822329913292373,-0.22352889133478226,0.30145444537178984,0.1909664231113854,0.3396055581719711,-0.2392561008107166,0.39094501650528385,-0.2192952874264586,-0.7508914185569258
1.8492510479918545,-2.104751573404951,0.4166212756718473,2.8663945886869726,0.04621144812422817,-0.626117417407486,-0.28231976576373613,-0.6069025602712925,0.000992499799492363,-0.6195965133162689,0.16621969313721618,-0.30194898207891785,-0.17337247167675574,0.7456293134774505,0.8769787892903878,0.2965596056803082,0.00403677594605044,-0.8244915702437414,0.31923972947991414,-0.834631970461258,-0.02287094571274116,-0.3044819104625304,0.24113095765104042,-0.1503132231224573,0.4062650567891283,0.29655229804049993,-0.2518408529389116,0.25706388015417814,-0.059661605316940605,-0.6076974623833021,0.3589803065081562,-0.2663092673569713,-0.43020608475036937,-0.2615315291723922,0.30996522418393635,-0.15436789753368294,0.09273334260519887,-0.5855181451020809,-0.11366329314303485,-0.3976902508722516,0.1743292594878181,-0.2167565546111211,0.25262642727007273,-0.5677018066625221,0.798425379433327,0.258559195810662,-0.16288946199649235,-0.3684392918024597,-0.08083556939892565,0.15121376052031357,0.014124289100129701,0.07827679143343756,0.18543015085209616,-0.6864524718645063,-0.4639805663750039,-0.8441920633616815,0.3256493030675268,-0.22781713753943214,-0.7976060815047387,0.1789413872722202,-0.37306903015363124,0.8644405255634062,-0.35283166581255,0.49447395838505864,-0.03720454864751845,0.4923941760474115,-0.5353420396158903,0.47121713274964416,-0.3974662375774823,0.04700950396773509,0.42664399733998337,0.039803553406013055,0.38848491137767127,-0.7761280431306936,0.6384277507760959,0.8835609773553316,-0.10743552223442898,0.2708183177021188,0.20768778576502134,-0.9784362935137867
2.8038934032435945,-0.10236727761317255,-2.4089508248476377,2.2495741543563206,-0.6254859980542364,0.24606674772590853,-0.30558034685897256,-0.037784224556744385,0.5771075196159816,0.4670316288921655,0.06386487383741862,-0.5693923728371098,-0.8088214761814194,-0.100683761034594,-0.2676464142599885,-0.05297637102899843,0.3416753136406763,0.6274028562156564,-0.17467977044019545,-0.20050835936039982,-0.03741478679094302,-0.8023985437077816,0.36116606247611166,-0.3250184494140231,0.10365267178465225,-0.5591776339332486,-0.6817280860057763,-0.018883093313252497,0.6474068717283401,0.5174349067159608,0.04494621961095058,0.09949859814678041,-0.1668894056096879,-0.49346450065326936,-0.1341288685301974,-0.37934531372150887,-0.2136885166454148,-0.4101583601328682,0.7477133957864093,0.34073623811526266,-0.0772734961452272,0.45687573900956124,-0.03438798503100551,-1.0727631316979556,0.2154324354374949,0.050004752189552575,0.6966479352852268,-0.3506386451081969,1.091518631674299,0.04132044613570662,-0.2221704791719904,-0.8310973283494354,-0.11711728380687622,0.25708918835268385,0.39363534284153123,0.2347319005111671,-0.9929066710998334,0.34829290249433276,-0.1301454162755368,-0.06595196089877924,0.1345324213213899,-0.7208794768620024,-0.07553572736963818,-0.09433133889598312,0.08447707749775565,-0.1050594115780242,-0.06948226374889752,0.012506892131899856,0.618519414113023,0.5512855913429455,-0.2849280583637093,-0.12123160648955522,-0.15324622691347878,0.051471935609794635,-0.000607886479596245,-0.058575273294139384,0.9233170727602922,0.14594610612249884,-0.5921714807479904,0.48391062256648115
2.2266813405925543,-2.4080249415568735,-1.2002488561422748,-0.02856867755650122,-1.6504411876200438,-0.10047425165541347,-0.4442558340936377,0.41683461178096437,-0.19102303580829233,-0.14335006629505087,-0.35276167912968953,0.1567855779252077,-0.9775398309218108,0.08748076729671449,0.05424453247944716,-0.15686262319259772,-0.0868016868595247,0.29573171734160997,-0.29791091320930635,-0.0035087322750399874,0.3353506376676181,0.40832741935533967,0.1304117149143388,-0.5976597482934337,-0.1526308733587099,0.7513241319171058,0.27337189826097125,0.12601158502457566,0.2876323500206162,0.0026128512492634187,0.5129897315416816,-0.624624977688558,0.2175929877722871,-0.05461410079402585,0.16482993041606728,0.5087726855903748,0.285339949635018,-0.20161405173150443,0.6462196909815267,-0.01833013177345498,0.12443660814983218,0.2934852715737303,-0.503572694074708,0.07623641645156541,0.44016234920944675,-0.08246558260714763,-0.1682837921278738,-0.13116033593589144,0.43492425251198247,-0.27409411690050417,-0.016929648985061094,-0.19392487883185586,0.30769747722676427,0.6282870629943728,-0.6966805694581902,0.4832000608262432,-1.2495063563914046,-0.8905155482910173,-0.14466278923112832,-0.26184396539282145,-0.4236889232017474,0.653600122046882,-0.14214365936766712,0.20073423925867842,-0.2522441971019401,-0.38282279970059274,0.20949591046603178,0.6780422054948982,1.2460335747095546,0.39822408708861007,0.8392367619149197,0.9881369814098253,0.29209299784916287,1.347852946997598,0.13756844280836583,0.014037137053374319,-0.5376398220957338,0.032316527056244444,0.1426164175827029,0.5833069688500893
2.310112428576247,-0.6181212109649947,-0.4547445440907695,2.3809611921592273,2.7682604868593765,-0.07972733342496953,-0.29956851742726004,0.5460947480874232,0.9687078059327777,-0.23723893022620315,0.16231134509850484,-0.15788198458569502,-0.8496050925711497,-0.7743615552569116,-0.11495881215567616,0.6880609991675468,-0.0658026882864111,0.3146656454705881,0.5481509941160329,-0.21283172213289686,0.25745193132129135,0.7416519214867476,-0.5053538102268359,-0.003394524837086891,0.5871144059138267,0.3045934524341282,0.004637333399433687,-0.5692188702241628,-0.15569874833019304,-0.1291133162307737,-0.30918023778932546,-0.1453001340049895,0.5062585713816614,-0.06399781253000761,0.0656372896351852,-0.17982868800748672,0.20421859292391664,1.190060808062908,0.3157108199015791,-0.0701595089204074,0.15042721928451375,0.13113321163303585,0.23469916054928544,0.646721423244749,0.45470369872448485,0.30485133087188976,0.22959409779154386,0.29443036898415426,-0.674328744559792,0.08632185364504946,-0.36097839334534954,0.3810101766597528,-0.03207136693587423,0.31235820790738855,-0.48994672231176045,0.021497863809238817,0.130204842269748,-0.2596095190479705,-0.633040658136575,0.11145419599415728,-0.08987935100095801,0.02313053337144942,0.3237263386625352,0.3580702888870291,0.3010005730632116,0.6430562950979282,0.2811988301529599,-0.7219994537765604,-0.11837940176915886,-0.04036401181474603,-0.015357677756563246,0.07191971960959935,-0.07258340248795425,-0.09551211579026637,-0.14964775434665492,-0.18519155265149206,-0.4584421557729492,0.5282538119871434,0.0504116901575342,0.004563897518303235
-2.4777602015890623,-3.020129875809651,2.6910239126024655,-3.354534164728557,0.9545776520954125,-0.1297155467329599,1.1178019159503916,-0.027035418341860597,-0.7642653344254059,0.29353820390527263,-0.8563183123773207,0.518821815117984,-0.08652302493718801,0.2635869491189097,0.3845865889935596,0.02211978684258445,-0.24781538329458205,0.3490029395474494,-0.7445074586447223,-0.49509411433772316,-0.37226051787593867,0.3860098556163284,0.10302374568609152,0.911725460718635,0.518008033462724,-0.3533193499907761,0.3539596206809584,0.26299719381330405,-0.032533219462916735,-0.3131952807785989,0.2853653484581133,0.18471677617034665,-0.17485500892546318,-0.571969043289505,-0.40409267369047297,0.6626288703812481,0.035993056152630674,0.05998625067830669,0.9185562885949708,0.8409406561993736,0.3963529926714085,-0.14279913828062446,0.27394908383285876,0.6135846171571998,0.21420488323399237,0.4278021462333088,0.29429385129370483,0.40816804645186283,-0.8081359460022428,0.037637090053008596,-0.021650279553142877,0.15249667332687186,0.9105443949340108,-0.9414666689553481,-0.8370385158033776,-0.17853830967533652,0.23129930267959067,-0.18893874093196514,0.22225693478733108,-0.48025786478512367,0.7521914934900223,0.9248839240597179,-0.6901859257107295,-0.3309096824381833,-0.2696936464212829,0.3086891596709393,-0.22719571331127722,-0.5544023181746022,-0.2769796926840993,0.35024600989119703,0.5249527250234547,-0.21792853571234902,-0.21295040376347263,-0.7510355226534718,-0.39231887955292805,-0.4778030517184571,0.40878925449645803,0.5823044726296985,0.18046091626703756,0.26177613893019946
-2.427512807842319,-0.971839898532447,-0.6038925761063925,1.5122110243499702,-0.5279153831853863,-0.5841611206107933,-0.15695462472861077,0.092364823166468,-1.2076194561053029,-0.3224519390406746,-0.3460417407522607,-0.3646653389535497,0.5753675840660765,-0.23211989048517473,0.31292054931526253,0.7252875186852045,0.13717163689105502,-0.10192549452505151,-0.6055836319038153,0.11602196180272999,0.6987260116008234,-0.3653336756737964,-0.11108948018930237,0.2990364771682074,-0.2674442597450582,-0.06761961559702453,0.9718557703809039,0.278565018759723,-0.035793250388023175,-1.0126276554140698,-0.23144743557842787,-0.9438275886180892,-0.5567234588306179,0.10862721027569026,-0.3073987751691546,-0.576838194832385,0.4240385282624051,-0.13128360475675824,-0.12033867313043393,0.10482967393722789,0.44198294671711896,-0.23370230983234386,-0.45235129040688515,0.248273679200594,0.4583489351799524,-0.20328160150168556,-0.5964266324010022,-0.5768541726715279,-0.2768018147430124,0.08652613910783953,0.2600745385024696,-0.08690905550945453,-0.17435765884138088,-0.36948806859583194,0.017246816867261826,-0.08054995146833355,0.31251495805431123,0.20914492128095827,0.45349587840919936,-0.5191224785437878,-0.003933982165172278,0.4845248165076188,1.1550980399728366,0.5895817602108716,-0.022618891983592987,0.14124366202829033,-0.17187677525031206,-1.8689260667521883,-0.5122635315710589,0.7540509818031201,0.002039986420848053,-0.14139357886452877,0.31975416663671874,-0.21673447579284538,-0.22998472718034993,-0.22542222806423287,0.27943062382772665,1.2207192635057555,0.3642843228514358,-0.08024144066215959
2.464646007383316,-2.362298597273649,-2.5787613999586494,-2.0531950760733717,2.439473792357832,-0.6462094872886406,0.1328515578771659,0.26062199064970704,0.13272140133668467,-0.033124240331896135,0.1535697120724861,0.6356004090524824,0.29411213258899016,-0.040714739375171186,-0.3692415870711064,-0.9938161234697764,0.2263845282606542,-0.023562826733494076,0.5257489662995567,0.17259165797103493,0.2598599500003527,0.457547270763585,0.24769138461657608,-0.6974598218336827,0.0505115371876552,-0.25406732031195256,0.13462015554192402,0.6903282833642489,-0.43322469931343044,0.6971257968975756,-0.5283557277310649,-0.032799189118070435,0.5473687058705667,0.5557997714216288,0.6157328829212904,-0.01539986154249507,-0.4557052097395116,-0.3645610569670515,0.08064525665988877,-0.15999008442047757,-0.6128015789136947,-0.11632143248107737,0.14275104391813576,0.18860238505800625,0.31100073472850576,0.009627639790775834,-0.3084812042548163,1.1991508629212495,0.8533409537625547,-0.22583053281458934,0.2705045731366912,0.53465014560439,0.2886737904143626,0.16865418434671645,-0.14561861893194317,-0.011110207562422448,-0.18034287365016977,-0.3126958690662584,0.30671857097327243,-0.009055306712614656,-0.5319278279246835,0.11919357199712484,0.07449722779677027,0.035540190021268854,0.5010567378951536,0.20555965365662907,0.09256631482986821,0.41154666455954336,-0.32947473011654815,0.025330707814808125,0.4213663434146153,0.02807506414763558,-0.34865439839484313,-0.2207457785071921,-0.03698510712588914,-0.49472305012792345,0.5428692184941742,0.14077233223003463,-0.21858617994308233,0.17140521732164452
1.9395944161713936,1.4234483178847233,2.3683881980598467,-2.270260092875909,-0.6288043053233652,0.5732890748097644,0.6602015747713156,1.0707538023238652,-0.5646432764272273,0.24721811177533837,-0.0735164705617377,-0.5152905783691409,-0.14186936734560734,-0.5575429119829544,0.5077005038295471,-0.05993057065572909,-0.10321398034204081,-0.21348001609030953,-0.022986110687309592,1.003578727008045,-0.0954704734647918,-0.2988676657262145,-0.5242469822445733,0.5228160132271357,0.3134424356845162,-0.4380102235150625,0.08221064523639897,-0.2668792703292887,-0.4803248471510969,-0.07356538441341952,-0.22319368556775418,-0.6370661393538247,-0.13794064694087893,-0.4967296990491916,0.4372869924315623,-0.8158788847484408,0.5164696474227062,-0.3404236149509205,-0.4951336398187751,-0.25195950724057437,0.36614365958734846,0.30084043332700994,-0.6039634827969655,-0.3636869313446531,0.48731887982135613,-0.248736107574177,0.3810268726154433,-0.5359770204675743,-0.19367956854491378,0.5899452126120219,0.22023652369287422,0.3073035381730298,-0.34426077190550597,-0.3577537865181209,-0.8502859003967804,0.04622706512930956,0.029601615366886973,-0.24413119804559807,-0.7199522943027876,0.3464508500357818,0.33715185343743126,-0.4418266444836326,0.30925252345789883,-0.0022332057429819466,0.3578558871787878,-0.40140901427082326,-0.35262270885229247,0.5771838476489842,0.45042744958886494,0.4326583044198743,-1.0321434106124623,0.08712335969343815,0.5324588848993765,0.06388506460038122,-0.24615899953109324,-0.141490010778059,0.2830779728799284,-0.19887763559891805,0.8951530423604797,1.0243828360363876
-2.834148887259334,-0.7835654994497375,-0.9233918092998832,-0.6911118665194431,-2.272885662863566,0.4669777891964653,0.7198121300312229,0.49810293861641836,-0.1920917082629207,-0.5026445736623144,0.6781134773235996,-0.13426817506037397,0.17443163093373046,-0.4954128015058547,0.8888090471220345,0.23474550401291877,-0.012992906602111973,-0.7351720029952816,0.3279297256432078,-0.22666879414026975,-0.34079953970303223,0.17432782360706764,-0.6189617176617919,-0.2917802148840634,-0.4189925789674458,0.15560121191920348,-0.09181341367024597,0.36418899733811244,-0.1640144625716444,0.18083268221824345,-0.7010717030527014,0.19667659988563002,0.3304311539297088,-0.05545554799665219,0.27244151708945086,0.3859537421122074,0.722276634384689,0.5686041710094495,-0.8704188870420743,-0.3209703988472224,0.22204658473638367,0.12836201232419783,-0.05656513222218744,-0.5812461428079376,0.035768499873253,0.2540936547885875,0.17581344736244686,0.20145507396801415,-0.3167566081421566,0.4193371295446383,-0.858908031050208,-0.43194982688106,0.0996855347392603,-0.29782642707934154,0.12852018290722667,-0.2808565901524269,0.004632090384280508,0.5014323503762658,0.1787040937393831,-0.649358616935192,-0.36866480943501595,-0.03155484347343284,-0.23490870572698683,-0.6083386557988233,0.36810484174222013,-0.17738904616760584,0.2675142884694161,-0.03150131627584835,-0.8618917486547809,0.44273078723004683,0.6557690804463719,-0.5985500550913203,-0.358489156524535,0.21315960298681144,-0.5706885642096635,-0.05679320593855427,0.23041464216587385,0.2222556418718389,-0.09929623645602133,-0.05584092877587306
-3.2220754968096674,0.690285747738262,-0.9764632564433107,1.5693754442562764,-3.0175712242387904,-0.49089163559852705,0.20151079016338955,0.12581838573008594,1.1026929317814387,0.31231541322218276,0.9771372667681008,0.012134532333548984,0.4366460846830373,-0.00476620543527706,-0.21644760884211708,0.38793800139953893,0.21788038531669682,0.1378187248210427,0.03900281645708984,0.5014351567184466,-0.3667950326999396,-0.2698611427911986,0.0030132395526319255,0.650232886797389,-0.2580398399481197,-0.6082844628013154,-0.1350881599993449,0.05059098649943748,0.19430814167259838,0.23016602123015084,-0.32135072088490135,-0.3998737732235212,0.18780572727898862,0.2573873448865913,-0.6048347479160477,0.02603455225204727,0.610986322817809,0.18451768864976809,-0.21169223262523426,-0.09674194184339745,0.4948076618174277,0.6856128723588384,-0.15533779402739567,-0.47726585870643967,-0.07227426240062887,-0.1888473605686379,0.3372064917653494,0.10338686026266615,-0.2044172472424367,0.4261153985539748,0.08812538060009625,0.3050756964193469,-0.6475185100250234,0.49357717824310415,0.10346527958509609,-0.13799941725890968,0.5785681844559345,0.4519924950411914,0.1734884656471016,0.3233695311514096,0.21905580159486154,-0.5811207223902812,0.07299929805870194,-0.688839493355184,-0.13404807085315176,-0.5440640945390213,-0.8038888647875295,-0.45992965721107015,0.09468875122520157,0.1321143300493406,0.2192591305198167,0.399479019810126,-0.7243367164204695,-0.5896164763027387,-0.36638010328949205,0.08142121285385394,-0.3089159371046599,0.886088775798059,0.18525043450659046,0.009433045229376985
0.7826872191954956,1.1920582949788867,-1.253695577345978,-0.9267325206369803,2.3575212543959205,0.3275658136725019,-0.2629780576533331,0.13165727213957762,0.5409821541490758,-0.021290556301188427,-0.5635043303469357,0.3202805254964247,-0.3841843648173156,-0.43505140189781727,0.13945429188923333,0.8678238221150912,0.21381247919647206,0.3888096579892744,0.12198138931575071,0.28213452653998156,-0.2408478515115909,0.13347021213421165,-0.5876694193780806,-0.31504277599641123,0.5154604542657895,0.009058735290733677,0.23679851795045684,0.03622064744024257,0.04473533616597603,-0.4859119397441768,0.3990791932222195,0.7749443380305605,-0.07043723753479475,-0.353173440252287,0.8641068034132922,-0.706886571951672,0.14111457429911928,0.1970553888146876,-0.2347040426264476,-0.5701122622947349,1.0518616326406847,-0.32406894498813166,-0.04071197072934595,-0.5216656197660876,0.4890808212211696,-0.3108057214263145,0.07317863034433474,0.37287582985643,-0.702873928875862,0.28371761129637024,0.218178904936123,0.38244486097214575,0.6305229387510225,0.15537830054025878,-0.38387724735012063,0.7374427790676011,-0.05151310286286401,0.24024196714618892,-0.25992428520916144,0.22437237380447195,-0.28062923890732167,0.079638168932951,0.7265237938945109,0.6339456422799559,-0.8454884031823442,0.19624568737963502,-0.38756896405935753,-0.49181244498387655,0.20483719985705232,-0.4083696361481191,-0.8869854674181415,-0.5422239564525447,-0.49374420157013793,0.16009866846075813,-0.2689623645746412,0.08249928153950838,-0.4893667105332195,0.03809951739596293,0.24175598402002835,-0.49717249709592215
-1.884053800557824,0.9308205600849755,2.315562267641288,-1.5145186507551402,-1.3707847159620434,0.05363605367804148,0.14968627022661343,-0.2762342060687983,-0.3471552770426446,-0.12435507845854984,0.11446055401478904,0.2681987085712441,-0.5178571440363056,-0.2506243061538606,-0.5972519483412009,0.1493775042392629,-0.05085594363650581,0.10646735795710416,-0.06482844287401357,0.14285064711105758,-0.7050381267778298,0.1320929597298256,0.09960957515804061,0.5288896348230331,0.4463308080010928,0.18630803500962456,-0.025195298670693755,-0.6577564642953451,-1.3123654997649434,-0.363737534934564,-0.5559940633552763,-0.23531201407411326,0.17985630463954277,0.31231949119154406,0.6621258067839649,-1.2106894442310814,0.6918093640457479,0.2763369443524035,-0.15625254305774905,-0.1714649866854311,-0.9100009976182162,-0.20073781928225304,-0.3327952659662408,0.0003708124647325876,0.14906440704184634,0.10568804171786762,-0.5761660593598538,-0.2403893303838918,0.15289620809786597,0.06426615127594766,-0.34037717250270144,0.08360382129394947,0.27605201754059205,0.43517572669305377,-0.3362756694221254,0.2003825451605439,0.053991373040274244,-1.3897325451296725,0.4864671119795813,0.6139068679132075,0.07233093792712096,0.4504274411271226,-0.24532758099854896,-0.23354306093932686,0.28282802529339185,0.519703945849785,-0.12343922101365323,-0.546801427851771,0.4668446075591762,-0.49076835149264475,-0.6645702219053701,0.13817677471131737,0.07509853507955913,-0.19231675347602653,-0.39939328864554646,-0.40544038997817444,0.5466727966117979,0.31893579157192326,0.9341910396592066,-0.59762637336621
2.8488948595229573,2.1786452431777876,0.5983296616524594,-2.687976606281184,1.343105123835736,-0.44209728324481895,0.1353873461426353,-0.2166761377749497,-0.05952646908535198,0.18646261529886504,-0.48951416230772554,-0.04535934675317067,0.9411858105115347,0.177009300512337,-0.26053389545068945,0.1084639802252731,-0.034616792997878267,-0.06794472423831911,-0.3970410627698277,-0.6465903554780583,0.8926834634935344,0.14217438342338665,0.41172426341468155,-0.7921022159213983,-0.32665103381574806,0.08516788899376462,0.3545195107096312,0.3728617886279821,0.32809449295809445,0.49708789644497375,-0.010014553388002634,-0.5627847848320221,-0.47231931515435505,0.6022961249570121,0.13749227785595244,0.3401160675803365,-0.33414816209284454,0.11646967377714712,-0.24034720167813278,-0.07786832341577522,0.43794615415937377,0.4533961081365183,-0.07676396390664003,0.8953298352771466,-0.34983172079668884,-0.44681698798554875,-0.5724012108666153,0.07008642665490031,0.3813882037860229,0.6718536156625536,-0.31192325870627075,-0.33491044472190007,-0.5402283036722729,0.3853590499173618,0.1342124363355362,0.4695047171879049,0.18494056998491237,0.6566314239231966,-0.24114721006789533,0.7213014266676037,-0.2887132209779484,0.0010313127088096934,-0.3181241783396947,0.7779491415095331,-0.028023693511998363,0.3994682936858569,0.010445159918755165,0.37703872674838296,-0.43490993429926433,-0.19856975125652213,-0.4386383218531963,-0.5216798808149546,-0.08858086241692763,0.0030050992982766254,-0.36851380600276923,-0.17062999100840187,0.14507376918874992,-0.13426725409885448,-0.2940335166690352,0.19226251243714285
-2.3738050981296666,-2.223605629498656,2.5969501467746747,3.0230348088484944,1.1258474479996283,-0.47523041485835704,0.42210689754883274,0.24890757055578205,-0.4645687884002454,-0.5374211849803252,-0.20133648763599885,0.5566637929285306,-0.9504532939250306,0.05784684448989721,-0.3737921228632002,-0.45929725577683983,0.23045264639808227,0.1770341196698897,0.05253540956028986,0.37214822722414437,-0.12473092579696943,0.249988894161598,-0.2618846051968492,-0.2391206542243297,-0.09631639464249482,0.9125687511742616,0.03667631261453754,0.7271667671791329,0.5000259590043123,0.2800548909348475,0.5933012664950077,0.04108995685443328,0.012580390054423681,-1.0661264903326957,-0.0015288035744864602,0.03279008712614737,-0.5086834050835668,-0.2094776354390697,-0.27037701390458657,0.06790403828235257,-0.1738034091809987,0.2795314638731177,-0.17545158471140013,0.2963118308545167,-0.6104127399205256,0.20584206649376086,-0.33048341950074633,0.5581088046334498,-0.15446509649888265,-0.07570061227734952,-0.149667313130448,-0.328017013514678,0.41884031503167163,-0.018462620801286557,0.6862193559410528,-1.1911043141050213,-0.2402410078800534,-0.34155774781377124,0.1741919785255764,1.1162604455230996,-0.3701649431607414,-0.6084370751852908,-0.60405159620932,-0.10656024096600211,-0.3081734185928852,0.31138732879280634,-0.7339322889897825,0.4657250073845627,-0.576527007372144,0.21850048442324274,0.6183632278019009,-0.37726265358348554,0.31136320985227656,0.23875083972917494,-0.13456577830312522,0.025604964453729045,0.40830371771286966,0.013320223791223973,-0.41627442444709206,0.7250228557065629
1.4546749267880212,2.401652659950096,2.512505513850138,0.3450493043144554,3.0621507908833934,-0.9134179507790247,0.037367262328665676,-0.32356715385186274,-0.21283342525277643,0.2021163760101554,0.3918215704784518,-0.19320576006163545,0.2739510459902451,-0.16357368729441346,-0.5525552152351794,-0.47010798292907846,0.3732614322997645,-0.34912674337127053,-0.5175613360778377,-0.4501010006774812,-0.20127101018912202,-0.39782644307081255,-0.10287365572149719,0.04879155263106267,0.3643292570715201,0.2598224254655726,0.7555913992772734,0.06616666502482825,-0.11334012861334936,-0.3256843169133582,0.11932362064286156,0.40414882079322356,-0.3612943515425578,0.13438044163447935,-0.974821904530728,0.6642176632156948,0.20315025676478915,-0.2036335601324599,-0.8426866961586414,-0.46685705749410433,0.2665844939375029,0.20844890093927868,-0.015977751986642634,-0.5185513953298231,0.15374662551131948,-0.07225615778340352,-0.11211274164535608,0.7902174501056898,-0.3329279231799483,-0.13677028176993272,-0.2316259166345163,-0.547173387096172,0.4086815797618404,-1.037070346109574,-0.6781327341826703,0.24198832085414937,-0.205606833140188,-0.42743967254506515,0.40331762919019876,-0.5659834286411458,1.0155390502042536,0.6590461442237735,0.7850896770516789,0.36814362476033136,0.019087791442673797,0.963311911547083,-0.8809607187475726,-0.8764704240736266,0.06232554143949222,0.00995393160454443,0.6553046867845034,0.21614220829580905,-0.12803988771531427,-0.2518299209725304,-0.07064980664981124,-0.4494135285518541,-0.38622321241381274,0.18348838695739475,-0.3374623263634337,-0.004300009677460075
-2.8820756340743356,-0.17646539980861703,0.6981366774717299,3.471425167721091,1.3275829663812218,-0.9136572931101111,0.5241924628626016,-0.1404999385357685,0.6888905384938356,-0.026886269974847322,-0.8275577765733115,0.1377230173390435,-0.37253297633373794,-0.054213411925445175,-0.1323277506355964,-0.1538299940019275,0.48160709734926604,0.18681697998165098,0.5317801030456482,-0.008636062897420482,0.11136288249428276,-0.07470793099422128,-0.3411105130054204,0.16227245718075584,-0.21546138261318387,-0.6751470424192642,-0.6149204582510495,0.11968089063820375,0.41316262395312026,-0.18561418154252385,0.6822135680002211,-0.4087602685660461,-0.38102711659935123,-0.3860435795185446,-0.7803350449311628,0.34299371130367484,-0.5445655106180871,0.22220412875851778,-0.431489548194413,0.1749231398104201,0.30411233835096024,0.056656791638872925,0.8043939895768341,-0.5450854322113953,0.7185467560454691,-1.0186016378549614,-0.828585880389034,-0.7674544145187092,0.25637989576884906,-0.16901675252031875,0.3542375121951732,0.774388073137191,-0.6265315468137764,-0.0029502690490479182,-1.0170461020373422,-0.5197049844022972,-0.018880812510726448,0.31902100566391334,0.3255641855091995,-0.35710994765311227,0.2514173448223719,-0.22663493433153348,0.04973060940296468,0.5926386036148237,-0.3729265821289269,-0.03325594286492108,-0.030538378985922543,0.19529290567825475,0.08968341739624759,-1.0332777227829746,0.15469651886769673,0.33589720785123034,-0.6651697895826194,0.3782492276975865,-0.5023234859863771,0.5840284527984259,0.24161387509211069,-0.10897478335193479,-0.5230740851011046,-0.5670487860012534
1.1977005080515601,2.6007506288175897,2.815765079610903,-1.9435399263955495,2.044657470793512,-0.2470042143223939,-0.3230562512833763,0.41483390499266115,-0.32185147718078394,0.28052151613610743,-0.25477778955659125,0.7816279981848036,-0.2887180628341621,0.18800979399496281,1.0962119543551831,0.1915287925216301,-0.28495696809504933,0.2548194199611543,-0.53792899747788,0.7444905787424616,0.36680744070457055,-0.30454349364029365,0.24102761023063712,-0.5328166938318589,-0.4732263416186439,-1.4508605906608143,0.19366430351398753,-0.07961839360294587,0.46769822086581103,0.5116251151008451,0.36735004719233416,-0.3117917713036235,-0.4482124401284916,-0.17298909138168497,-0.0708404681943298,-0.8681399811902274,-0.3585417238865882,0.03605765994852344,-0.8595434523202389,0.014356645539039953,-0.09904115562542716,0.2651323928528427,-0.2549969136334571,0.3838304711443598,-0.3651713823034771,-0.6772620927526106,-0.11327891029153016,0.2716514791508279,-0.15957287174809848,0.788156958633473,0.0959887343423919,-0.044688181246584927,0.29028056083591564,-0.20372685624573772,-0.3125597924086833,0.019145540283098055,-0.7382938002879031,-0.28951076574561396,0.009551501178363276,-0.2636862736614087,-0.22252417207466563,0.0920576929595696,-0.6080904641204423,0.5367994154264564,-0.012642356946192762,0.4644866597276316,-0.33660920708965925,-0.12785659073344954,0.0012359341339174448,-0.2622177143037416,0.37748856850877294,0.14758038617364908,-0.3922189140584687,0.4643609633947471,1.1276529491950262,0.4869364172565312,-0.26146882734807225,0.10818888306745164,0.18716650579788074,0.5830622414547728
0.384558368545884,-2.4392482717486135,0.08994064849822923,2.729516205686992,-3.080861352118768,0.38391804152260495,-0.06362366176851372,0.2841885144453756,0.2301097048362495,-0.4048095424388219,-0.11037154582417641,1.2200833227770023,-0.14103631766572314,-0.16511456943598687,-0.49968322054209163,-0.019705557731796233,-0.3802833630505236,-0.24328832788828572,0.5015378174501328,-0.32041164625995533,-0.7747597359591142,0.0792304672292997,0.2027527384969084,-0.14343900731995285,0.31293019197575617,-0.018144372711947642,-0.42601215706222245,-0.39364449872905644,0.027786299875418956,0.2642877092823104,-0.9750949487712043,-0.9675857844091935,0.41023765155232955,-0.21552218404120585,-0.4094348588894675,-0.5918071658761335,0.10265848883740253,0.052273044791760426,0.281768971467415,0.111539611382715,0.5385503797019116,0.835859266503746,-0.35149755836505925,-0.4161610629602268,0.23115656624576292,1.139306788757325,-0.759966371853419,-0.5100676799454017,0.4930663595817274,-0.7162544018532592,-0.2782351038642214,0.27322573481151335,-0.008863062113423675,0.15740461024301905,-0.26961457593768445,0.4916843438459598,-1.034247487701803,0.8057930957639082,-0.26301108179877214,0.5256674310068383,-0.08537718712747282,0.15682546990220164,0.4426790207009839,-0.9199307633295952,0.4488000770386664,-0.39830801078505207,0.9115651246390614,0.5203667735223562,-0.4310558644040015,0.17535207505882155,-0.4870419096879789,0.2219442905659848,0.09196963112635867,0.6836856287675807,0.15091974913471387,0.5928612161155148,0.3669156081376593,-0.05902580978210071,-0.5249124646546427,0.6980202353369864
0.2819429852361309,1.1448066273758473,3.37025247429393,-0.918694134441192,-0.5204525224302843,0.704110271541032,-0.4633024952532992,0.19034990243710678,0.7408314662590244,-0.4558002313461543,-0.19242407109327875,-0.04852490861972931,-0.451944491552967,-0.469349777265519,0.45845769955471544,0.24346077247774572,0.21347571039146002,0.23333411727881828,-0.2998428200550132,-0.955941884017598,0.35438683125886905,-0.04515984299876283,0.45876626071204357,0.3286596190468315,-0.8564868376429606,-0.49098066008310703,-0.22993132586447476,0.2301173069637935,0.030709036852591503,-0.5406380569728959,0.1616707077643824,0.47712090520722217,0.31609100228017634,0.06690076635202172,0.0698136433472259,0.19237624883911197,0.298173428800418,-0.544415582223655,-0.20104777477413324,-0.6263486208010344,0.5331017072728959,0.6101255076943997,-0.3171339955028138,-0.6495225012154598,0.10892726361928769,0.09099598451126065,-0.02080307583950252,0.4077496071224575,0.461641321387447,-0.3049958248231627,-0.7007630974764409,-0.2771991249503178,0.010135815612769815,-0.8297152111608118,-0.29675779559508203,-0.4622333406002052,-0.28743320129745614,-0.038719049449259677,0.184651102320911,0.6790899590457001,0.5004904430734887,0.6408666094537249,0.2969139568775114,0.17620117317470207,0.283162841953281,0.12360651118234338,0.5198165298655157,-0.47165601144624714,-0.5125070755053514,-0.22380594632505954,0.6431052370669187,0.9405940309497747,-1.0288401660511086,0.02355825305234943,0.3645324144718625,-0.3356901745456259,0.5792555789634966,0.15537497968331146,0.4532189474241649,-0.18103721854036206
-1.8716617171052807,0.5217592009739292,-0.592270225618059,-1.3092917283216265,2.8329304861931592,-0.3439987993095393,0.36493383717662037,-0.02435375811727085,-0.7571649525030331,-0.24162322962174085,0.27995031049055646,0.08160265236471043,-0.43340309143507305,0.18740337073289287,-0.06811801041118581,-0.4303889790558433,-0.6849831094179192,0.8803339518004231,0.8093359498960724,0.08413078571163697,-0.26410749093192515,-0.4912150566638664,0.18845829419460403,0.3207219778298718,0.09291902896975981,-0.2648845753175233,-0.30668383465127097,-0.17205207122458846,-0.4466800254911061,-0.1141439879032529,0.7955833934051544,0.16304070779395904,0.4835880749824463,0.32300348523483197,0.36754694961015283,-0.18740288078023032,0.31209299622943154,0.09595325244185994,0.001953867400718109,0.05083841549458661,-0.04463602293830379,-0.3347582584592626,0.2359129422982111,-0.03504938176433931,-0.6963833597085431,0.053797256637371046,0.12330289711640728,0.07643842553464059,0.6203473863746807,0.47823879080095066,0.08041910824870419,0.00045370103358573563,0.14925319391689224,-0.04446606337825505,-0.20879836443860258,0.06864598343739002,0.46753223815429956,-0.532967663459646,-0.6971270590447691,0.9380492381525488,-0.4343448103261284,0.2908584755228055,0.4147152119547104,0.0025624975119047317,0.2168814682871978,0.5426267250381256,-0.04733263860996061,0.31718165061627096,0.19608981462857097,-0.6860382050157657,-0.8258469746595336,0.4272504327801553,0.19613167137556325,0.5920251101519679,0.1557870165325122,-0.08600102984567064,-0.02799325552093991,0.28247475387070003,0.5162425481840743,-0.9665780949347411
1.158705586088928,2.3942818389008313,-0.10770046518515519,0.8749657304632485,-1.0619155304508519,0.2500267961181648,-0.487873543079577,-0.8786805152395478,0.41634582578958484,-0.0895063730145986,-0.27145137938770425,-0.26043387825133907,1.360098917187736,0.19226933557181985,-0.6207513687329217,0.6221444342758129,0.36385212598523164,-0.8937009483030134,0.7676841075353456,0.012879837947409834,-0.1582305578183062,0.5844664706377298,-0.35086655029544306,-0.6797763594117647,0.3463323295379218,0.00022619768433887984,0.3343642031344535,-0.273408397576327,0.3928853217154308,0.7966957436813961,-0.2800387227383004,-0.21547247072280198,0.2902809996808696,-0.13254156134393333,-1.1551272485227075,-0.53878072594173,-0.39363718760974814,-0.3271654657640202,-0.1627427412859707,-0.014191893536012523,-0.547978898168186,-0.28557358402089256,-0.07778672777918103,0.6486827880941456,0.04879614205940699,-0.28023285499273504,-0.19789954784343708,0.17703435925543123,-0.03333049464574642,-0.06473770818456355,-0.13899443172241122,0.12657965562827697,0.15523686807505616,0.20862783825232326,1.1481245821061699,-0.24435229403285597,0.3710027071704879,-0.18759897488575628,0.1303732948961633,0.5788444215486406,0.3248929630501759,0.16262922128213414,-0.08744180859719304,-0.5534159314854512,-0.5168979905858438,0.26957281272729006,-0.14784548909900017,0.8745784332566329,0.06653596727027102,-0.8878966108495917,-0.2155829728729753,0.6156393640245247,0.3996551608413629,-0.7402705407526784,0.10452140172722674,0.49901093128704327,0.5163451363660689,0.0174383132524106,-0.5531655389887413,0.5504509337592042
1.725961753189546,0.9792088316399332,0.5122540041013863,-2.211943057746419,1.821134642548686,0.06775772166169916,0.3070423222317439,-0.5201631697395102,0.34642576774131134,0.1046981407507364,-0.33871343303031737,-0.4166224161799189,0.905762337966976,0.6009998585260743,-0.03492749250528715,-0.03180006203563999,-0.32981376055827016,0.4485737389857397,0.41686809136924974,0.5822326935401021,0.09240038356740651,0.06577206743240421,0.1365518820821053,-0.5667822631709752,-0.5188251681684413,0.4292656112922944,-0.1941721254423759,0.20496265636721608,-0.5836371697755041,0.7913388093374736,-0.24771506752765024,-0.7983157272866215,0.025158258633294305,0.17998626386904953,-0.9559629935396858,-0.3049599952009694,0.061004998494763714,1.0338589420088056,0.13488970154558924,0.02122442444699135,0.3210941785420961,-0.3542566423725967,0.26047280367687553,-0.76460105459672,-0.1545023718167219,0.03016017382715579,-0.07501318822430504,0.33690650897494623,-0.5928856493732709,0.3526184515332455,-0.6744479222777325,0.5254047974199407,-0.36135056843152774,-0.3091767879205101,0.13193312424957745,-0.6795596007962756,-0.4072625736520331,0.4013126031745067,-0.030902682995060375,0.194402003021914,0.17600513461889283,0.6245325840693611,1.040756785156727,0.043646543177786365,0.3638784395847585,-0.001454257640508682,-0.655628328030675,-0.0017135024367151684,-0.6054399700723334,0.1611940077080371,-0.6735295978647285,0.32691066773644134,-0.6564163422153962,-1.038857663807391,-0.6803005287039011,-0.3008801505023267,0.16715577831751477,0.17091234080219214,0.613056108760959,0.11066532847874098
-2.8519406809991272,-1.9941793459313157,3.2668765123837775,3.0002797282035663,-2.091785151570078,-0.47782103233395934,-0.22331432277579044,0.42046496288704954,0.26351981997387597,-0.9186016038133784,0.6571945906973706,0.26180849705817444,-0.24722175726727547,-0.23288356590675546,0.2084907082881328,0.6524424607418998,0.021551606739797103,0.19091711168286554,-0.6902370573590297,0.5428774538170349,0.3334615614021752,-0.10129423108589383,-0.8076197895976224,-1.0605581917810118,0.680830664048199,0.4812390901508861,-0.5672891294321957,0.27069609028491726,-0.3724753286871911,0.0811383597156654,0.60549134686096,-0.044971369892750405,0.5868416859586975,-0.3437971190111555,-0.5981204223995521,0.1000809302139217,0.11840802252622568,-0.024658112852559637,0.28800310458656475,0.3229406454790635,0.12978517002075485,-0.7376851611808435,-0.007481694704534278,0.9236114329655257,-0.16105380968593286,-0.02349122216215926,-0.5347544082231921,0.2642685559186394,-0.7872868064463882,-0.29085896748576673,0.30620179096234285,-0.27824193272896086,-0.46854248973693563,-0.17054559379542691,0.08452624575207844,0.047268513324350885,0.19623717965652077,0.10375310793545417,-0.7203550191736178,-0.005393920911855069,-0.8762221487111992,0.13899145844304894,-0.3053721016948397,0.07216208057359395,-1.1687047211082167,0.6133300380297542,0.16391104864001965,-0.020175120480150074,-0.17585922052755473,0.3444880906670885,0.3563509373910367,0.45074569011655363,0.40216596932876736,-0.14313326127800355,-0.4796190422892249,-0.4450787440133338,-0.1841208542170466,-0.5396697232968658,-0.4024450867486213,-0.47496938224672447
-2.57735793158011,1.1594320636619906,-1.9673946317457998,-3.005800645314813,2.2031481988503216,0.07628732208025135,-0.3654177336199525,0.024105585805155264,-0.3437726429854921,0.3255456839418169,-0.011636233276468132,0.6877200859008822,0.01962096954426113,-0.48568439369093747,-0.2986702842594026,-0.15729695242976882,0.5641983306981461,-1.177663150170145,0.8037314089069271,-0.680048984000556,-0.5195057996456646,0.40507523254973304,0.22447977072579256,-0.401306832929776,0.3243319825717079,0.07877635810406766,-0.25504419460756583,0.062092677123901825,-0.3657809194779986,0.5497711614703618,-0.2920953181609305,-0.4573471443184006,1.2923126103419955,0.10983071106553641,-0.07446317675216194,0.4349762207793255,-0.9607726949464904,-0.10152731625147587,-0.34509101270613735,-0.23796593066058347,0.03560936655083887,0.8497080018926401,1.2359544767947181,-0.49683857904523376,0.5304813801421057,-0.11605700561562199,0.9057996641654343,0.21967547352040181,0.5383978218709521,0.6751134747989379,-0.12575143177245332,0.5840320131665387,0.16040432024365198,0.015786355125337395,0.4933338322720721,1.1008149699756178,-0.16272447014646851,-0.5398745269000156,-0.770674110128388,-0.03846287108406303,0.23949184605728732,-0.9133589415405403,-0.09079802768910301,-0.04616997846354241,0.20835461136777658,-0.2140824219142882,0.23446047232704512,-0.1385691220236541,0.37240719415182016,0.017355876992146798,0.3336281844636006,0.2450162736473243,-0.2849894816187029,0.15003533138891578,0.31412863963769677,-0.010845039450920827,0.4183504543886417,0.4676193252482521,-0.43401759832374187,-0.32897519759003735
2.7333864703557227,-2.9625385955953014,-1.5135292661355981,-1.0679998242013482,-0.9970666204314066,0.23761579268513267,-0.8453488806911039,-0.23562167741769507,0.6815705704806946,-0.6583610660533836,0.03178026446607074,0.3627680085673663,0.4949972104454837,0.3802962444041521,0.17202410238257332,0.19573136391270482,0.27008617430361204,0.1323172985051197,0.03224480361374924,0.15638316514924996,0.30175162483049894,0.5362272383751957,0.24364489796664085,0.6065279172565993,0.052091599760121926,0.26090194899056535,0.8067642374096711,-0.272049530248742,0.045940046274477904,-0.3615419387160026,0.3489269991651457,-0.43945927900791326,-0.5020509631373686,0.26198714579263804,1.2044348608248787,0.5376507197638503,-0.22434370996795294,1.0016610018616583,-0.038940200911349206,-0.13887796070365863,0.14077810591508286,-1.1944701234585409,-0.44154966908452853,-0.17665412484659093,-0.2999422596641114,0.43367020245057064,-0.6556273033793013,-0.1725778337509773,-0.4056402930267147,0.3439777003667519,0.22512342933795948,0.03770409813650697,0.02800417245716025,0.4458774311460205,-0.08235842144923539,0.16133944566727992,0.3873598875944192,-0.2521223250501904,-0.44154066515685825,-0.5718738438788962,-0.09490578649339192,0.22285664427761848,-0.21185202644655385,-0.1845308241507502,0.09809110313544593,0.3660903442178919,0.020132709956293526,-0.0510458681047246,0.5052554516782054,-0.30723579370039167,0.7110916280162126,-0.14784060684274983,-0.44808502676127143,0.4812246346682455,0.15839308632613003,-0.11440365768336548,-0.11248089050853265,-0.8386461863139876,0.16270425997908183,0.16161605031256635
2.1036348059462977,-2.479037026435705,2.3377374604272916,2.823228268515802,-1.9250416263783423,-0.3714129253999968,-0.1877846827859712,0.8549898387208484,0.8367436157744687,0.16886863206466868,0.8082128096939472,0.1079433482868033,-0.20718821895152537,0.29620436544541184,-0.4188369396425471,0.0033512464587978218,-0.403891750225213,-0.12225861428908258,-0.005892704412158532,-0.24135188356350337,0.044195959937970555,0.32040346855859314,-0.20904301013972584,-0.6686316592426916,0.33147567380598775,-0.020915936040527612,-0.42639931437036166,0.4276602452908379,0.170650977376792,-0.5163967124867114,0.8573576218402065,-0.2490218657451739,0.1853755253750916,-0.479552569481905,0.6218406292379229,0.123430586656935,0.31557025916916676,-0.43146114216089265,-0.47930223148425577,-0.2814128090881449,-0.46394707084077563,-0.34928318753239995,0.2757019672306532,-0.18454672416387718,0.1017129128438213,-0.4556576890260528,-0.03196885670152249,0.24314910512437052,-0.1053763395889474,-0.8390036690787813,-0.16982678984493016,0.030091046954984112,-0.40685234489426814,-0.1722841720107926,0.08063064726690113,-0.6170961449499772,-0.32958239158944946,0.09329981380329512,0.011788548688664953,0.16060011869512816,0.08499954645553721,-0.20870383089972547,-0.040254582503651354,-0.5300829402198949,0.1722657575705579,-0.8653763891499898,0.30132051845821184,-0.45527241023506315,0.7157205425691978,-0.06719518542897815,0.0683894686261059,-0.7211621319380972,0.6181964949051295,-1.143448563531859,0.0577925267208762,-0.06989421098511107,-0.032169030957739334,-0.49075913742437355,-0.35558513257887936,0.27321623149944385
-2.971925472454341,1.4482341916788082,2.4645962276011226,-0.34675868500061835,1.645190881600879,-0.11054678269947227,-0.49191211704083126,-0.7593554766190738,-0.05110396688491306,-0.13066909520080597,-0.639685896224163,-1.064357682690681,-0.7085395193664307,0.18264822590638655,0.13238357859603953,-0.6776991026724075,-0.6442042120786232,-0.3660196762347538,-0.18972666257605553,0.0018935051234693556,0.06079792700278468,-0.31347216196739003,-0.036034294337235644,-0.10403670507812808,0.281967516309031,0.4657526585331035,0.03102662451192429,-0.08924583917784275,-0.04435863070182334,-0.4588967696999745,-0.6781168242760007,-0.440116279151868,-0.39727594156266344,-0.1876525234882577,0.051906606775529496,0.04157355550491397,-0.27796368164165175,-1.1665936597810165,0.28778254265717473,-0.028323215134493485,0.9404719322291312,0.22304085033057425,0.19053676137525322,-1.0775472673063156,0.5186101388779766,-0.17177373493090803,-0.15932389637516986,-0.8577296905144546,-0.0017137800201104177,-0.27261187371548723,-0.38930529427973903,-0.16036091962196877,-0.14137368956680332,0.733058654257965,0.2709600936196547,0.1151968012731973,-0.5954405593037785,-0.04922194053708509,-0.14832212427243438,0.3368495656789395,0.7121386582128315,0.06923032321029654,0.17477535297770733,0.9876571449904525,-0.3478658333188308,-0.5772242175956286,-0.36532334934073885,-0.009701016757714048,-0.2767278958762699,0.30735485898675335,-0.0232090602424091,0.5637326605302023,-0.2966044141018275,-0.0017534507831559727,0.3042113879408151,-0.44146165270858934,-0.12528261430588175,-0.7531289387209229,0.48099149405220526,-0.29594818264307104
2.1099223167145116,-1.3748830659354423,2.6785874906907203,0.21281741426303286,2.345882013103563,-0.16000212022045404,-0.6179341516100592,0.13534945850630462,-0.23253363379132816,0.1084506659917316,-0.15542178727922115,0.5026833811932176,0.022248373393090236,0.48281067497476043,-0.5700687584418199,-0.17095710468269273,0.8297141883739378,0.443953648110945,-0.9132932997703036,0.16254425654737997,-0.2075993316086315,0.4139658719985473,-0.4445026689759468,-0.26082143988742457,-0.4367440919616046,0.29114617718578545,0.30399436031411603,-0.27684158826549343,-0.5064176533432192,0.28494029995126596,-0.47899404879119634,0.7035273560917488,0.17488865774421164,-0.47488648812790385,0.3886096914371013,-0.22188680046022094,-0.25542013305134775,-0.21627146356471885,0.3483700325221375,-0.017996891464468194,0.01336310363869162,-0.13121846120913422,-0.39050462319119505,-1.374025265379734,-0.34969955148914844,0.22025924403633484,0.26895451261473147,0.15208903975980537,0.23294171204110456,0.15810284300462402,0.4094454726003157,0.09029873009551438,0.1651993714796276,0.1482850209052188,-0.5225709198095588,0.09397834936113535,-0.2313832663738276,-0.46860053789868467,-0.5856122860983071,-0.5778722838682939,0.7801915460166202,0.1679286443490959,-0.4321571329612314,-0.10734530902683354,0.18140974507946814,-0.22893340039549093,-0.2535309954442769,-0.23716149577247267,-0.5855264714273458,0.4265818051176376,-0.05076324922381383,-0.43183522684890363,-1.3499619659278512,0.23845237018801535,0.23665906854218746,-0.7078729478569693,-0.15022654655345435,0.41407071598264195,-0.36876914930750354,-0.4861497102721417
1.8015586983001866,2.503567414275722,-0.35789429184951227,-2.625519920066237,3.3514525906230075,0.07562235169987086,0.2687571794655765,0.1881655138520568,-0.1822001864055184,-0.19400561865321425,0.8613402007642842,0.8389625376686036,0.3640284847478456,-0.0044236489574079095,-0.012012067450366041,-0.9965001022862009,-0.4418754187211176,-0.37685357828915667,-0.42959460364343155,0.2522353829351009,-1.4595234336249603,-0.2375222289830148,-0.33553268196208064,0.0891748736525378,-0.9619987603219416,0.45927183997524496,-0.022164448991574742,0.6013948353898882,-0.43589140658932685,-0.47757299829190153,0.6962339138464451,0.08024261901031969,0.320775396953522,0.579799903392863,0.30397277237855574,-0.05095190583442052,-0.24947769209815815,-0.6072542780042379,0.3519094451674195,0.17796120743044763,0.4576772526918562,-0.5652400533722436,-0.17058026384378686,0.27224091355156116,-0.18117193576603163,-0.0690933889865439,0.3053739960155195,-0.24542441955825559,0.1254278354859384,-0.3688290909381415,-0.0884375006716154,-0.2529081053253575,0.26156420946637765,-0.3241440492330855,0.17258714756146687,-0.29064252093744525,0.1758830128066646,0.16446727805550093,-0.15621096923941208,1.106097895297542,0.1683367645247567,0.20471597184372328,0.7235077900623527,-0.16533512669686776,0.31238434267202647,0.1685181870615066,0.39586484236175373,0.3386024697976015,0.6748032962345991,-0.4531426806246638,-0.5562626106926727,0.5832207985665274,-0.009422143894540016,0.13926769091952557,0.26749027013103527,-0.8508474245523877,-0.26365342281720644,0.35204726972411887,0.6002377614703853,-0.6209779823144401
1.103172549761807,-2.1579726600807763,-1.6426052914424107,2.1489056073907156,3.346545327962482,0.7091814404899512,-0.3750818385699407,-0.1132801975362137,0.01800073765594912,0.5070765748714925,-0.07632198138524712,0.0610225845050327,0.1324311656951534,-0.11896387823284224,-0.018176687539164623,0.4296189610367763,0.6616315134418455,-0.4623664147178994,-0.045194034544525266,0.07410915220837172,-0.036104542588687075,-0.2988143520171916,-0.20594253815451274,0.37544334815850683,-0.7002703600054575,-0.28947017555016863,0.03693828867754922,-0.1342227439013605,0.3823303908560755,-0.6847864836090777,-0.2965685611178062,-0.6069472381972206,-0.05387795189376849,0.18114367831297862,-0.14010854300652745,-0.6780210303948262,-0.29935242666767015,1.0854209580848613,-0.30954369054806846,-1.0031944656198606,0.22919771012579537,-0.3560933387489796,-0.8157046638510846,-0.29531724732017756,0.4903678342979078,-0.20020087244051155,0.52072490420526,0.39539618907043156,0.18231934760716267,-0.1572410696867477,0.5122294826288898,0.24507190292241485,0.5846732005673609,-0.18134449387812726,0.13794658182301142,0.04988712824798682,0.6169976659948793,0.11175645689827078,0.1379520309730738,-0.060931459350868813,-0.6735674109372058,-0.382182433107929,0.21666792645312558,0.7694310993401833,-0.10516193633949007,0.07702983625216976,0.23899543177186575,-0.20560812353040403,0.3950355271347915,-0.22158036926860405,-0.7084253008353079,-0.7680287393549715,-0.3588030093141147,0.3675242496915715,0.09877326036458747,0.22128340931455806,0.8689429283762808,0.10578873900517534,-0.35834041707086217,-0.1571222724512014
2.462070562091921,1.0370932785109557,0.8321677250465132,1.5357104308145273,-1.2218948290439353,0.07952789815734451,-0.5696298796981967,-0.10389325824093232,0.35177117956877957,-0.3893379278493185,-0.2389912406786224,-0.3438991281512567,0.41933559569833645,-0.07711658042664199,0.007932672709013763,0.4620377554878652,-0.05089621380122384,0.4281733960779901,1.0101879726650258,-1.0756480771132941,-0.19160711141079526,0.9836385836298074,0.8691920479625358,-0.1331997627763692,0.3419878635112694,-0.32961596799619647,0.4804608996027876,-0.12507363635630794,-0.2661037817680724,-0.30577818688389696,1.2241410630649907,0.727686728111653,0.32276873762681824,-0.12068109085697236,-0.6453746272404758,-0.9856990878466606,0.010162072680551791,-0.8314463068265154,0.051683242568020614,0.06706573394555686,-0.503144580100878,-0.628335285573119,-0.1884071009877031,-0.04192485572849254,-0.7870702189980835,-0.7710462919048297,-0.3220985828503406,-0.8368497194505209,0.5155414367679414,0.43362197778174344,0.32300302629984945,0.12479974612242707,0.15065642968825896,-1.1032130337726156,-0.025331114757088435,-0.3671034669767802,-0.2727119107730826,-0.05696555867788905,-0.07778447547824098,-1.2074647700988803,0.2638334013594318,0.24690695497324316,0.498218305888893,-1.017467153394663,-0.2499409775641945,0.5432519913059731,0.522556066869783,-0.6569641765016934,0.6123759832161482,-0.11859440639793767,-0.3097591821035656,0.1085391646713292,0.31544555546333425,-0.04366626716062187,-0.20585890710401974,0.7284878394322093,-0.1423277981834904,0.4398743669127714,0.7591629545656975,-0.808104258024421
-2.0734506803148576,-1.7387009534224616,-2.6951628495258286,0.9718415956682969,0.3191763302225958,-0.07429005535141378,-0.4528444420800488,-0.6011341299007342,-0.32929782693394766,0.3115670027373222,0.12029510439953209,-0.4255335196161139,-1.1527728428677368,-0.11921082416639599,0.9132283960886944,0.39487479683621385,-0.8598825014539679,0.2236992708755527,0.3904897091535626,0.3012861195226188,0.35512523814801417,-0.6673300529949965,0.040779193347517506,-0.0006188186242546297,-0.1443933866185888,-0.31855675812611894,0.30454375998333894,-0.8286671869299924,-0.8709830858153568,0.147094228955323,-0.4769657482310745,0.47806377846119,-0.18603041167231546,0.3692602228713634,-0.7099197228509914,0.5762934997059371,0.42178122432941584,0.04917107101294461,1.0185337521120557,-0.02729422833823648,-0.3626785137387156,-0.24531366348485512,0.0587307079118718,0.12819053367068606,-0.641435515413848,-0.11484701291882929,-0.6953475596553523,-0.2350118734408148,0.1686581598810695,-0.9708815783643541,-0.07316704129776926,0.6461973266039938,-0.35282912104315634,0.6599669148725272,-0.5079025677764896,0.18038285948026134,0.6797353906854858,-0.5481870718087448,-1.1893968814481575,0.08782391248350839,-0.3811847164501555,0.03656574203714406,0.1582725758008598,-0.42988784165870325,-0.2277867594567448,-0.08973477615670448,-0.32308768110562247,0.4130045692201681,-0.31402743435851144,0.47778137784914054,0.5647450286251544,-0.12485249021282115,0.2626916410910006,0.00547662699657005,-0.13039458480214572,-0.6092633664737707,0.023596905393312287,0.3879956671204115,0.6617433290388487,-0.002627174456324631
-2.735965779882369,-1.493129878045531,1.6040041700607657,2.088935510182018,-1.5037987784908908,0.0052337236601666184,0.8441997880898836,0.06710239905690392,-0.11333688326210885,0.18327369307307487,-0.3243321522484048,-0.08866603305709869,-0.2609791670428279,1.0320414876577535,0.08493447686976523,-0.15349710079588746,0.7901273071657223,-0.022066536734946844,0.368532688685981,0.2546194112796953,0.043513999703195576,-0.45676873351654185,0.16398314368031566,-0.4970951507339311,0.14722886369212917,-0.7996739143843444,0.05298831182309666,-0.23173038536468715,-0.5724366757165766,0.6054233434202735,0.21039406341486858,0.009202356533020086,0.037971213066828075,0.09273751448646063,-0.22301580710495308,-0.5201659038425936,0.641003844598622,-0.014263419715524018,-0.060219503303890476,-0.2749312680367009,-0.25951859344875255,-0.14524866866704875,-1.0093426163714991,0.30454508465146285,0.42078658351398385,-0.6329739216162964,-0.4670240561080227,-0.6515746299961118,-0.1033601072077474,0.29568047342147985,1.2955464310060583,-0.2638983424215481,-0.44125240882157163,-0.12618852700612795,0.1498145121955359,0.4417098165116311,0.3140120825188721,0.1883850313003822,0.10785459670370702,0.18696239878520982,-0.1319639801588104,0.5921500816734672,-0.2170340688885136,0.26643084565434466,0.032954556291781734,0.25544046905689854,0.5183836824681877,0.2990252738777797,0.6456686025242337,0.3937878643712086,-0.7516515535696855,0.691402760058871,0.40852986404351416,0.3849127332491601,0.17259906373395817,-0.6002440090383143,0.7402360820510271,0.18998432109170024,-0.2041662057666282,-0.08901380681179888
2.3253205588516583,0.4631233573263335,-1.4557290054445478,1.9358456031103168,-2.3534673227457454,0.12369879183517038,0.43438107312200447,0.3818946910075594,-0.12054525722980196,0.11538091041630474,-0.50669640070349,0.4494237555598533,0.9631600535289756,-0.10783892154724527,0.12256810063696033,0.8495685552350418,-0.4892866828826082,-0.35141415037401075,-0.1182307287543903,-0.1290359453753186,-0.31345667619138595,-0.37090742076830635,0.9026975776685199,-0.15757233183340041,-0.1761836987295342,0.48566384040156385,0.4207597862640582,0.41179869303161115,-0.18626056204420566,-0.11712164750678161,0.8248350712359855,-0.10675731035560801,-0.12339469998704838,0.37538872444291993,-0.18214528861043433,0.5279804924161273,-0.08227803681729383,0.2328439091057791,1.1266662760195527,-0.03586310586411585,-0.42181953216915063,-0.013688411121370354,-0.29190219030845327,0.3294485918330847,-0.11750905929620047,-0.5913545669219504,-0.15588141452047324,0.4232477844729514,0.3038346703462575,-0.2522523347078742,-0.9372974642514926,-0.14072628741185866,0.5440814837513581,-0.12745457967631085,-0.0040404275773194605,-0.6354531468183994,-0.37458166172235935,-0.17936384382104054,-0.49741340550756696,-1.1967997106879635,0.553945991136516,0.6760578211926505,-0.32031773361641347,0.8754468734485303,-0.77441251810839,-0.13643631727439248,0.4743704140086567,-0.3385077572689413,-0.5138263239064909,-0.514996491762181,-0.6442851584026481,-0.662859564060281,0.2708279732315943,-0.3103265662385995,0.5392439828492829,0.11483349205843052,0.6839092513045838,0.2583233612228925,-0.6990514873830641,-0.6683839877828727
2.6194551046740635,-2.313568811455542,-2.6077923700730334,-2.9881287691694784,2.8484716236641234,0.5677249949402096,-0.35854408479781985,-0.6136321303630917,0.2829622393522991,0.0550679143290113,0.12413305254400285,0.0946448597790565,0.38604527233014024,-0.3258469881017635,0.046111933158696355,0.30750337442331055,-0.38991194596250817,-0.3917844118366803,-0.08808250477409751,-0.14861746298623768,-0.2945146009611039,0.742571704584734,0.04270222151856008,0.306497129902628,0.040094841405249285,0.6542174900903382,-0.16278220265592927,0.5290457738270418,-0.2623016731615006,-0.08173769081467964,0.12107596968371084,0.345034737171554,-0.1488466904025586,-0.2037252963877577,0.32938661625503934,-0.6363498253354294,0.42367868627920685,0.22604318457946257,0.2583643315533232,-0.22884963345017423,-0.11260681819829774,-0.7080646480371087,0.17834811301158845,0.9224401831361849,0.16132693327622658,-1.512836467260077,0.15217612790642635,0.6380715376507602,0.0928787631895303,0.11509748508585832,-0.20153243883472297,0.27091117867159925,-0.29320405341347827,-0.8291229137938613,0.6440828377197846,-0.14255436381480882,-0.018213502087416594,0.4559564224575067,-0.4729223883275553,-0.133221863635682,-0.2034428750165335,-0.5493067785983168,0.1368407768718103,-0.5177557837890363,0.9162970655428019,0.3194599443059378,-0.41520354506747315,0.32934649850757935,0.5584735883751889,0.5173171398959016,0.5367466455956427,0.008059769398715139,0.09613754197612676,-0.1500776182306395,0.72807441390944,0.2122515150841819,-0.24020709492665265,0.01978651221782615,0.13787293385420812,0.109383665702109
0.6932857609172156,1.2666766739705881,-3.0103307071393304,-0.5296311433955687,2.8832381436306687,-0.19847338376905485,0.44920153548506403,-0.2653779269401005,-0.07826432557767518,0.06599361564136164,-0.440613010825568,-0.16768040650288657,-0.14586580636875987,0.6028259092840265,-0.30445817368759676,-0.7451556263056518,-0.3657734990480829,-0.3090690955118851,-0.5723470342673408,0.09572493091602055,-0.18792704996908274,0.2713599573949385,0.4867593886679624,-0.011985739050642515,0.4280910910715647,0.925248898092855,0.00483220034307673,-0.09051530226882809,-0.8457207754046873,0.16929567606858023,-0.37876022945469745,-0.2566810786144832,-0.5281153871238892,-0.0853624749140494,-0.39267215876330697,0.22961731147479802,-0.4995938815167416,0.5816408775430674,0.5137512191504692,0.22285005241351188,0.600804631476199,-0.5969664367816372,0.058768742695087674,0.1306238967059259,-0.5170077303440933,-0.2311678434446666,0.37704714454322574,-0.28968801597987986,-0.017824090016473882,-0.5037276444521239,-0.15175374498474212,0.2231178155155496,-0.12076124917637981,-0.42277379559479905,-0.45317181496716696,0.5077246288483493,0.7471104134091362,0.33599450441879997,-0.3378309838228242,-0.8542916133384645,0.043473940704436456,0.24607467857283735,0.28986669945696314,-0.3791753724332733,-0.5859490765929305,0.07068803319330219,0.7633219935820744,0.6845995389852998,0.44619014854539535,-0.2133641391342849,0.05267175289408358,0.5738050979750298,0.6461448269634598,0.27883487088775294,-0.45836768144308593,-0.3724298088439386,-0.28583876142426956,0.2368397304745121,-0.6341961414666318,0.05356917077429145
-0.2181919484843408,-1.809268487503513,3.1407947733771113,-2.025626249689138,-1.8724724948653568,0.2236728308900833,0.4254950964798761,0.6821005732081009,-0.5056444444628462,0.028389420924657367,-0.46198036483847943,-0.09200950533982019,0.018875293883006718,-0.7733027651718561,-0.3255443802617883,-0.5425419871983547,-0.33433348669245866,0.5925864158177556,0.07345731489684071,0.418196293188976,-0.4557537959273568,-0.02843570742260831,-0.9276713576028895,0.03941378086392528,-0.37683353932791547,0.15357557718515033,-0.21353805020686925,0.38254543756725284,1.021032382452126,0.010009520356306024,-0.6445440640662816,0.28001401136844023,-0.1404064220492004,0.5910447961364916,-0.32553276783384183,0.33499230437998234,-0.2121761803135704,-0.061869678621069735,0.6657649484873034,-0.5413869586536791,0.8920511930061036,0.5413630685538459,-0.8234999616280945,0.3454346989688234,-0.6424615291783781,0.23172787294549313,-0.10558094096210593,0.3600983529253267,-0.08316351709591165,-0.2135950641238131,-0.05491153433681805,-0.02041155409871327,-0.10081605899533302,-0.020504054563670517,-0.15426432889880767,0.29863280130817027,-0.6208619546650215,-0.4631958697663479,-0.014888272074401356,0.3250432927679635,-0.2460064427297448,0.7394566200810311,-0.4453609650964528,-0.5777380449174473,-0.059417554978785474,-0.3007317934414631,0.3808716375340517,0.7769009829775515,-0.1919681008576624,0.11773072718543733,0.1791289018280558,0.20401184433917724,0.09432541897083557,-0.4165932702621701,-0.17021018571121577,0.24236804129539827,0.2519861610998537,-0.44319317550324133,-0.39646476043867,0.2659051140145814
-2.5138815345495225,1.8282436339822992,-0.5771139364377654,-0.7749732912738405,-3.6125420129197234,0.012982402518368758,0.19186043813596787,0.3334881679753257,1.2388382683647814,-0.01288429621948524,-0.32749940266640026,-0.3234679190041117,0.23115783578814017,0.4491682425062427,0.0840377258187824,0.16504523092093096,-0.3604476981672671,0.8003887104381744,0.027873665748096813,-0.5151504474165097,0.021081541408242505,0.0651217535672324,0.606805554579724,0.38888637177733165,-0.6415687226924263,0.7142649716004283,-0.12476316572815917,-0.2706748036889047,-0.22738046461713776,0.01368181644173101,-0.5033342140986721,0.2069205952417034,-0.07957336411776393,0.12936044452459963,-0.2687150220871708,-0.368973228669254,-0.4763527393663678,0.3438565286725156,0.006998329513471141,-0.6391213192987752,0.39437861259131796,-0.19397546511072283,0.439829023369402,0.3836293633264001,0.3992654186361518,-0.29036523068556747,0.10377284534312671,-0.10686976472974427,1.2090879522542524,0.3352258049054638,-0.454131081381531,-0.36399640582964743,0.2463816144824335,0.0211699972173957,0.37885730510038984,-0.41115542808774774,-0.08813068704345023,0.27162454825065663,0.11557478850556693,-0.4220179232023016,-0.039818390901551794,-0.08783567218415674,-0.23390713867546198,0.0938331317018474,-0.11808148345238483,0.20875203235032708,-0.34429286663045294,-0.015722709069294533,-0.11502803314623913,0.18350096486439638,-0.22948062036988925,-0.09789867445848348,0.9024100321968819,-0.13729537494094646,-0.18518068411220154,0.26448123346645014,-0.18472629121202908,-0.05660465268982122,0.18436318819422792,0.20697871061169557
2.3775455946598485,-2.901569249205855,1.8393680605528393,-1.641174383128337,-1.7690210388728893,0.09748290790218359,-0.1453508089282274,0.3214953795117519,-0.9670324665998186,0.41872126177450775,0.29042788658148105,-0.8354614434957307,-0.3989661427162881,0.48871051401026255,0.5398500506658755,0.47074160063081605,-0.24656265770248625,0.49821813969795126,-0.5191788701014997,-0.24381064215393855,0.06396159167966543,0.8934879471173017,0.5995557829369997,-0.42428505413173456,0.07017049704707037,-0.20657263011957652,1.0908989094026813,-0.21713060246373453,0.7187947886586978,-1.0400491794711035,0.693159829508523,0.2684990122520294,0.41772796105782234,-0.786881868691474,-0.3493754777452371,-0.4590422243764625,0.2909270219749469,0.06192865011343825,-0.4141108365730331,-0.47446437797611796,-0.04030896218452561,0.26928318062737655,-0.042832607400273205,-0.3581352443733698,-0.5434180549742549,0.7579520139754753,0.2572984825091068,-0.2199735982637235,-0.2155180632135475,-0.6280305644854621,0.03973762849828475,0.9572948073807871,0.3037759605090089,-1.0292703049140697,-0.3044584403219269,-0.7553686978368128,-0.06498607019633915,-0.7412213572350643,0.7840864762952647,0.5427735579558683,0.5874288978339925,0.034129109114401694,-0.8723207136003583,-0.07383187389979275,-0.43800424437682717,-0.030323543143469394,-0.29367576284379715,0.1925060231961608,0.14456977838975876,0.32352174522885274,-0.13280166187235146,-0.08171774537400602,0.7090589986138242,0.4709880222031717,0.3236641570606154,0.27877798346960964,-0.5876539528912927,0.4311336735677545,0.20359321991339482,0.19418300723631943
-0.18157261623619397,2.7096369090666848,-3.0646884248454094,1.3812705067789306,-1.695143245420468,0.4985916865969917,-0.08530844322478012,0.5023378882312219,0.048551483739897594,0.0612577590593113,-0.7302193770532959,-0.28154911978444597,0.15540445618722853,-0.04536031961402485,0.17515633687423604,0.4156428751622626,-0.06670231364604153,-0.5729240172752674,0.317928920993111,-0.8573164936539623,-0.6130467516478529,-0.005020473905006972,0.833653950361705,-0.15271660193970044,-0.375696045657128,0.3903219299777889,0.1179042877026622,-0.5527902459364692,0.21109809351869643,0.029804487912571134,0.4417594668148441,0.10436152507390975,-0.696225265799773,-0.531861220787744,0.21123826995512954,-0.3896475416044865,0.05879113050159553,0.7864321848246048,0.2524637389075491,0.10404865428343822,0.06778109684646982,-0.08590091573337551,0.40654785647312985,-0.4709493029218124,-0.07529818433747099,-0.4112064797811558,-0.10768574182288833,-0.24070279528361774,0.19174305048872747,-0.13628951085628185,-0.03713109658978902,-0.9664291975368409,0.7821295017513339,-0.13215032877174374,0.872696036242199,0.16751041568883934,-0.3105867127882695,0.04340101534858038,0.48977946583158055,0.1756608390351314,-1.3067499538161043,1.7434515770208983,-0.3831138306351348,-0.4140589843579777,-0.20804190812541812,-0.034364560628443765,0.3329620777772449,0.41160770104695804,0.4147851918604132,-0.45356144932637116,-1.0476869579754997,0.0885742178220504,0.6054340600279706,-0.24327871344410218,-0.6408896942679014,-0.22695749934450563,-0.21984845250655125,-0.5152529243578275,0.23220743064544658,0.5321655495387483
-1.9175959483041543,-2.9697942002257762,0.2755678189320723,-1.0002251041976438,-3.2785370829445633,-0.23369264268090972,0.4659600757019769,0.3943209229698179,0.16524662041296165,0.234021119475978,0.15225167823579044,0.48291721602140325,0.5861195409561593,-0.08658799143728524,-0.41270875841666665,0.0946008570974881,-0.10360468413787105,0.3780433061197275,-0.3541293392685943,-0.08698495351146376,-0.2856741894856235,0.47112642725690257,0.06420973677695295,-0.41091328436309993,0.1384376352633655,-0.09935046016405216,-0.4984944530326051,0.06215922568507406,-0.3695666923192111,-0.27341108572795786,0.23655774167028018,0.08403580389587517,0.6593472622895684,-0.3449220346216699,0.13915055637865792,0.6287931993165575,0.059090750033573614,0.012585819455916691,-0.4032234598420225,-0.10392090844528694,-0.26354429710705946,0.3197733686710344,-0.30615508984469225,0.05882317215640333,0.6736794603805397,0.9619099124210662,-0.004913037536577011,0.017673340506464946,-0.6056127019962205,-1.0048847616737828,0.16621679591019003,0.18938687212863858,0.20048824838042517,-0.1452221321143394,-0.6756571788489056,-0.24674682933674777,-0.2514183956811535,0.10087538616242085,-0.18741859478585132,0.0681389712466909,-0.32518203407898355,0.2169411722812284,-0.07061879604660326,0.19557077998334396,0.1550198951984819,-0.47781497285970603,0.3496715686720837,0.44686428273423884,-0.5474149551886309,1.034336537058895,-0.46435140427715643,-0.15968289374019623,0.8194867272410358,0.2670883275227272,0.7797964963715488,-1.225240797235178,0.16019159247152356,0.36420306467554286,0.20207995095300357,0.23405424762512395
-0.6808662138907219,-1.2413125207631945,0.7848874910686878,3.3511732568051564,-1.4852958557283273,-0.32320474784121933,0.053580386871342624,0.6198990522602659,-0.08146550713620908,-0.5463266839992562,0.2594070596818446,-0.28180258100130506,-0.08598329351661865,-0.9579012619018374,-0.14186650165208847,-0.10554421907941541,0.03289288020221841,-0.07424048663289218,-0.3788224930515648,-0.15790071940972386,0.7958537911052006,0.11659243945694264,-0.5259333614759804,-0.10147604275188259,-0.01602108402880811,-0.35352734334427466,0.20696821772921398,-0.06846643339827714,0.21933754018351154,-0.1582188380034622,0.29796556401970914,-0.5816309010207356,-0.42457140330232945,0.16958498421537319,0.16669395987576935,-0.1211255462653186,0.4437699416972154,-0.4563145057634369,-0.5781300105630497,-0.07817278377313852,0.055045499795119884,-0.5981195844827697,0.6025750507961151,0.09251957617587687,0.7528208460010887,0.11153533803191339,-0.27267269002185274,-0.04949114686623633,0.07239534471828889,-0.602198001841286,-0.46367777039612745,-0.8056683727002703,0.3995440282375056,0.5002821141091537,-0.054298195929124236,-0.84663184974279,0.09178997393152893,-0.739480523753071,0.5755027277205996,0.27036373502184397,0.2921498843287538,-0.21595632509843676,-0.3688972655737449,-0.5463818619200107,-0.3463000992919802,0.3150101961801984,-0.6635563600008609,-1.1045099427622087,-0.6409338285072413,-0.14081460119318343,-0.43667507314743365,-0.6376002692273989,0.5598686190392819,0.06470590219931048,-0.3317963717859493,-0.13800085570084528,-0.47726477252266614,-0.08934365186119056,-1.0772034837305087,0.02959549620117843
0.5471773261043342,0.17844961219432032,2.514838232428324,-2.6533393414445112,-2.8087783856820105,0.46136339186063213,-0.47060038252566977,0.5258967373691049,-0.921343883943468,-0.3259624290058464,0.5707478549449826,0.038017629195286305,-0.20832174302483714,-0.04067734154770976,0.05258567404417304,0.6533291573080584,-0.0571673943630276,-0.018562862720460083,0.5014265694040587,0.39538900207981004,-0.08053003390266428,0.025178768488794613,-0.21174296812359952,0.007501090252123759,0.23932189380855648,-0.5532358237981819,-0.5209156473993862,0.4034741772837624,-0.8237503076462307,-0.565963796190558,0.28647418908363714,0.4654463507667683,0.2539092995107349,0.42474891087526395,0.43081630921176667,-0.3615656390856925,0.3880342434515957,-0.13839981596292192,-0.07384725038708422,0.01658611637138353,-0.19754123263590773,-0.11965915541931041,0.2094856860772574,0.3968968632858318,-0.9120819629592614,-0.055042449846384664,-0.1136901571238045,0.27421985474267113,-0.5222675018360644,0.36026532801739164,-0.19434099450452433,-0.7390630544498037,0.48068245829831097,0.08682378169351247,0.4055059747651622,0.35275913791434543,-0.26950527836738475,-0.5659575943330757,-0.041512221505050545,-0.7192109660861943,-0.6027657768379417,-0.11644189585927248,0.44057170836470966,0.004026027028093811,0.06750507682639896,-0.026255859448260286,-1.101109940350298,-0.3699920120599765,-0.19045917755607084,0.24228817533928892,0.1335696818278591,0.5486433219503948,-0.3696546442118991,-0.48006998652951527,-0.7206672092260643,0.21643440447636483,0.7486903530210044,-0.28080271202773954,-0.21011668348341825,-0.6991194533281917
-0.8259852019345114,2.4505168694963277,-1.7782441079578821,-2.062101318058404,-3.1697000637108883,0.23974107393800786,0.1964598266997303,0.06187557654955652,0.3497824862581186,0.11179897909935722,-0.19783217690822472,-0.11278907781198981,-0.7784726013830522,-0.1698274742794235,0.48849178878539,0.254239932809203,-0.3679093303273424,0.10026529863248286,0.09552368925116643,0.49058084636445476,0.673653044787921,0.07155355967266502,0.12094099635429979,0.19504327520595444,-0.10081312858080976,-0.21120875568557598,-0.26793433060489336,-0.1529038562477624,-0.322846631451827,-0.04704564065893892,-0.41381886966516684,0.0054290036639113946,0.2465283363403847,-0.19272898232243074,-0.07643203083214287,-0.04747399955033254,0.08556467396038868,-0.12744544545728964,-0.6012215865637132,-0.3344075000625418,-0.07107549485528392,0.044017749881064654,-0.4775752758227355,-0.12109123773844965,0.10686484364270495,0.5897031068929249,0.46468065218479426,-0.24729879942773153,0.3954791733220429,-0.1501549049922614,-0.09312705700256878,0.0739864613581909,-0.9301589317075595,-0.9998906122121168,-0.4085847364396847,0.5668147482511955,0.13767781361095496,0.05467712141472298,-0.4479135062546569,-0.12968792983498717,-0.12057400441720235,-0.1146381038130291,0.3745374302000463,-0.08857454836160239,-0.04118171313110603,-0.4100697732152013,0.13752497126402846,0.6422353853189617,0.05188083590293664,0.05762065713439661,-0.2818360391509064,-0.48851872285036974,-0.13877416823043875,0.19660208874632262,0.220392526133503,0.5993203596334188,0.18330840706156923,-0.12281247799673506,-0.4608720440462233,0.06342183553200857
-2.182104895573135,2.471974912562412,-2.4149368575729673,2.279659667300003,-0.9611905565677757,-0.5633677015972338,-0.15837941499901217,1.0649378784091437,0.38268544422828715,0.7347517966983736,-0.1955929717615579,0.06272680999181908,0.2801435977185027,-0.21511295629708682,-0.022135749703453955,-0.30326551503585014,0.3225771685593273,0.04791368617528897,0.8948243050500047,0.3533871595092741,-0.2977330958922218,-0.2744424277414858,-0.6475584807772364,0.23518465730010116,-0.7256660714690818,0.35875480287176253,0.2891208470357588,0.5922434794646677,0.06767383535210267,0.22714337103164928,0.09282570005467859,-0.5056165165187929,0.4898935797722951,-0.8097385642177187,-0.37513191904611404,-0.5365661165407901,-0.41225528041041104,-0.4903147362241699,0.09186704849487462,-0.7924486961013549,0.1433647325709974,0.41529678394104447,-0.22054198793951044,-0.061577807380874136,0.06164470492335754,-0.4431848484077894,0.22619794447000066,-0.9429851556400609,0.33614119035870993,0.08271613638656022,-0.573614437257093,0.0332085813482061,-0.11623724153235077,-0.2507814690319374,-0.21469802380134786,0.2837434052566962,-0.015345111642236326,0.1567873782100475,-0.3776369780708708,0.09231796999650371,0.5207055959346751,0.5275662543462922,0.4220236442079941,-0.05540217574494774,-0.6454849073160166,-0.18008711626763974,-0.06505559578294345,-0.5974504960658336,-0.5861447589157479,0.2400791977366069,-0.5967347857059826,0.3905391332850195,0.2985122222750586,0.012187640464229495,-0.4621754296712464,-0.013557602921351664,0.5747176451449441,-0.34598729982227194,0.13401475297819024,0.82187715021961
2.639329892200405,-1.1508418833503284,3.1590012104727214,1.0596671766412635,-3.512590293180369,-0.04933845757761431,0.04399000186969649,-0.3788150554120272,0.04774528516530973,-0.4066508176304436,-0.8726292681906814,0.6684343893659297,1.0543054495923967,0.05392034212206371,0.21236017629379703,-0.27535156746582473,0.3844169163476025,-0.3084946912530206,0.14984550045440473,-0.49614741015892,0.6230439331173636,-0.6953251826205563,0.350480335711895,0.7326543887677053,-0.2232510875047761,-0.5592077154176133,-0.3068845714766199,-0.6033174580198416,0.5929530678840921,0.031046016448353392,0.43557245292889585,0.05744409945832752,-0.3469984156958586,0.038257456652707154,0.10760923216138625,-0.5545178477427463,0.13541427374132267,0.2892622868170011,0.4104891558160664,-0.15597803664416687,0.08831804851362858,-0.5226873500450406,-0.3568198104718608,0.11302774783947996,0.1572236795716141,-0.07098310288260107,-0.029008759893229853,-1.2309583815929388,0.10660421747101619,0.5850798285768822,-0.70873543231719,0.04073191973630449,0.3918070781929307,-0.4216270981997501,0.06460933403001251,-0.024473877603335557,0.39986422981673686,-0.601682074698112,0.5011642197049455,-0.16947972347556386,-0.5999240457997702,-0.07728683976274407,-0.615252827179434,-0.27400649929839604,0.29476326330456737,-0.6797939763339286,-0.010552214602507165,-0.16289662195833343,-0.07594394630441036,-0.15469788890245526,-0.24318557352369283,0.011594093306227361,0.46455712861411563,-0.28126397191815233,-0.4093159350025712,-0.01999024969879865,-0.051618272882487104,0.3671623588196411,-0.14454014725426556,0.6052692970093191
1.097338779309616,2.903962458785903,0.5589833964772879,-1.5342088432798022,-0.9486629986970162,-0.19397016339594714,0.1163174877729779,-0.3914380296275646,0.4877546748178997,-0.17970599205579899,0.22009853633123294,-0.08980793152510194,0.1414331271445077,0.3750946539040008,0.6323207614582624,0.3248957491170772,-0.22472434945099393,0.5002336808724651,-0.10552804892095409,0.6898191950631775,-0.0007222516282829928,-0.3901175743856113,-0.5002924534100736,0.2748044857098897,0.6448097803782561,0.3655507410349432,-0.22004568129629612,-0.40975329606438454,-0.21552475731569293,-0.03696082506149928,0.5616630289737093,-0.6923549831585538,0.4988499778653802,-0.27710339529280315,-0.26193353334705655,0.16601653738678546,-0.2795199306209345,-1.074220472606334,0.6959265128513719,0.5303225538517465,0.8068571905886538,-0.10784929283313169,-0.3865942806426112,0.10903002163536156,-0.15329746385657095,-0.08543181114317679,0.06357588984643797,-0.2334304658270183,0.14437474986139529,0.43746060526933106,0.3025448711982947,-0.20293802552516596,0.3655788168741064,-0.17010727474134474,-0.005872666452277842,0.8660789272047449,-0.6957507115579215,-0.3065293994565318,-0.34013062775153874,0.3370389721732271,-0.16557652731173172,0.10129695840114136,0.20989461881796065,-0.11512649815340871,0.6734297643897288,-0.15346269166565776,-0.23771763653126735,-0.16438166527670653,0.04231925521149917,-0.4545351286758529,-0.23216795558695918,-0.1967062599353171,0.38891881428802516,0.8068077792319602,-0.06410011825612662,-0.7126453937022773,-0.2943164916594541,0.18060754595242956,-0.5223650324999133,0.007419713055022723
1.1450785816314397,-0.5725967430744128,-2.7842551841344236,-2.4419206323003553,3.076653447040814,0.2600392109142946,-0.23380547899043816,-0.5471108028849575,0.2800501220468279,-0.007480408575867683,0.02120502297837527,0.47640418445155697,0.7080494518592186,0.30024329137849326,0.1651820019152736,0.14202599198722413,0.1430405313886276,-0.029634800440583343,0.4514214509823251,0.0006013627716013555,-0.42730948230455834,-0.2400692361609468,0.7620507127239677,0.4596425135666146,0.317394122709535,-0.7515043204278647,0.4546006730331571,0.6901211843930823,-0.3173470364306389,-0.13502305515340282,-0.19873153258267623,0.32299524161119997,0.2712595034701159,0.5487033622863232,-0.22009864373379878,0.18176443126177277,-0.3084265064379981,-0.07153868902102373,0.6625070078529823,0.24160209465746868,0.009421226697173983,-0.46120380855015036,-0.3450022543133348,0.6340024697952134,-0.38536380933607145,-0.47208729973277525,0.4538060993968895,-0.5992310079901212,0.15085150484628318,0.13214447823076725,-0.08256401860333118,0.4452888160859579,0.015386798782815536,-0.06286151239831075,-0.1893438545515318,0.9076089701886451,1.3663004598537756,0.04958091531604239,0.5810023308302878,-0.227116768615056,0.016787471987581633,0.02412266330480177,0.32933720777928877,-0.18017360946899325,0.490693377828324,0.010685463444281198,0.5631834016852134,-0.3652348522665795,-0.40217583665159806,0.2296754667965619,0.2782287205054029,0.2746099454820085,0.0831506053035533,0.17069850399594708,-0.1892477794993692,-0.03081340313277526,-0.6752447389004195,1.4751673781565795,-0.33599906886159725,-0.3754026381760596
-2.1563838951961336,1.846876369510274,0.3937840026385509,2.451701422580385,1.888720668360219,0.0047785106897187905,-0.22183942498278703,-0.35179011535020793,0.3667613699824029,0.5034867659316563,0.3605028378543816,-0.20053063497091078,-0.7487282021123399,0.032648965435484095,0.4763234104872627,0.20876123135832292,-0.93387512126195,0.32144136072240836,-0.05807534438806615,0.41585139944750565,-0.06799409836281818,0.6095501209039322,0.7445705522598594,-0.08564275512655939,0.22351455405149992,-0.05103684656724461,0.49208562517047094,-0.20730631585335227,0.12770723340104154,0.8006414126526358,-0.27074299116764194,-1.1120756895842003,0.22643077497558503,-0.45102804303535204,0.05748029612636107,0.3983333591500798,-0.4624168366995074,-0.20732296826369198,-0.18173964598565392,-0.38769197917386106,-0.5790494708424428,-0.1955254965758018,-0.3728233635403083,0.9422746736816363,-0.27399015675888205,0.06713545629196119,0.03764987589832315,0.24502115981845368,-0.23138286524601842,0.6010641821265518,0.7301079219966373,-0.11567634656157937,-0.1390693345915783,0.046700966096079606,0.09281723136905794,0.4186999715297814,-0.5133175554683348,-0.754503941078757,0.39845477094100246,0.10440182402221852,0.509037640061109,-0.23583383471436992,0.4883624624772581,0.5369237465983647,0.11460698810709635,-0.2585239646692649,0.8075956572228609,0.17853735119288086,-0.19759155644870469,0.04188361817779815,-0.02866310412289584,-0.554797119078013,-0.7620909361378567,-0.17488098009507008,-0.03354805080782151,0.8920729842123255,-0.4619657442609516,0.6904290641149492,0.4880685044739471,0.4795926050499615
-0.02659283145343127,2.1659855667312042,0.6994653361729134,-2.0014573484691356,2.677432508957865,0.42679724950006986,0.07774158394307776,0.15969776349851056,-0.08127807211363407,0.23178630482718526,-0.14306142411899905,0.36998328418516846,0.817164093723222,0.12887212227967249,-0.5262121017123008,0.8152267050566638,-0.7415904444372493,-0.7181862403320831,0.036732179066462166,-0.5176506509323433,-0.4058652392189347,-0.2515321936571207,0.16808010176467317,-0.2766037972639663,0.13535245084351766,-0.09341695456962197,-0.12067039060712052,-0.19758292214643422,-0.18493429241766318,-0.29362934333970275,0.7805470247737724,-0.36441710649340914,0.6994480376068759,-0.5933330256361248,-0.7906611030889042,0.5651606229479883,0.23314689382495446,0.6465414572788494,0.42015614480383456,0.0794745779515746,0.4149305810338268,0.20614615956751792,-0.09236607323460151,0.7338337965490036,-0.6123748768318449,0.40431514345148034,0.8029102698053919,-0.17521491610976705,-0.48339064986959746,-0.2053924372851253,-0.196931684017514,-0.6864284637059243,-0.4806983340889077,0.37298053007510296,0.14458399322110727,0.1673379016863334,-0.02654544982438869,0.6238892747217997,0.017423263907853693,0.013992469032196796,0.5008943638733729,-0.33635530477628195,-0.06030626359668427,0.3797782884120318,0.048677444081931136,-0.10154081954819881,0.7418054075300536,-0.431959462432872,-0.10426945344022828,0.12734382391249438,0.27698978397873486,-0.12515878884507844,-0.06656046986753138,-0.008517312175104447,0.32048141539499203,-0.15624163743960462,0.8712020147615736,0.05435576206552948,-0.2960122671026798,0.48013859312273
-3.203513833606318,2.344580046182777,0.5188244004679374,2.4402729588647163,3.6709135257340293,0.11832162903232295,-0.7359115110270069,0.43375477634549847,0.001016066192721712,-0.7079930840524987,-0.08179008723151296,-0.2737573339203565,-0.47270331627771445,0.05396619894093912,0.5113219691968621,0.32197883507059133,0.5632225164118847,-0.40313893491623726,0.05867785905270474,0.43586045138639484,-0.4900498073191984,0.5454852479056185,0.13262055454498844,0.45872096640037346,0.1489714787228101,-0.521554095870739,-0.23325057072415054,-0.002969238374195898,0.5572499952132791,-0.7850490281187154,-0.23467795066128877,0.11579537957382179,0.5214743363701918,0.014503567051696706,0.7719098260797389,-0.1376725461807681,-0.3078456226824433,-0.5817144414243351,0.6667128062531072,0.06791435897675348,0.2817320194797434,-0.03113015081755914,0.8614033560856988,0.4715446115245691,0.7141418203308145,-0.06875281598356288,-0.2900872914519629,0.02119916193171359,-0.7883154206803079,0.004164290348469528,-0.42572829821529956,0.17832401479550591,-0.42926023021565946,-0.535158967874893,-0.22308115297626507,0.8086661197449115,0.2494020516961575,-0.12760548867361937,0.029432467200869238,-0.31076547595567683,0.8594152233336834,-0.1732835062827597,-0.20734129905014312,0.08576502642562084,-0.10236970722149394,0.3107491086184517,0.24036208216665172,-0.008826366534735291,0.542670139403386,0.07296180204007446,0.7564718363428024,0.1179260065705517,0.7169025328524913,-0.13411765453382588,-0.23504362730991302,0.0028300953608574914,-0.1347128522295416,0.565997885729545,0.329194318041492,-0.31422156056410805
2.195246579543005,1.1438481373927516,3.383412799676584,0.08626280114537621,2.221029808111741,0.3296006357611208,0.32255337621699676,-0.27099778041947853,0.1193623124633987,0.12085720195439004,0.13656828510082908,-0.6316007472770545,0.4243251134294144,-0.5665419821594965,0.31754024339416176,0.4524330266341318,0.5652734119407538,-0.5063578613181646,-0.006642873571865476,-0.22637541482663698,0.4247057720907375,-0.4230472085153235,-0.29481694934849384,0.15788818156115014,0.320451889706269,-0.080730612036502,0.2777371266069861,0.1992567271290084,-0.006372087816289563,-0.020741458592239154,0.11670149636046602,0.1947946739118503,-1.2720304960170226,-0.09483699877545777,0.34412870957575775,-0.4784939443466276,0.4370246071423968,0.11342730550511763,-0.2645862049080764,-1.0705479820906638,-0.14094901276617736,-0.1715285751036418,0.025101917767586992,-0.5086920294406186,-0.2875820296471527,-0.23064015988559117,0.587912343522018,-0.17605634801188338,-0.17746819525619967,-1.011403215913742,0.0598306620207465,0.5233647536878443,0.48447578924829443,-0.26659301460750473,-0.25853832566792456,-0.6595578251898044,0.36708735271520093,0.4282778216179311,-0.5975982902235711,-0.2121545493581988,-0.008482678042954472,-0.4782833184564415,-0.5858366289996267,-0.22127418024045,-1.5356538695007578,-0.2741967260929427,-0.20631691297308016,0.27114683299415854,-0.3429391367842262,0.1534660965447737,0.08418061124655055,-0.34237764839045787,-0.1369672890516748,-0.5854787034017636,0.4425953711360364,0.16392971965573205,0.054275739916315124,0.23125360068645429,0.01796917453977604,0.233027393389638
0.8688008074961642,-2.5245054370016384,-3.337539177893691,1.6648772161793923,-2.7854804973317995,-0.6247887505094597,-0.2540804429176997,-0.3966804410691425,-0.8197878906290788,-0.295431446351951,0.07305642308351963,0.1927099747241116,-0.23374407269805636,0.27449955645300533,-0.9383238433568944,0.1629832612672557,-0.19579143453854125,0.4876563154102925,0.018782283216558372,-0.283038431868465,-0.05262454866278699,0.2975519281858268,0.5336231959572295,0.17397816247212636,0.056873125967506016,-0.2349273136897535,0.7126569408790878,-0.38307804813957347,0.5542205040677636,-0.4127016440178713,-0.24634191285137982,0.28671849647549,-0.16532351836177214,-0.37379899309063264,0.39184968367759276,0.757568348518367,-0.7398986759173752,0.125848219197984,0.27574063315370306,-0.40906648507932614,-0.05040886674915017,-0.34301906621865796,-0.5770152901467357,-0.015536400885110114,0.3397905624051806,-0.1947003257185818,-0.9337895393302641,0.47336793493613144,-0.26902289999306794,0.22355872415396424,0.38830612484570726,0.8632021953224611,0.9297127588169055,-0.039486298704611754,-0.027876124395893133,0.08851152901714648,0.22891686132442451,0.15492185901358474,0.14613856456458013,0.2200124307072926,-0.06447924081299283,-0.48232926810081284,0.3610832542320171,0.43030423216683206,-0.18075911501392414,-0.5307549135026572,0.6751653398238122,-0.3694434667818558,0.3038189076675637,-0.20121615383933122,-0.3583843177413475,-0.016352767000411484,-0.168052290917021,0.9054359448506056,0.2652643829094478,0.23306593181805402,-0.3716926312289722,5.7404361760058156e-05,-1.64145204732869,0.6204475139788806
2.414623519122923,2.0126147146632736,-1.538755114687552,2.1554995075321055,-0.5797620337568484,-0.3199459802022002,0.08166550224079411,0.06773930576478653,0.341115421454597,-1.0795591540967326,0.20943244228650257,-0.3010093070914768,0.3743772882224229,-0.8728779187745742,-0.3943726312245839,0.5485270982994597,0.1250982138491264,-0.2471082063185358,-0.4081739182715219,-0.19588597576226577,0.30875715786504426,-0.10428432204539537,0.09811330424337139,-0.1433410096532326,0.013411760140975289,-0.30478629274889113,0.08025143859429343,0.3467152937508424,0.2755784525056138,-0.350540036475173,-0.6321442187525764,-0.10521658363121071,-0.03443667411413733,-0.01836495296112449,-0.3407075649666522,0.32372048115798735,0.3183376176912243,0.34506283431292717,0.3568382436609672,0.11022902485167994,-0.28533167497489453,0.14893372128391102,-0.16131283850342143,-0.5114494434350275,-0.4725493513150342,-0.0031958346164422794,0.036013000749539406,-0.4042214953004726,-0.48378138170974194,-0.1404451149322438,0.011895510967113509,-0.7564537285053505,0.6846171757481303,0.15593081713369222,0.241531206265284,0.22122532954782248,-0.6592883944123085,0.705212554051015,0.34239097434082144,0.2452023955938226,-0.3644698163365048,-0.3255670119249941,0.9794351314122964,-0.18548672488542886,-0.20364695618450487,0.03976976570324391,0.4255866600766736,-0.59149734990943,-0.3389410728330318,-0.04574029078222635,0.2507086251048368,0.11491335528220746,-0.8901880391209045,0.3708939227262638,0.23081294138688344,0.2338231414604236,-1.0853264755526224,0.34884318479643717,0.14679576266755284,-0.215787060380269
-2.1260764474539156,-2.6024199120736786,-1.3194516534444123,2.914431387978751,3.34817322951904,0.211486768048776,0.35327778422410705,-0.23839884441644768,-0.7187184655107389,-0.44714610492256524,0.30297987497927475,0.2922621105369353,0.8525384344737565,0.8057606664270557,-0.4924900408635755,0.04726757354390739,-0.3528413165629606,0.5926299223222299,0.5627855274121261,0.3916391260904344,0.20947938939338495,0.05616663343697489,0.06407522749370781,-1.0639675440340643,0.5781507701017681,-0.3375525215182245,-0.05117553387298753,0.25913086402576707,0.14915542806796206,-0.21720053267638026,0.5189043440739366,0.5479140975879673,-0.1946908510877162,1.15799764295082,0.5044237872352801,0.224822022766062,0.6371313670489762,-0.7410420185409857,0.6336384960462675,0.801922922009726,-1.2752279657307366,0.3806970138920572,-0.15861963833681567,-0.6650648673520391,0.5365050164479548,-0.6761335653468431,-0.23517027087686118,-0.1437815650539549,-0.8054581722332494,-0.09581636166197563,-0.1869307416768267,0.4538904910257388,0.00966544810483128,-0.2091507326407508,-0.5045150998204375,-0.06913774750273191,0.08340119030155162,-0.3764709655589956,0.21976316983455693,-0.07718727761224682,-0.5226048766427749,0.8057996484495896,0.30625856072291346,0.8714911367280095,-0.4235431155691705,0.14812134148955972,-0.2091979599571615,0.7278629367883671,-0.38280104591082803,0.09370774119157899,0.4605860928571673,-0.20935725740100045,-0.06804672887494058,0.44763544636476627,-0.3115883377443329,0.032935849379887736,0.09305858683969448,-0.49287060917212794,0.16074159690228218,0.11750924743388033
