0.34314415977938506,-0.4096445805461699,1.8641131378140625,-2.064253145527865,-2.211670117359767,0.7862934228825157,-0.03422402941028685,0.3344421010208125,0.8822478355645536,0.11199742555539521,0.7135634144900616,-1.0033002025129987,-0.12093676507434203,-0.0009648249582704516,-0.47843353310835773,0.323170935998998,-0.79482111811024,0.4431864699234617,0.410574220715944,0.0684773648460234,-0.17460493122999357,-0.6148983334865922,-0.6324671809607321,-0.18061764426345783,0.09954362822944446,0.5755770982188214,0.7127219059790489,0.30535937121965656,0.3801433405090936,0.24824392805877415,0.044843757534657795,0.21385630016128496,0.14822415833741032,-1.7734153544519458,0.37724218751798383,0.053714360479821394,-0.5453751205553855,-0.6973514863687893,-0.018921216249470813,0.06389612677154692,-0.1564262797137641,0.06637914520300993,0.2912668385601006,-0.35915189423764854,0.10000142475721058,0.02576132314067818,0.02176128613269098,1.0031508370203102,-0.01445823057610555,0.30182124851791464,0.7695687572023533,-0.01903663455446326,-0.4614737486224909,0.26678025699191316,-0.2492514925632906,-0.3321638137603686,-0.9421051507554015,0.409177500901024,0.894042680196122,-0.2059442912437118,-0.36536354869730764,-0.16682296904383645,-0.628175824844841,-0.5098920164541577,0.29428768550235307,-0.15269998016170452,0.018168731049798957,0.7820448860829682,-1.0488739457307945,0.4989321538854892,0.0400544072057665,-0.8716699043002563,-0.13557818346018133,-0.36589156316730675,-0.6515430060105665,-0.02209782922654038,0.07290336437779112,-0.13989181215312552,0.5865815031401501,-0.21426041443157154,-0.6850213529383029,-0.356509645293314,-0.43549283120548365,-0.1944327375862818,0.26191554045918514,-0.38707553242945175,-0.7626392969992792,-0.051031015055297134,-0.48591662346580566,1.0045604020644576,0.6456919678222205,0.8727395845558764,0.14035226926276187,0.028371828629885545,-0.7001092874616087,-0.24673741543220842,-0.054250626419092195,-0.009179182038231823,0.5437583163459777,0.09919941626207415
2.5294791928942955,-1.0024801282129572,-0.9767819880603041,0.6896191680187456,0.48719653460694157,0.35621714128148635,1.167362064080725,-0.07478556112771095,0.13526027683540018,0.1968147544846072,0.05446766520371808,-0.08365861841099576,-0.1451170098328143,0.5530153601129574,0.8126025357991014,-0.4261934734136593,-0.6543826852461291,-0.46260379011783104,0.4829046798334736,-0.18357760344026322,-0.4638579725252192,-0.8239116116192411,-0.08566929608913258,0.24093879608737806,-0.3083539321423316,0.06286357107035576,0.6443302230895005,0.13204011377696706,-0.6419718359825749,-0.35189339365978095,-0.03407926286738547,0.8189513878471929,0.3209175185698828,0.1465778722109512,-0.1275722442881166,-0.44439752009479694,0.00018369595100017552,0.3340002502759981,-0.05137577575831157,-0.20470723212555125,0.332701362012881,0.031724013271270925,0.2089847009841073,-0.1424264950891006,0.6885494551448066,0.15937049072958465,-0.04618564310419446,-0.7030533384315567,-0.3082834452637735,0.09227745090906284,-0.8918459869272879,0.2875146234279866,-0.5912133973721071,-0.05067684531601415,1.1277263003371978,0.019684120460392838,0.04081489000684333,0.1100665283309409,-0.20831151149401966,-0.05712412027293062,0.17906640059800905,0.17067643125363985,0.06344048744309758,0.08432018128920092,-0.4759357825531709,-0.07839214116299034,0.042039270999152625,0.14282611280103036,0.24770768069959362,0.1879515376331509,-0.05771532355620722,0.12568406151709877,0.22274462457256403,-0.1719774686057532,-0.33635825256257884,1.1396962009745786,0.052433733826083274,0.026313562357272748,0.42750450811622115,0.4138746785352961,-0.09055328977508353,0.36139445248901164,0.26410151985009755,-0.2033970578549217,-0.16265199946716083,-0.2860869610458418,0.08884493978157895,-0.2869214628872119,-0.3107169077008576,0.13795049830454406,-0.4546533597364275,0.2489716320102464,0.13382596268339902,0.182093381472704,0.1743531576938149,0.6319704010816539,0.5386583625838767,-0.41898156866117325,0.1625547773136864,-0.24491693338846893
0.28421527603173136,-1.361277422213175,-3.9138194707343215,0.24437290237673065,2.60741803029668,-0.0024440651342389117,-0.36006286921761976,0.05288969704488369,-0.2248436531437521,0.8643770592955444,0.4542043153378968,-0.19507167587223137,-0.5935289826865222,-0.8038352104324881,0.07141216585450005,-0.40348608058834784,0.4720515702762718,0.6401839422676089,-0.050206290098764886,-0.19717851602026631,-0.2462610788397254,-0.040904530607681,-0.521840170791626,-0.016196092622183595,0.2727537797091305,-0.15967117446610019,-0.29063861455549117,-0.10243432617218684,0.0026819500182918552,-0.5988646992194386,-0.11946802850388201,0.0645568497866602,0.12777345257785774,0.15920915807179684,0.4473004148806969,0.2570572469764423,-0.03644923768903494,0.6184958453830851,-0.7693926365910023,0.3005650868046599,-0.11685461159091724,-0.4610345390964714,-0.10658699567365565,-0.1363660543975159,0.4480052483316612,-0.9502846337018637,0.3966358555829844,0.40719179264926775,0.380375184019981,0.5308912679200716,0.4263903265677749,0.19135631810192077,-0.4283295495540253,0.13382524297274423,0.2920588701388632,-0.13609174002801358,0.06808406874702837,0.1924797584049188,-0.590124486254822,0.1836281550406493,0.01926266076761072,0.7681322593475989,-0.8266922547097268,0.040940972295747405,0.013059803822847786,-0.10803296348503655,0.7107359318057938,-0.9317205580038919,0.12430361587692634,0.17515154472065558,0.07465875998184456,0.11878878924926245,-0.4995302783328185,-0.10310023043754434,0.2741785055532923,-0.07600592111266442,0.13889912974267823,-0.31442851445812386,-0.09049485485184143,0.06482945289889197,0.16614598633916258,-0.35111684544357896,0.053999166419036855,0.26517267406304035,0.9618669980152554,-0.20244473274815405,-0.9558963123973964,0.2132119569170342,-0.263291522704905,0.754181971526274,-0.10517906947444104,0.24957742172220446,0.3711229743700714,-0.2695783397583535,-0.14707906367337645,-0.209489880643163,-0.12861791779281187,-0.1479673875348959,0.018534801787234215,-0.06971334755204338
-0.8229337481818738,-3.422557629248895,-0.5827000067641365,2.918321188860811,-3.333032834202049,0.10634842875572287,-0.18091373445382977,-0.33005877040873527,-0.34878957030804647,0.4430784717602274,0.07474349565142437,0.6908314155115383,0.2346281999155119,-0.2650471168058789,0.03865773704566951,0.15549337332439964,-0.8851932149701094,0.15156208746029318,0.20069050973636676,-0.0345809067054216,-0.02360570415304474,0.9092731714481033,-0.7467550418142591,-0.7414499010648937,-0.29575414412342066,0.6388304880958973,-0.3202727581861885,-0.22260424482501281,-0.5844144360360968,0.013709016721698034,0.19581734920939617,-0.3284761122842328,0.43123698373148667,0.25295461830088134,-0.5795522454019486,-0.4994902956260863,0.5329709026003633,-0.3261974043963146,0.13869824131046446,-0.2338854345246295,-0.13256871519304086,0.0744292044243889,-0.05680889419831861,-0.1757306585708287,-0.5349483507398854,0.36288259119777533,0.101923428479404,0.18308143499397458,-1.0415077827244368,-0.392312818987911,0.11616904509232598,0.25454459901759585,-0.472173416787543,-0.1961825207404267,0.03383071138567201,-0.09279618323058118,-0.044540658954085884,0.17327084287373487,-0.19086264391694974,-0.2224718357305774,0.3654853733208557,-0.2630296376549236,0.00707944650342567,0.6774435725767903,-0.602862626517038,0.1923480138406711,-0.13635115742057216,-0.10933933919926975,-0.13443563397058803,-0.10756377054299975,-0.1853725664763969,-0.5935672147232359,0.06598741199451852,-0.4172170535003442,-0.18924104804909714,0.10804059776895847,0.47531164104382745,0.23570021059431412,0.2640964066850634,-0.7700356391683338,0.19384722195184367,1.0068251521398053,0.220932006064321,-0.2472538947175031,0.21373661069312141,0.38803343684769015,-0.40425369577256814,0.38231417317675653,-0.6035820239475038,-0.20098953058789995,-0.48698621893602045,0.8363823211061293,0.4366528353499097,0.7151974190992731,-0.22544621238146437,0.28986150159652374,-0.6791576317460041,-0.014566635631568176,1.1357943920193923,-0.2974739033908604
0.3755777518807785,-4.025985285609991,-0.10982571467459817,-2.377136200930662,-0.0639350883835425,0.6679638523535277,-0.2503182758669665,-0.8280128167512522,0.45564799421446234,-0.1033156002314273,0.03534646759796253,-0.8097876023105248,-0.696999887094214,0.6546301982270407,-0.8254726100323637,0.7246184123161649,-0.26355209826403775,-0.1540135109245262,-0.2686334157846806,-0.45804666799941035,0.477647858711871,-0.23149341969071,0.7346899344775722,0.05280834093411571,0.3830006016134901,0.09333544511424172,0.05770503573815073,0.38102442317384455,0.5889294721425171,0.002852194432285736,-0.06092310858079673,0.07757616965812547,-0.37451472963994986,0.4520383763016274,0.14666011157552053,0.10939000602648004,-0.16315083523308993,0.6365758411170793,-0.02533557887367309,0.14118031818467264,0.344984570014098,-0.10101453820903324,-0.437436140234947,0.0958384889891941,-0.9963309637206983,0.6540844395209708,0.7636284176133067,-0.2736465790596268,0.3086664396534459,-0.0738441275320369,-0.02873633318214479,0.13899237048751065,0.07043795639497333,0.6527557413075505,0.4368795425956853,-0.37567068433829737,0.01865017423627138,-0.13850247881755365,-0.22068981091346143,0.1789760357100138,-0.5334340923578279,-0.42511273498771773,-0.39339462640714207,-0.07863041102737219,0.06293649541085468,-0.36725885871907027,-0.05550809986122142,0.2691038779819502,1.0895992665592509,0.163590528983474,-0.5208218662175312,0.03240811438054349,0.16449506568146954,0.4077103850041158,-0.9014184529759433,0.037776192794579666,0.06965104620880082,-0.3669376354584768,-0.11072232482384911,-0.07633521730766947,0.3918488935720193,-0.3073092972312675,-0.2261560338596426,-0.09330124849241474,-0.8030765050391554,-0.2642183745258817,0.2660358618121392,0.011647993800208438,-0.1380396356966344,-0.051535227432499345,-0.03905194329168934,-0.18254853074299882,-0.6674687724314615,0.5957564823752705,0.623415085499288,0.3189989888446967,0.08669986961381398,-0.4367653245526017,0.17808087937438616,-0.8011745993089517
5.05108657952378,-0.1730274974208185,-0.1691892580067103,-0.3943598701342463,-0.8295005063589542,-0.4952039551606741,-0.014314939948149074,-0.31068204380257586,0.21755739804266028,-0.7828476486447686,-0.007095748798443305,0.7297582484311637,-0.21351051710162036,0.398220260732629,-1.205106065820807,-0.11094608715508704,-0.20348520962961628,-0.4198852500376765,0.04786150530126548,-0.8792066779570658,-0.20252270694773825,-0.9296931930235918,0.1667520028164995,0.37038764595057544,0.2152775625443845,0.028560626290855682,0.22288666564879844,0.28252433129121723,-0.16863044681154468,-0.3071616363033308,-0.20541546802508828,0.7589929715117003,0.04167052324258979,-0.25809789471902916,0.039754651601844423,-0.3886543004079178,0.11829763418104221,0.08848916641682077,-0.18524762155624705,0.1893599190695165,-0.35602878905052027,-0.6283674915143391,-0.30729397009473164,-0.06421612661802548,-0.7047680093342685,0.13164143298439898,0.4454695964724059,-0.04289417986471327,-0.014084077156532471,0.5279390826892276,-0.3985767895285758,-0.2141236404259777,0.5442610810742943,0.6177771507652974,-0.42345876275524724,-0.3119511886688972,-0.013429158509508403,-0.41685590597434796,-0.5856065792541951,-0.5980644280714561,1.1491137217051235,0.2550493284270204,-0.5337216987366156,0.03598803591587499,-0.9241259958770139,0.4954734400003452,-0.14104771494643795,0.31106456071513877,0.8043545576951889,-0.08375399840481276,-0.21812121942024917,0.038720734420970515,0.027912152888965962,0.05913279458757115,-0.48924471420047155,1.1090450959428562,0.40547083148929003,0.6151871794118596,-0.02836867522226613,-0.4190203200752425,-0.18587887881477147,0.00795807117110109,0.24005240032442643,0.05602216157386489,-0.07254760383584262,0.312226544067643,0.07657706373980612,0.04381817846539082,0.44297999283931033,-0.5522098964061072,-0.11181055692122285,-0.14465787978043418,-0.006919634572587466,-0.481867377126621,-1.069061795089848,-0.356758040797858,-0.1419401021274361,0.3104176995150911,-0.06170870370650407,0.2709397465051321
-3.6347526251352233,-1.0260461268530154,-0.5869185030421298,3.047210698050757,0.062318336291812826,0.02171865576655132,-0.4339874224038806,0.026655144144989432,-0.46538334743617554,0.06344142352235535,-0.10194560694325165,-0.24900388571486864,-0.3501021095077906,-0.234617186051263,0.35984792875537197,-0.8138105998095807,-0.7559105560139878,-0.46368685781126245,-0.4558007214252127,-0.077890280364511,-0.6210656634702247,-0.3848953991089972,-0.5051961151822778,-0.5068986500365329,-0.043945342151618376,-0.3665672370208456,0.07881589986997542,0.4628611628348457,0.2646633917601811,-0.36195008997192485,-0.5239700454849067,0.12587943660434975,-0.061800169339269746,-0.47584045852732676,-1.0543223675968525,-0.30623881253338436,0.008259879355555513,-0.22323626009054506,0.08384159884387934,-0.4006680317222763,0.14965375333921452,0.4042864822611971,0.08759512458403068,0.03234232087786931,-1.065066946080189,0.2244876475606288,0.35600044860842794,0.021331782001715777,0.502128166376087,-0.5608805987188014,0.24910204274757644,0.049538364430689624,-0.11102555636245967,-0.08406449276853069,0.08485122802587598,0.5574315897385456,-0.4868638554402719,0.17366325998346652,-0.4322649528622787,0.24968319368762665,-0.07237642245673956,-0.08469756331266023,-0.25565909062739295,-0.14238686578517576,0.11256013000114798,0.324276792235909,-0.6645181915320355,-0.10618405098219871,-0.26132788061879353,-0.19733434895869806,0.1572643800976653,0.05012169193369575,-0.9979834059097167,-0.29904592143515435,0.06892365322020072,-0.9897617695921048,-0.913544816238774,0.4548711072411238,0.0234199902525861,-0.19793863913926188,0.6557907616157831,0.14500270984771463,-0.47265626653105963,-0.7189707088813381,-0.11889797130453036,-0.9154561531088498,0.11465890290604666,0.01749686728338475,-0.2641626989279979,-0.00017998686211760182,-0.6086881314762035,0.17746947218113657,0.01564838195647228,0.007033779754515444,0.3907037880484848,-0.26747547462323396,0.6619946665525668,0.1008749224459277,-0.6644328578810572,0.5522734998321475
1.169188933692675,0.06277811426209451,0.4690869931305079,2.1394516434782163,-0.8065444010830952,0.5032775597416181,0.5772027262292206,0.23316377618463704,0.5192918345500357,-0.40138552282167345,-0.8354814095315163,0.35454538278771897,0.4619725101080461,0.12645898577165426,-0.16108657002596968,0.2387494171259885,-0.34684054642336465,-0.1779067106837084,0.8304365641550248,0.18961319664199922,0.008199273827881716,-0.6989067246569031,0.6824158291432172,0.2079415915145407,-0.30652337000214963,-0.03029247481075751,0.057371472450127955,-0.2254638271325093,-0.4564448355638601,-0.608370127429654,-0.10432306529751638,-0.21208798066756954,-0.42018537796039385,-0.001488942925254211,-0.17764946081093694,-0.04689747768138209,-0.25413587054782216,-0.8069164964794209,-0.05294065063639695,0.2369530980730269,0.4530326888646807,-0.5404136258312959,-0.4180662660593777,0.15936389688506408,0.20700102153787878,0.2814553854629149,-1.4143455147109338,0.46797300294367566,0.14940122792355806,-0.5293470216162532,-0.20416674035829205,0.05966699641365173,-0.9565010321138997,0.203680161247123,-0.7220873997813888,0.49321537428671725,-0.020664185409001803,-0.3610132475932797,-0.25749258467195674,-0.6668308125370837,0.6797913266216304,0.36127252368457585,1.1568925002294763,0.010360154633000248,0.04658205995240293,0.2112795381615221,-0.701212061260343,0.04971657319639824,0.05002283429940318,-0.6378529077297711,-1.193927839802867,-0.414900523086432,0.09742956219105062,-0.2282588995513534,-0.5682279060892688,-0.17614953944819686,0.9930899718115888,-0.4046455119741629,-0.00790611612760654,0.2669539942434018,-0.5888729484480064,0.5832799935689716,0.0762561979107542,0.04433238026341185,-0.4507754288510084,-0.7958505562289878,0.820241867020308,-0.510312347749575,-0.3867547304666403,0.1105162852885785,0.1524125857864318,-0.5267585249967714,-0.23909845180897496,0.06300707862237445,-0.42362005897903565,0.9270150436363068,0.74279409052928,0.11807540167066426,0.12514250670161256,-0.0355174834610701
5.6845208337844015,0.6128274777234914,2.289826677238959,0.6282108346658319,-0.8643427342444785,0.19735995618950758,0.17280250025479973,-0.8271137599149271,-0.8970377965926009,-0.09961508852273933,0.17187230601010794,0.4767756224662492,0.6773732797536035,-0.02858686862673187,0.1904053384775666,0.42578222786709985,-0.6999134673512855,-0.17031617339249885,-0.05738016894316108,-0.15380272538506587,0.6908664102226337,-0.526266494363559,-0.12207865708991662,0.2310042104165862,-0.3829975374772837,0.4538889914489311,-0.030491318072132716,-0.5406231096377363,0.052116485325646875,-0.051884970440283874,0.2912190851693831,-0.6930564160027503,0.5494056334748989,-0.3743860795567329,0.18562498693191784,-0.510481012382436,0.8052514197076839,0.17816748773407154,-0.06515311668551485,-0.38139108069007976,0.3992430893163801,0.23735552512667005,-0.07065122376178107,-0.26682952993266884,-0.6449598920635885,-0.5830903082969372,0.5624302229449987,0.35751983772242796,0.2766009225027625,0.6904143728603483,-0.10206026322259827,0.2780368097096074,0.18567538895798252,-0.40056858692171826,-0.09303153121815845,-0.1434087904212234,0.07153269301265036,0.14335148579746274,0.9900062743023617,-0.6252911837643167,-0.5815079394546754,0.5194682779498131,-0.0846741869653371,0.11511625083811726,-0.04312788916799817,0.3021540113638905,0.10057951609237144,0.5493801208133624,-0.24789094960300057,-0.6160255956753427,0.5511297151120387,0.2926789695489589,0.20095808522365322,0.17890719942185457,0.8214006434163192,0.5134604419411938,-0.7851233795893456,0.7425551131939621,-0.5101225417878841,0.3888631954094428,0.11040812169360509,0.3187372703436224,-0.5862265742019768,-0.03419802884681079,0.1560227441023618,0.8677240127073446,-0.13154024831255967,0.44698656726166136,0.24003554537075159,-0.6881681201750861,0.41127396488678813,-0.7128019356811831,0.19161465007046716,0.21931796575406373,-0.11253896281352545,0.06464659060435508,0.0850050488350179,-0.33718191665941766,0.846439894631869,0.5920709165652128
-0.5813583956482932,-0.29757410653434013,3.576825280582717,1.4943387879903633,3.790090563771256,0.4022544208439921,-0.06957275367884093,-0.4575837621859468,0.29637498864508693,0.7399739905971592,0.4128870460443705,0.009884820792730325,-0.041725462529792895,-0.1518470103917891,0.7196201110561268,-0.10349224804213392,-0.25595713659770014,-0.6664764539795534,-0.4878362744651071,0.1661525300526726,-0.5187256205720827,0.6534502561745743,-0.48870309115142546,-0.5135416644410791,-0.8123643278844874,0.49544506703216407,0.7616497762395121,-0.4257275805361097,-0.06956004170810588,-0.7207490990302566,0.023657455416615368,0.8175206620483759,-0.2874374637523345,-0.18386571654959089,0.22429149721279784,0.586230126654676,0.25419748121631636,-0.33889562653096417,-0.4361565123946188,-0.0778315768004549,0.4043395700134695,-0.8509459016960174,0.07167165349190653,0.02407039723207641,-0.7375401013807864,0.10370661707971564,-0.4152937793231168,0.046642895226792803,0.10353627507356533,-0.33877526911542566,-0.7430379293677812,-0.2223344480534302,-0.6647041133961601,-0.5536381999775988,-0.2506845060316907,0.3319371212820488,-1.0129496169096557,-0.818574457355276,-0.19294576144782105,-0.16222054621640963,-0.021592049945358145,-0.5337177584035513,-0.035336395807862776,-0.5839496803236015,-0.4954646888431827,-0.5643615885911092,0.35525721300278934,-0.0739383449774339,0.15381438931562239,-0.24707685232072663,-0.07027900441620256,0.7038016708598067,-0.23709996912741332,-0.056187958065460876,0.1818838246279252,0.6150931493328862,0.0757903081598669,0.7187701773449062,0.0662337183670537,-0.2785901996573313,0.13012169619686767,-0.42335100255445807,-0.15178356526499595,-0.01545492418386238,-0.6448682598175142,-0.05778152572964929,-0.33412040672869714,-0.4118816078551488,-0.41632751393372147,0.6487426642659,0.5540540246601859,-0.28567735961401847,-0.19787654063385302,0.5040512313489719,1.0094908521929158,-0.7330789154379562,0.772656595656224,-0.32706693193008096,0.12955469825493826,0.0691693778785384
-0.9763089752676132,1.0012870885056586,-0.6152535709131968,-0.5136037735098196,2.9713268202494145,-0.44433449007533266,0.5423008007305089,-0.3464917380788384,0.08072583992305152,-0.19844681178651588,-1.172766889358279,-0.07637697630841916,-0.3251389253946614,-0.22039079769462802,-0.6556279468792457,0.22350046049615047,-0.23817728558997522,0.3660283410214264,-0.01986108053151831,-0.28196086331991715,0.4587628411109632,-0.22774568093054853,-0.22695930699815356,0.03013702560872803,-0.2721327733588987,-0.46499470111621355,0.8081702780817088,0.289122498430608,-0.25154391621328437,-0.09838550405314973,0.6185137234339064,-0.14632310378321503,0.038941127709884,0.7087728814894291,0.5353289738125654,0.1865035189853629,-0.17342922791551788,0.1418792077897522,0.0009337152465677099,-0.1315886499446732,0.4793013327608988,0.3907624282278393,-0.17507379154669028,-0.20912023361094745,0.2690758082739961,0.06371671511002212,0.00913016723894208,-0.2225784968327691,0.9765472865847673,0.2653265538302045,0.14793734624752683,-0.7118588238151302,-1.1484300239900602,0.2480439364748304,-0.6538225916720805,-0.12140487431869693,-0.5795880107760195,-0.059197187218190804,0.08446095940775168,-0.05742042454773468,-0.029952548418076878,0.16849295799723596,-0.37048627203902834,0.36847763154217694,-0.1705396878265638,-0.19335917565832855,0.409991949060408,-0.4374857000059553,-0.2362199150472753,0.24506694552201308,-0.3266152523809603,-0.024063429635697468,-0.06078521320590003,0.3719743997996136,0.46196517937650744,-0.3116349786486571,-0.04716457545849858,-0.48900515283044704,0.26448770176858977,-0.31039407488959164,-0.05375016009179451,-0.005871396564900817,-0.21160152864762433,0.36992895959117067,-0.007955788362243754,0.405257493874642,-0.19066146265579983,-0.28431216393367753,0.16452782823191875,-0.30515913409405415,0.7971580823130378,0.08141478172838182,0.41580689533991666,0.24729353722317823,-0.6149734585450721,0.04011119793393773,-0.9161090610961049,0.5750535347634758,-1.0233792947243392,-0.6966988620050533
-2.3790357223117136,-0.6375642825502872,-1.0862569693647364,-0.5510957771795564,2.366944389731745,-0.20071451380018845,-0.35373774990573803,-0.14184511475213066,0.014228711015894164,0.15553342227163583,0.18948117647234486,0.022436903031777394,0.2720589063621446,0.24142038349857156,0.1382315868510342,0.3373879961334823,0.5110342450747591,-0.635621397628325,-0.5574843355713892,-0.6304770697388072,-0.4599719099600757,-0.18744646684517452,0.5068587340231366,-0.47980878404371924,0.6074577013719121,0.29365303678952276,-0.38368505621616844,0.2525845481442016,0.46496717003448057,0.08221050176004494,0.7484119608445924,0.47784994335140957,-0.9202122492351814,-0.14661281071697477,0.31277019770250597,0.4418636723613756,0.0015014077912858432,0.16672822069202828,0.05075210989173828,-0.38753727089451023,-0.08191678472186685,-0.10887449913987858,-0.21673887291319424,-0.22689883371300304,-0.4494568548349338,-0.3536119916703439,0.43488757919963184,-0.07936585763102873,0.47440933957710757,-0.5716433768469712,-0.7602531891511465,-0.40619513858055306,0.01339697821991451,-0.007565444230749516,-0.5244862116652937,0.5263161906229056,0.4488224642572911,0.43069937853916823,-0.0787839048336079,-0.2936889407069004,0.9503564591426775,-0.3149419396379515,0.762688568877928,-0.47922116068561693,0.7028332198402002,-0.2609362548232653,-0.28830169308581227,0.44849868353541283,-0.09318026141682753,0.9624717374327747,0.25613086951119357,0.6717360836507849,0.1798654273985024,-0.2709833637979716,-0.0387945329014642,0.23700093953657456,-0.15034882821019172,0.161419029346547,0.7713575448650974,0.2402622409813501,0.14434917040647643,-0.03972661877193268,0.06564013991604793,0.24683078470889733,-0.0679725143790131,-0.11435403447403723,-0.1187458156333543,-0.6359338231531392,0.27236967695356284,0.34358155042561,0.07490791908961364,-0.001089945127681482,-0.5943347575184645,-0.0988976978338708,0.32834896368882416,0.16319608031975574,-0.4150230833895693,-0.5264255831315182,-0.46949883436088713,0.38637295737772875
-2.8879303437227164,1.024593344399321,-1.3118895984124612,-2.8397370842887675,3.253301567563531,-0.7035130903501374,-0.693404038758834,-0.002566090562770484,0.6025826701771919,0.27223564973805126,-0.5161750862699163,0.018105756275396824,-0.13443395816346587,0.08042525749062038,0.1327220773411115,-0.40867367282503764,0.26140810400135106,-0.02342594624328627,0.4535552474215865,-0.5497184024731635,-0.6719287057204574,-0.3607133064419951,0.19112092293472294,-0.17945741589972258,0.03216505659286234,-0.28159446930384396,-0.33953562186408726,0.525234318773561,0.3602198120910284,0.49261667027230277,0.5157830763424998,0.19664215996633375,-0.5381633174755843,-0.01644566237249554,-0.6857798482411613,-0.6958177441984666,-0.6500747603198898,0.028985936068798117,-0.21269176476109916,0.0023232126357770324,0.7603885396598882,-0.2152403216812272,-0.009817644234897102,-0.025213419517735952,0.01438779512018745,0.041232041376893895,0.18862494823863613,0.2737350082102785,-0.3010023878541148,0.7462201850000532,0.15499694432381986,-0.10963998300799112,0.6238029117706295,0.9067409956064068,0.6967611196352612,0.31452413053513895,0.24941535904050413,-0.08152312195919192,0.17275488758106702,0.6396458128698754,0.36841253611198316,-0.13238187041316635,-0.11577546161416877,0.08252843911630817,-0.8789040209651205,-0.023591798227415826,0.1238383514784464,0.33188670145578875,0.4693492915289321,0.0645543228357035,0.3458774822323106,-0.16832147718042662,-0.32573143796596643,0.38097388769754464,-0.36716481746564733,0.4277539890193821,0.1481935163907818,-0.1878752210828319,-1.0428365779521747,-0.6356994112269326,-0.1654443923245815,-1.185415835306676,-0.48445649720039324,-0.7577059519203221,0.5897039599181697,-0.08174481090832386,-0.03556903096069582,-0.5965207040703022,-0.2141019554284267,0.4860764066015492,-0.24671243064909695,-0.282772561975696,0.3996028340583784,0.08156610881425137,0.21071740255393198,-0.32590007490405065,-0.11918075885386153,0.17540338723023008,0.48672591897630835,-0.33712314981930125
-3.953048338139742,-1.31939937424089,-0.7286902792058549,0.6966079371206125,0.057039131577481555,0.2425707690702624,0.017651030556379135,0.16174111666618315,-0.9021202999949002,0.24238316797131618,0.19421279429233437,0.23587727868277186,0.020098040177958198,-0.3782018567113174,-0.14509711091465194,0.3673167009277407,0.6816657657303311,-0.1564351290914839,0.13122405138785262,-0.3688448743091746,-0.5330335778794818,-0.332697630205218,0.006336090048751857,-0.12296416483512179,-0.010334331016377768,0.35396664285599416,0.027973850761075395,-0.3016608419127523,-0.41478539007340487,-0.5981434562484054,0.06710270076759872,0.13656832459706766,0.7407593479919004,0.20287925191254016,0.4549840831730074,-0.1998222622663654,-1.321112667151283,0.10000750516024413,-0.567724170544888,0.893264538351477,0.028963093707675344,0.9225789400246425,0.4529513449312369,0.6360228923262362,0.5814776125218214,-0.2099155304786158,-0.035503625793540335,-0.3994876588281251,-0.38241745671659627,-0.34472609864092785,0.1873145869510822,-0.0028177647268724485,-0.37768078938326743,-0.32429247191801347,-0.7098042599282967,-0.20887215154811434,-0.3404435058164701,0.20045896326699586,-0.7377990436548006,0.25346407846444535,-0.08916291221163034,0.32129377403561754,0.42891557888764625,-0.6226696202979741,-0.6193573991096972,0.20713164310753687,-0.02514897822403101,0.05463184420250632,-0.6924658996764416,-0.11215538576006337,0.13340177681903423,0.20596002539708655,0.06210884448753645,-0.6109112298155165,-0.29934582660251896,-0.6793017852957566,0.24903349353344828,-1.0324827905466858,0.24057437989012176,0.2737955610993981,-0.12188795124449822,-0.30412233994815313,0.4463303840367617,0.1027463552138903,0.4267981465013558,0.071997902519079,-0.48075027323844277,-0.08052020341972736,0.15656048431215072,0.6954361289122243,0.31211521644198537,0.19162241883703726,-0.057663489360410165,0.022926586140882495,0.23252090841794384,0.3404611501788391,0.036202761408417036,-0.8832167721021513,-0.2244587217298196,0.9304269751236064
-3.5493231299030192,3.196050225037323,-3.0661133310592237,4.171328637274583,1.43309838834479,0.550420790635023,0.960147777990881,-0.5107028788057354,-0.7804039408652901,-0.6651157581163412,0.024596798280005466,-0.05734689540022706,-0.5035975098032985,-0.3005529097728029,0.4621099336612608,0.20156703936467357,0.08112036180206389,0.13568510181461493,0.08257337620458138,0.08908487098708052,-0.03291744471743273,-0.3486323119411469,0.5930676565417735,-0.8042603578270543,0.7603108743801377,0.0019544301128510168,0.13015534316781616,0.23373040666647696,-0.04046868369033188,0.0815192002919413,0.24333093808110126,0.9881568095035914,0.1886562773729068,-0.5839915579113978,-0.17794514282410748,-0.7611616068059712,0.5350084122638645,-0.7940169175785037,0.39256922711510556,-0.6073558688823589,-0.5137502540178256,0.4372136697127233,-0.04768619186752129,0.17691465482884278,-0.5903996175608173,-0.4918478422889371,-0.7505849041338924,0.7254895400289654,-0.5336243328356344,0.1779134617004098,0.1642064928215389,0.16810679018812857,-0.3455975192568212,1.123984681964816,0.35737579217849486,0.2761922383224144,-0.5937190046364046,-0.022739597205865606,-0.5211330529990543,0.0959452999129151,0.3731232956176358,0.5306570513310875,0.4730782532268767,0.3120627185154802,0.5267747790355594,-0.16752665344979947,0.30636330907544795,-0.5788767431330314,-0.20631250845493507,0.8056756366266322,0.3135206143939089,0.10536440928918894,-0.03858958176369811,0.008468884339281994,0.02420644965654276,-0.2154678207040623,0.36065509915597704,0.5252773984761152,0.1487011944151368,0.08993365965596328,-0.25744568272220175,-0.27688542819333606,0.2976187097140919,-0.07483866504358402,-0.4510247185921532,0.03546927929419832,0.22833982774602382,-0.0043797426297739195,-0.31147520596564837,-1.3470349752161206,-0.2123488973312715,0.22254615174199813,-0.797418562538571,-0.20846606871128914,-0.3362029463772891,0.166328222754395,0.13795870590020287,0.5535945156925866,-0.5501139592576311,0.31386574937531253
2.9382427887899776,2.149836414583034,-0.6186380362549558,2.5790597138011035,-1.7056019248754593,0.7331538282325846,-0.2832329463373224,-0.6384760442770673,-0.7839544896256067,-0.04065030425765042,-0.6337410314412657,-0.5887840646696313,0.2817283842239479,0.32701424079807195,0.039287197235400965,-0.76979444985576,0.75836344516319,0.07389747500144954,-0.21550086368886248,-1.109233076898635,0.34906325581796177,-0.45579465519499074,-0.027527916378115976,-0.2248681229129133,0.0027530274469230037,0.42046510414204125,-0.7380054217279629,0.7785238902727113,-0.4620433390079491,0.5834266400128889,-0.6094385882105589,0.7425691315088288,-0.37632246022644267,0.057781733268584747,0.15223978624012266,0.9245898720554809,-0.128223986716733,-0.149430236664691,0.1925431398471377,-0.48710919961485444,0.8426125212833038,-0.32810183523629743,0.2835018608249589,0.1183697248319168,-0.6826354841626711,0.08118009428477659,0.9300222537933917,0.10906977840303142,0.005745352758952478,-0.15199827899220897,0.12471289695599101,-0.21311532847389297,0.4593016394144873,-0.013735806303891093,-0.4599659074279734,-0.6191678364784198,-1.2849788106641378,-0.2982332135815038,-0.058722373005707755,-0.20495409683777882,0.6584312184708799,0.5737271586836903,-0.2298699535903071,-0.493209104259484,0.15578983579702238,-0.009595564124227251,-0.23375814138155687,-0.3486561856435673,0.13010327922951523,0.7202914550457931,0.43411068854671775,-0.10071683421691406,0.39338945832949446,-0.5352689719954272,0.05822236040091994,0.5949505691226565,-0.04437933700873935,0.15489612650060983,0.1695900472673972,-0.5204175496786623,0.1509372049064085,-0.4022868913823384,0.8124215551036862,-0.37286989719363434,0.2772001947497482,0.524229742277559,-0.352582616156422,-0.12136782230739303,0.02630082403993818,0.07531903601390935,-0.1765202613166503,-0.08598190627121297,-0.06978203149928883,-0.3174777196717854,-1.2391175653685085,-0.6734375185388863,-0.11895158312820918,0.9714600988782934,-0.14685242345866745,-0.008805792445296475
-1.6692092150744187,-1.5018200130588726,-2.841915675202228,2.5882293641263483,-0.5683152688260131,-0.046134884412332,-0.15408980728114297,-0.3324597050785421,-0.1275979656089316,0.6116055254863695,0.0567303009736499,-0.24078811320208277,0.6218795772370043,0.04646712351015318,-0.3750849578054401,-0.11975327058394912,0.40561411903314487,0.08552125965723179,0.47340194347339826,-0.20740052955555735,-0.23684270543642993,0.24250824662267953,-0.8423030051575873,0.8695154967765528,-0.0034480676054386367,0.31470573458268786,1.4619125565949815,0.40628955683765205,0.43347524715971797,0.045565795298262886,0.5350061152370554,-0.10968148551796573,-0.27198150619394745,0.07560362903795785,0.2982584142920999,-0.0643764461495875,0.3558441296608666,0.32766924255738855,0.09427011680032503,-0.20003305815856617,-0.041303691898039833,-1.0848942537141661,-0.01718374599282475,0.013148806640283317,-0.38116682813023844,-0.6335235882730903,0.30139782630737083,-0.3414409217605708,-0.13541702359481794,-0.24900503996368456,0.4597216496757961,-0.38789932526689774,-0.10219706732936173,-0.1815582927401888,-0.4153679728100357,1.0564453261697817,-0.28162003467592633,-0.44056844442088966,0.14094249133844738,-0.0699951839761817,0.2933111273593378,0.17164772814526819,0.1395142241889546,0.12129643616065913,0.2765666588405802,-0.030810768018406928,0.29617410722311505,0.538897547792816,-0.5960369529416778,0.5884454045177102,0.6476354880857621,-0.2940961177144137,-0.44598866842643253,0.287530367522367,-0.012100383788727206,0.1390936994101449,-0.3566837481331181,-0.3746872157461199,0.1229335833112613,0.7947967832597694,-0.4232743864602352,0.6322285512998336,-0.11813877450265671,-0.23710432160318948,0.7508770429810117,-0.015283475369969941,-0.11820941525519257,0.31170599469905247,0.34379789613660783,0.2340864707833763,0.27596135259969323,-0.5545349717927394,-0.42459357138431786,0.4636467343560438,-0.92457642355875,0.4612930223800824,0.07689500697582323,0.46041901346407355,0.5594477716363757,-0.20739485717869532
-0.16054613415718083,-1.2552727009910907,-3.3551447157918126,-0.5464143265886356,1.758837548056242,0.2894743394996931,-0.2529294661672517,-0.2531836342852902,-0.655489290466033,-0.17654051963270626,0.13987630231663364,-0.03240426822107229,-0.17312312189509796,0.21156839723628365,0.40195666686227594,-0.21816289083992646,-0.4260091514313125,-0.6638206935670553,-0.6033333119958317,-0.12198045724813801,0.14296744527750577,0.5442827368731097,0.21832290331383264,0.6279976083112289,0.17111733650794003,-0.4347526331374986,0.5030279077064334,0.3847841900152422,0.40647427028122535,0.21622516240296494,0.25541475529692764,-0.4455417342317816,-0.2854748769764977,-0.5336956995686825,0.24762307732080613,0.12440623754094253,0.5863182923421522,-0.18898923536174647,-0.6450718817609207,-0.9760144390195238,0.8660328030343661,0.6572963322041893,0.7992164636682911,0.5819649941707176,-0.35135896610080786,0.21262679653379307,-0.08551432208932014,0.02021154306969689,-0.05644274242345521,-0.2707075142776346,0.8810343528829614,-0.36125869121975585,0.1861044508876442,-0.012057258016112071,0.32220042997681775,-0.38073029000375175,-0.13464791580890645,0.3520093090409555,0.07558895041248384,0.1340628674137374,0.5800585152525778,-0.2907194290418288,-0.5893012931583222,0.8752545638999376,-0.25583586729421315,0.04056658389097611,0.08025973749372481,-0.8009155498888809,0.8167532476311716,-0.07161828477134842,0.0030349743634555666,-0.6327316587558999,0.08038993241184297,0.8375781207343452,0.6596038642030451,0.12444525451357324,0.5876212537235038,0.4368238753960269,0.7145461465876443,0.07914407016197603,0.3593792271150217,0.5321593025744142,0.5611380165409174,-0.22539368692916464,0.2076525776877493,0.5157854314360909,-0.9320494387151276,-0.021468384213463983,-0.3584720466321463,0.8851874273894862,-0.6316714148622926,0.1775392135438168,0.3440571477377233,0.04423936669006152,0.9586116311516987,0.03913059417309023,0.21926781153108008,0.5254958211017909,-0.06916038088177007,-0.6776166302680762
0.5383292824402743,-0.11947045617065011,1.8647446566088421,1.007031685242107,-1.8463824859428895,-0.149748282291811,0.26216128779620146,-0.5006264408417348,-0.04217057029359633,-0.06255910725952256,0.1301174270064502,-0.044732047551079186,-0.6799917228312613,0.6698095254697893,-0.00194996145327429,0.12512890595155077,-0.22657992849561126,0.03661315813394196,0.5055255616416826,-0.31386509255471695,-0.14035922373729026,-0.026892909910396934,0.05627405984768843,-0.12058643223646687,0.6134726322651368,-0.8606344095225449,-1.0853026622833406,-1.0078849580956948,-0.6861691290590239,0.9058225440891889,-0.10135706522486079,1.0464931146309873,0.6308832479266266,-0.8170226971050069,0.08081916115644906,0.07410958013507463,-1.4367630263823858,-0.2246298381080491,-0.48751600929621136,0.08286635861423391,-0.39045947372605666,-0.37352391705137133,0.5053047580744602,-0.5546916998228216,0.32137948650754095,-0.3983566070419175,0.09884649159595416,0.6081817495473796,0.264128520548738,-0.6689327160839194,0.3799000620092789,0.2351367224555424,-0.07557488592317245,-0.09143751093348598,0.3799802250716352,0.09726325146419089,0.44368360981568705,0.9376767622768285,-0.0037039816462334937,-0.4510549040085449,-0.363135372269681,-0.07914801410469932,0.05956644755162271,-0.4902951890338867,-0.11870520492221069,0.08386555683155685,0.5650421501019677,-0.10743281045587462,-0.046487611165309216,0.04383063449644622,0.2848961230165567,0.7008145551951606,-0.5997394720157603,-0.4251868936393052,-0.9326683283980145,-0.2712112526683468,-1.0311589597565898,-0.14712959269305392,-0.025105055845185756,0.1031705323133787,-0.10679150533472061,0.45900199298457883,0.8865676494413811,-0.46321274224757664,-1.0540967311203282,-0.5761131433596981,-0.4393693723156445,-0.20041445480761513,-0.325786086993809,-0.26843684864019884,-0.5213620857350963,-1.1495633458203096,0.18693621022321932,-0.3038002704721933,0.4288734467687498,-0.23554315706672047,-0.022317311773823092,-0.15550001848575895,-0.48945668714230317,0.46701106347299276
3.209086005360292,0.6239513731334714,-0.7048094150273,2.0340062356471003,0.14949537017729297,0.54566994240351,0.8012018224964021,0.6705184071472434,0.27619641856780597,0.4372773059932143,0.4899463594054885,-0.7252927262163232,0.6587197988162409,0.6619994317276543,-0.6843397952494749,0.32987155362345777,0.982655066530418,0.15183098555921115,0.16169593975835375,0.27907216001488006,-0.4708945324187027,0.5816733429907985,-0.4369982636665206,0.0684550481836768,0.08544999039754651,-0.11040210429519415,0.19832848638819808,-0.04415969218619596,-0.019732309498443533,-0.9586791445346886,0.2236847715112324,0.6391125384301998,0.04645587767090087,-0.4858147220360745,0.14129802805385788,-0.46501244695714167,-0.2403081451656542,-0.5635450141290639,0.22902758458587594,0.30513813250121613,0.1417390149962265,0.3292496822301585,-0.06729545059107668,-0.5639711822009644,0.025186969383823664,-0.4654365464525089,0.2195571802031553,-0.02842226620143683,-0.3484547585146757,0.1342004223597697,-0.0366467331480802,-0.4228440866132209,0.11473132090395669,-0.5062201406100558,0.5016403026008803,-0.09225556313425423,0.22200351655981554,0.48369559439103815,-0.1427922274376508,-0.6829014175385782,1.4130401322205128,-0.17072903845551649,0.3641065637753579,0.4725165716906904,-0.9485882079452251,-0.49260193786081824,-0.598336599991098,0.28256974634842574,-0.7161991916703682,0.1607688014813106,0.6758194793346695,0.9212661640154604,0.04335998109206323,-0.343837111424699,0.2738845056028242,0.5888449089630078,-0.5066118848527785,0.25177687090283113,-0.8656564919902702,-0.17981018695380516,-0.5201364568189762,0.5326793875596233,0.34206705743552546,-0.6130436596226752,0.051481113697242134,-0.4277292543322253,-0.7958253174775937,-0.7321494206065713,0.28552799310238824,0.3874388660001293,-0.27284827137200124,0.38359210152383666,-0.09197939437425437,-0.7259287829291288,0.34557770281382133,0.8001315035589184,-0.008777245125662147,-0.4034753486632637,-0.3362666466943473,-0.35152329062137727
2.8319295453127737,-1.1748377777887578,-4.533530415035795,-3.0290479925898315,1.1485953298004365,0.055289715745040845,0.2278515124231182,0.47313398655738553,-0.44157151810017653,0.08065839839276918,0.740557270082924,-0.26933779452858975,0.4939814836714626,-0.07032100525375992,0.3581480755510207,0.05147936073313262,0.16720594108854778,-0.00021408239479465155,0.8716048260322329,0.5549594126694531,-0.5947171604457406,-0.13876379137223196,-0.11310898565192995,0.16817951483395638,-0.6197695184834434,0.14659270506329594,0.19083631084569552,0.03156662172976368,0.1435926820926313,-0.48197750072939466,-0.573047859327632,-0.20849175116259375,0.25873116580749006,-0.0529937674519228,0.02672747529598824,-0.2216268876519885,-0.9851939036362917,-0.06671289955361176,-0.2607075892901355,0.0975528043833345,-0.5993101433629597,-0.38671608072411245,0.021825501758590896,0.005374125946391537,-0.18913709306047394,0.21970783286668405,0.10485791089474128,0.014302736875683276,-0.03510031073527489,0.1639212281429959,-0.30237422513651263,0.2541924822780765,-0.7465274186023352,0.027812824832747732,0.547628210664622,-0.8245983096564531,0.6248512908240154,0.2880865624644519,0.10132216190529421,0.2822974429820045,-0.07119191389204381,-0.4218117505092649,-0.09795330862627685,-0.10249416730109834,0.19944710459017848,0.050171501706945516,-0.34877209812872734,-0.32398020743171496,-0.01844899263634033,-0.6215322831271457,0.22121113734608808,-0.19516010321972227,-0.39453848873069597,-0.057582456440967815,-0.010178279864342242,-0.36939003939600584,-0.32982599710588806,0.013231727275166279,0.3557780979724583,-0.07386653727519937,0.2867681394942181,0.2776312034696265,-0.0760088478406035,0.09659366916760721,0.7408484220555556,-0.3830994212047657,0.51253637878653,0.08247241749422893,0.29792415183180165,-0.10757014484207728,-0.028485921489871176,-0.2200950715065229,0.1909729323219541,-0.18172483531930791,0.08036244431513856,0.9310976610471725,0.18957963448420084,0.16385929174498978,0.003851589676220365,-0.2560344316332287
-3.293704944733455,-1.534384007137687,-0.6235954988200424,1.8397426403599504,-1.1187768454308502,-0.09280276353672937,-0.586125607406569,0.09845523272832395,0.3256392236349693,-0.7549726857026751,0.12183351490195954,-0.0699157394225033,0.385077153036907,0.5596063547269285,0.4272764252187525,-0.2727164201801256,0.03835896472579871,0.6309398881336857,-0.4835088021303436,0.33516799805907926,0.0976490894079675,0.7453382698719673,-0.3342325225230149,0.33164056322919416,-0.07437467659804373,-0.3199032479369994,0.05713577358042999,-0.3716572244056652,0.32393078405721776,0.652158993889666,-0.3812092453429759,0.47215397197725645,-0.06090928066194665,0.1417094390724716,0.07492866646780025,0.6471160056438777,-0.08777416985257773,-0.04219109666047093,-0.6873145180712199,-0.3291880677071104,-0.2109154680104166,0.17484516081228574,-0.30387721620752456,-0.4530922157747099,0.42510648372924575,0.41388522138638617,0.36626752075719843,-0.03244580223727044,-0.888044067720537,-0.12817002183132825,0.12206960913278543,0.09759474188844121,0.3474821369320969,-0.6754697424313185,0.8657954267880462,0.29660391842317985,0.053093672809816646,0.09479557543263664,-0.6798506161980782,-0.48522464506086177,0.04323885837715666,0.19757081368456064,0.2883664313287269,-0.7298770912851561,-0.019448520336105148,-0.03316744240827152,0.752063197194122,-0.0014818594836664837,-0.1335496221749676,0.3515683723055245,0.7493823960317841,0.3530862931362987,-1.2626023471359848,-0.31407296057592926,-0.5948540561973885,-0.17172514226983243,-0.004530682626508738,-0.1907194200270851,-1.0199159408538387,-0.2062319306634293,-0.7260766309566395,0.5385890142114186,0.37267376369688826,-0.5515887210642035,-0.44501544511914426,0.4388387125004411,-1.2384282021220223,-0.1839248048734739,0.8052772453973721,-0.275833508479792,0.2220654842281924,0.17272467330622485,-0.17556805149327243,-0.2722337680178359,-0.6387803506867217,0.7840976425517561,-0.10498314584414097,-0.24308547840227687,1.1414134842566497,-0.2663831301028113
-0.08575652135187828,-2.2911252447985917,-0.0890118127365444,0.5558187101516445,-0.9701660391886439,0.6827666892241417,-0.6921505358912489,0.057922372790572565,0.3218580167861162,-1.0277269032846865,0.27910791991928124,-0.19365509584040883,-0.11678773465080754,0.20359174493948548,0.5141233313136622,0.4591877108479217,0.4160304801319937,-0.3417287699951834,0.4970029515844749,0.5496461897375795,-0.6623925066024651,-0.4044250778798718,-0.09050482704581292,0.01953073499360426,0.09239901728396269,0.7738991915270621,-0.12938747830516753,0.29859825833059295,-0.04930920832737924,-0.18432528556393074,-0.46302783724541996,-0.2409206948742341,-0.8323567314801911,0.19238203108329946,-0.49313573441087394,-0.6461987639281167,0.31426528214037036,-0.05264617955965152,-0.37691557032595735,-0.5607859524069575,0.2100645642219455,1.170782216203509,0.31942802459797975,0.8525768329617961,-0.36657195218759103,0.28272162638041404,-0.6798992099691936,-0.24806745879181386,0.17349783894372048,-0.049815084652377765,-0.29005617035405534,0.7367958174710427,0.4537999629895573,0.21331895997393163,0.09446322318531022,0.23537526016193253,0.4156095856655104,-0.31468311732712734,0.0852793041753712,0.43203264139527997,-0.19457161924083552,0.18405303917337068,0.3024654754081972,0.3714927129840874,0.3954897535173194,-0.3830081394379081,0.07182785111417342,-0.4685358235672764,-0.10717899693876563,-0.2918091900368601,-0.34612861610095974,-0.009452665039241694,0.2007834093946325,0.2589648162044808,0.43989823217568086,-0.1844308357077834,-0.7880384415230888,-0.8649862649894003,0.41237209330105296,-0.49327249147605173,-0.1557680537805914,0.23785458833147727,0.13569678844045527,0.20552968695242993,-0.12922478234208667,-0.4519025856616368,-0.47705695649853147,-0.3098773593555642,0.022775801372727514,-0.34644505471472703,0.4814345860598145,-0.4010165304029017,0.3307108440546205,-0.2888431539890881,0.35245444678754795,-0.17289553194050333,-0.2827025421999618,-0.17223693024112802,-0.275270232267956,0.34470191950869467
0.2693094891964218,-4.803623328068937,1.5018930924499307,0.7914034747966221,4.076735678062106,-0.07760658619539997,0.5048097580000271,0.6740374141946449,-0.455465258204419,0.4181314057433147,0.6731405624627917,-0.14360404883692232,-0.5222325486334517,0.8995206060586279,0.5497369378061461,-0.2654726611102871,-0.1365005229277494,0.04063881985296435,0.21907391549087538,0.2956075065033879,0.3638122045895912,0.25066099417630305,0.6589376610866442,-0.28752147795491617,0.14893838770794696,-0.13532588363300335,-0.06313213625195087,-0.030843416446045865,-0.027675083351749265,-0.4968193077781441,0.4488892878710098,0.34870371046450843,-0.4967376414302011,0.10522472779631722,-0.5084429002171525,-0.27191316788614767,1.197450470530003,-1.1579507375260436,-0.3929302006183782,-0.14578660833194523,0.2878296298247973,-0.19682570557872744,0.8371319077350307,0.38353434305889245,-0.07349099127547738,0.3432327551917913,0.6962254792592859,-0.040935181285398574,0.09562913972082163,0.17644174365522766,0.017216289979993388,-0.6766128413959704,-0.03640878344227003,-0.7378998746212817,-0.011927031116658712,-0.7611257967345685,-0.07449409295933102,-0.242450498200101,0.29198419493545036,-0.3151881524415406,-0.5890893802108635,-0.1437129800501214,0.41022952653903805,-0.9643058124762418,-1.0143384420503774,-0.2097717264872859,0.8936213162656649,0.29788818912637727,-0.40788957269843856,-0.05904530054899962,0.37332458600745444,0.2183242517229395,-0.017761590233121564,0.07492302181358335,0.7033280326207993,-0.5044487173091845,-0.14595042231136984,0.33365368368818865,0.2629302750695085,0.2814008890046751,-0.344717585340682,-0.10594393434046509,-0.2060386735390955,-0.25256914712497913,0.26787178312144033,-0.3135062929458306,0.7619965167246762,-0.448095346106647,0.2200255942892331,0.06413224319205464,0.24546915103764488,0.3686221321721525,-0.9036484076159494,0.31227402604056564,0.33293529169706504,0.3908511657416089,0.6122828071611875,0.08580840557015433,-0.30221935541484773,0.294601471106669
3.236641583990219,-3.465149922598143,0.908481984904986,1.8428145969863499,-1.82184765418428,-0.19947628046576427,-0.0547897117673753,-0.4276997547913231,0.07736479139812245,-0.00877175824849259,0.2184026689932665,-0.1933422483253498,0.09224837642262058,-0.1461992666607936,-0.8534071878230443,0.7108593563333245,0.6330001918763013,-0.49745217466251074,-0.27773984536920965,-0.3687166930423194,0.3582809559191931,0.1337910117431998,0.4057198272243229,0.4766033314221996,-0.6201514574411808,0.3365331348635773,0.22482982277717287,1.0803673805429364,0.34922445994062695,0.18806111992541388,-0.13356016358185313,1.1085160769204059,0.11495934421111169,0.06632986109736654,0.319635199893143,0.2946708273569062,0.0019364521012241109,-0.37311160763900525,0.12399497298750473,-0.06354053052507401,0.6898673126398411,0.056400110873088466,0.12502869479295384,-0.3502077433462285,-0.06219388175134256,-0.30883450001722557,-0.641657797903866,-0.5122803391210735,-0.0077924631514727505,-0.2584757066061915,-0.7832143957364713,0.39958463723393756,-0.10548109988286171,-0.13623536701870537,-0.5503932148411355,-0.4062233427402807,0.6895564562617027,-0.3313305928869095,-0.6707950913783026,-0.03603468626079129,0.2559953383907146,-0.7563352939499637,-0.2519949825976034,0.9825001573451656,0.07084032123003829,-0.5863648346644554,-0.49082403367981847,0.5472512915486742,1.1666813795761355,-0.44834502296144546,0.12680162919606203,-0.0002932718948559011,-0.0007924922139097509,-0.5198717631739523,0.19115376227103495,-0.0739285011267639,0.306491655808294,-0.30356617472551517,-0.30085730303575065,-0.014788788982473863,0.15564502007638528,-0.6178965760487438,-0.8943331436772974,-0.05803941108214664,-0.6048948970224397,0.02451461430614737,0.10191770447021647,-0.3087816000277941,-0.4685002973574706,-0.694396182191163,0.3357889877591309,0.16321640855442393,-0.5111532590144493,-0.5181218186677684,0.2605011609719441,0.7362184704657646,-0.17638263282708805,0.22183900548516017,-0.798454500926436,0.4161280474693083
-1.556953108309185,2.7502036302664052,0.6233585996240114,-0.6972725512521639,-2.570746187846037,-0.2862827788663157,-0.35398775627581464,0.28868436801622577,-0.17966370644953247,0.001739932837471351,0.09704524856736198,0.6062596692262391,-0.5860012970752411,-0.1260984708813969,-0.6069940725099431,0.1406109761378116,-0.07261787836157024,0.36447622656289186,-0.3951067426620637,-0.920246234978133,0.44766463006159674,0.545019622815406,-0.22207224672197082,0.2493490079171912,-0.09846693177339527,0.28489686730520836,-0.35961537097957524,0.09661851938831019,0.24395043843863365,-0.25299376190000655,0.04106500518616464,-0.028463384265046375,-0.57589799397648,-0.5197042699421045,0.28196672740597645,0.22231786329576658,-0.19521670189564613,-0.3328212751301668,-0.33132639135625674,-0.02723222414363418,0.35767302372254867,0.3923321267303628,-0.24572636931364614,0.14275133178444202,0.15255935057621803,0.3263226929603654,0.65683532908552,0.05814233335519512,0.35651669549651327,0.1473550800106861,-0.3248007397936939,0.39316101716889906,-0.045317914929458754,-0.3938001325375567,0.1636883515683346,-0.14797960533840862,0.45371544460110486,0.7574949392696039,0.6944374848570974,-0.046731279929747335,-0.04836513517930459,-0.5628676758112219,0.35950314551870854,-0.5637903761295439,0.40908431054025207,-1.1842883126887889,0.5323009751377425,-0.23667055729855563,0.028516286417400404,-0.07837823838796303,0.4617105601928833,0.395303864100653,0.00782508565016087,0.3118138632300205,0.35018933194929275,-0.4612040325436163,-0.2277906722919958,0.2463383434290336,-0.002653154559565248,0.19580578183909111,0.07317423924788657,0.33939436553145086,-0.2140783265144111,-0.3310090773127289,0.08199418205368998,0.5061771439309053,-0.7752133012711051,-0.39299197118167156,0.052200273238424355,0.31454672261092925,-0.2806265202572242,-0.8366732116793189,0.4422516170309587,-0.3713444014074173,-0.10866753905855621,0.5412949797414472,0.11074697852371661,-0.23467098963152982,0.3316957494864903,0.018571075305201128
0.03186494393483666,-0.25698588166656755,1.7954039873751177,-2.3076714243407483,-1.2014402174538028,-0.24319294766892666,-0.3016675386350796,-0.13049663438764522,-0.819549305097263,0.6598620987560347,-1.1785663147863656,-0.3292062936575866,-0.1300613886787278,0.6760871357129201,0.22693487049221842,-0.03957343084528348,-0.3218969941621529,-0.648324007186098,0.041717814072088605,-0.12829734663130068,-0.395292505231484,0.459268096749615,-0.2470181977205369,0.10386199798117299,-0.6722982299248629,0.0019010453571936326,-0.0692288778268038,0.012090457298409497,0.9354956178390825,0.08524477708781812,-0.09195020224048563,0.39718345164854985,-0.15665942945743222,0.3949286233380936,-0.07177863868318861,-0.537927690535472,0.2225948628835889,1.3614695934480407,0.7071765067509066,0.11086029508151825,0.32752695228731254,-0.16001179758687958,-0.47392902365819006,-0.1257707178072765,-0.24121480152745625,0.54139507163481,0.4652205128541225,0.07846964808418118,-0.2920745006476499,-0.7219846613172056,-0.3820374999888229,0.26481436756410703,-0.013323279181250428,0.36596215447018465,-0.22045628809747816,-0.029994960258109715,-0.05531920237498287,-0.5049681296692567,0.046564097896957576,-0.5184783709526047,0.23951184156957828,-0.1423365122833136,0.4032368177573217,-0.16407223070545068,0.06132711115187575,0.05685362792118456,-0.0024342361466366644,-0.36706155791396183,-0.47935791974462855,-0.9066550552600684,-0.5384754163923021,0.4874676671302711,-0.10401952979352556,-0.11015508693123947,0.3435133205458565,-0.7415579442743291,0.36173425478368687,1.2494385549825815,-0.5197507525069712,0.47295622723310016,-0.553503938854201,0.4104147956631825,0.5499105955709028,0.19362214381706072,0.2059038734336107,-0.5319972707170836,0.12199079768412469,-0.1917523446136726,0.7354992874835138,0.08142454665737815,-0.024763469797123,0.0716511902490043,-0.06512656030762122,0.40682922981546993,0.7929799603740979,0.1247066485335774,-0.23994567522312363,0.15834270967673383,-0.11821493029347084,-0.5498185111221877
4.9944452030425595,0.04801837706898518,-0.05511730390680275,1.7926205447019443,-1.4262368000027856,0.35687010912696526,-0.47092359396205213,-0.29128287263180463,-0.010329992518954124,-0.3700887776748326,-0.10385919204892825,-0.19551504733726127,0.4631752382080353,0.30627057198023044,0.40076125462026374,0.3665619118327411,-0.0014061353079447877,0.6857643178686881,0.24793275846632065,-0.5024382631984657,0.3698737303209326,-0.5946955827333029,-0.41463429683903147,0.30190309036396235,0.020147707854984796,0.040878212718678884,-0.07166798195297222,-0.003043879581888452,-0.2707398461201924,0.2861181980512068,0.18703504921568373,-0.24982901896189344,-0.6183381700375633,-0.7320767572422221,-0.05573613362495119,-0.1208226960428972,0.06988954604165827,-0.22739540527800722,0.4730990255693774,0.5927415600491984,0.2764090635705875,0.24226458152535113,0.11703786132895802,-0.05105486754132785,0.5169469897024241,0.3261500178886095,0.6868056270596077,0.9554610420078666,0.3778147814482639,0.07237729874311119,-0.3306939131198438,0.12508950763198784,-0.3021064010392838,0.32245569106804167,0.261763044901645,0.2352497873905615,0.254747470384038,0.8519739193064477,-0.07546409644629795,-0.22189722781489277,0.8688986188434804,-0.14210991005701212,0.10067640625876663,0.33020204616675947,-0.4636119110714077,0.5828907070766884,0.03175657157651064,0.054379419728832236,0.2339607911237894,0.07517514523736625,0.10738374301223301,0.14464641748462342,-0.15731029247885223,-0.3898255270182178,0.03709670479919412,0.003372907415127289,0.14812438675025094,0.6002776898001184,-0.0762337385182132,-0.025358503122159728,0.07468025515557011,-0.10519736434289524,0.017814542876699473,0.32049425081705474,0.42992603516340505,0.044147714055579226,-0.24831724445908177,0.647269834190432,0.1827527061310207,0.19898950687528646,0.10755860377062385,1.04046061306525,0.09430260615031316,-0.7281123961703045,0.0828798801594967,-0.3071881362668349,-0.5838922995886843,0.6587667591754307,0.41625328482991475,0.30322505004214745
-2.1043028157765544,0.8554421909935808,-2.0294489700134495,3.214606783249925,1.2343634667230992,-0.244651063842393,0.5881821031554946,-0.7279188587675818,-1.1379310291813367,0.9965275466427459,-0.08432488467694499,-0.6651660344426826,0.5332447518564337,0.04133548255532477,0.2460826641844265,-0.27584193685809083,0.458359431701568,0.9491576644151631,0.18359016704132122,-0.2577223053859743,0.4790788263483409,-0.0020503827842114864,-0.43990208149484605,-0.2047764626283118,0.05551315434206427,0.9651017894764938,-0.09543877802051526,0.5555283850569868,0.5281228754365943,0.019348285045141342,0.40522118073207763,0.01747619463037674,-0.07775381537267215,0.625231117900551,-0.48125332701604967,-0.2838183209184378,-0.1521816333864554,-0.12414177842564021,-0.8134725636701619,0.2881654484024306,0.4456760038953946,0.2081561699023603,-0.018085333311611086,-0.15870430087082546,-0.6617899193472787,0.8329066066122026,-0.29750173789535467,0.41495214758600396,0.1842558281444069,0.175891207591382,0.14495519199813545,0.7060204288217046,0.4033049791959616,0.11846785097211371,0.03861041247209136,0.07358205330600719,-0.966689652092874,0.06280867715932065,-0.04749970692860761,-0.6885751351074847,-0.10959120742235363,0.43806722242565077,0.5664316258036746,-0.8278486859137789,-0.28934855646957036,0.78265926066452,-0.7263512122101691,-0.34433596424917734,-0.311885154516711,0.06917992110975729,0.013673474101201023,-0.9423513484626003,-0.3200924986347415,1.405838764752632,0.07312866409239525,0.45461355572535905,-0.22240309441445577,0.3329258581007383,-0.6009210708886528,-0.30300386635701326,0.027463397498626314,-0.22879618276387723,0.9582363649200448,0.07218543830719336,-0.407859720901786,0.35991333652971064,0.38662802617573117,0.015012151822346359,0.08704251316299558,-0.10545245338720473,0.36138950333133113,0.9313049943095467,0.015072890731301709,-1.4552659145270321,0.04941575077701547,-0.04183132436291991,-0.7437479099801894,-0.5227816749930635,-1.2257421080696642,0.11691609962521464
-3.5089276670771024,-0.14399264628656638,-0.20586701565259857,0.23005787126323096,0.009004588900876867,-0.2719348754802573,-0.13199553936002825,-0.11411797311078972,-0.7661670903944479,-0.015513886632802168,-0.12177936585764904,-0.1434319785315126,-0.2860585427563597,-0.9866963908008953,0.2759915409896671,-0.2309891462803961,-0.5310167934541914,-0.1126663953937937,-0.5952161510499331,0.2806662671933891,0.18253674439206044,-0.6831850546197605,-0.37763646522095523,0.48784838382711176,0.49932353357392223,0.10278333935345242,-0.3733532012345734,-0.37053908165879634,-0.19192196468539435,-0.41107355933137996,1.0261379703821636,0.9911547893070417,-0.5431767442361906,0.21416885633893598,0.22945674668761265,0.16148502763762315,-0.6595010362635647,-0.14852585636831042,-0.16285466292223655,0.22874455801102345,-0.06298311325751595,-0.387242346037978,0.2758742623090169,0.6088583243784351,-0.6497247908092578,0.3043628594390425,0.008263311976759903,0.08489045537410482,0.9819109383171873,-0.4711966634824631,-0.30198250771319884,0.48804656895564413,0.7043381150551863,-0.4509252719783393,0.09229914380129622,0.16800057685902353,-0.13985396236264394,-0.8047374571413333,-0.12253332335877455,-0.43538203919923113,-0.40684102271679845,0.6276559066667239,-0.8333260576466344,-0.4748681959127857,0.29063267097332973,0.10055597146031788,-0.4991961719950243,-0.7423050838100705,0.8250503583510113,0.18152781056565523,-0.45557996811154056,0.4854308021273797,0.518417252602788,-0.19676264541730032,-0.16224768880236795,-0.5284583678609488,0.7448775544893269,-0.31361899156389167,-0.29607258235245754,0.3470505100658026,0.7790132168431939,0.19142723683229748,0.06395664254978609,-0.08218873519666589,-0.4245102022517827,-0.10798353640381801,-0.6344864114974295,-0.12570200380381252,-0.8718040344250833,-0.6324887498824461,-0.2624691343311594,0.13625743127554563,-0.361303506387363,0.12408499684684053,0.7620368071483249,-0.20611579182950573,0.19282615934755865,0.6763011923230052,-0.3317393620418485,0.7964263685068921
-1.0009135418160746,-0.48564756557223665,-0.8143932142704298,0.7518691979214014,0.14544689421261003,0.04251664304585074,0.13733857405586988,0.46162803780607475,0.10308642005491576,0.1810256164774933,0.1941993005230249,-0.17006356039426773,-0.1897220928937099,-0.41651716473323175,0.02515599245426245,-0.09867334644411192,-0.09605638535939547,-0.5848253492413293,0.06301422660579882,0.7725754859024171,-0.2612065628737546,-0.3336136721179067,0.4979900657163513,0.12273676706839799,0.7084360467564084,0.021802744455664682,-0.31733664430870756,0.492966945341862,-0.40617967158039026,0.06495978723164206,-0.4707243235899871,-0.8910000908414936,-0.2173557083685075,-1.0204049507630994,-0.3851168648217697,-0.8255222635203076,-0.23022025263929854,0.028753364123015733,-0.5734394173252738,-0.6412337904619716,-0.4718767768740206,0.04323806919730232,-0.9299094328144915,-0.22244472525508846,-0.28238718573959004,-0.5445125915427742,0.22847173636575546,-0.8691393708931103,0.021968545925585514,-0.5376153678616672,0.6317082608696445,-0.39658494179465725,0.16044452881616456,-0.4674934373177339,-0.44262915694149896,0.5196270472491892,-0.4882108659881317,0.735767045177927,0.45114447532786245,0.7903159667960128,-0.04561448982606986,0.10610837587448574,-0.38431944232476656,0.9045348156329538,-0.089443936602345,-0.7979725567052209,0.032648469305705384,-0.19841886703430897,0.35076965984699143,-0.11931791345385333,0.05718909182517415,0.19138917833689142,-0.6988893730407256,0.6804276361441526,-0.3259415581363386,0.014326336643151683,-0.17118400115016164,-0.04137253759969387,-0.08658511947538144,1.0675180443015955,0.5436726936730664,-0.41302159780553,-0.040138937801178255,0.3755661862636069,-0.1752443232479102,0.06588802111527103,-0.280600554690771,-0.2334886917799327,0.013035039277106157,0.20342971909723273,0.35406323077159274,0.6209528036286436,-0.1990694323343414,0.5667299447722893,-0.2771057919051111,-0.5549062036663863,0.15520550911082606,0.11948056920823304,0.5409365352506788,0.6828159019456848
-1.296633000735898,3.4564622380389145,1.523577705192678,-2.8195730860894135,0.7352095713172374,0.29329815815203725,-0.4361894600135355,0.17682316962871344,0.16335163194280702,-0.1367931048454759,-0.9645951044710063,-0.45766412932382144,-0.4791846250635443,-0.38054312589330336,-0.6953303125931567,-0.2767384387864119,-0.20165560358057405,0.5150690685138765,-0.38266813514206843,-0.7263741593749209,-0.8817196049358684,-0.34864478507773405,0.10560585705776919,-0.48921917266791864,0.06639286398161207,0.01823242256652458,-0.36416052429670526,0.09397735399535674,-0.7800363831919127,-0.2035456986768155,-0.3218636518921726,0.3774335247300469,0.4717292454355383,-0.28245130372063815,0.030332343062302744,0.9623732287300791,-0.33337353269306647,0.15848209281074746,-0.72122460759261,0.13736947668965233,0.6298670428797534,-0.38367503546561543,-0.0521698453661989,-0.06757612425170872,0.34935005186237816,-0.3498366156827582,-0.4939126876571885,-0.4191528703351953,0.5565045365318235,0.8849640120941845,0.40162605852967775,0.6188894015307137,0.5232651707959934,0.3395522022404541,0.6910225345983269,0.78278859603411,0.3255434534039173,0.7508242754966729,0.09538248800356838,-0.19615734320652134,-0.08385648756156247,-0.9721922855793308,-0.5153930685479254,0.35071625559897585,0.6324378558408739,0.7279619771628297,0.7888567322059274,0.17884337679660775,0.559624492349353,0.7987255836486182,0.09471346914987024,0.40189933513479337,0.1149176527414738,0.561646514832952,-0.3929198948788838,-0.3783106265953918,0.3232160701948718,-0.33828756585052244,0.4291973539386806,0.17289179733465704,-0.29513740403660244,-0.3732719543664721,-0.23805752121100177,0.6131555816415202,0.808070063053038,0.4161863584202775,-0.1361667087832382,-0.04339873920910799,-0.19869992269315753,-0.8471529631441395,-6.264268298988238e-05,0.8546670267371954,-0.5075733312651889,-0.03162850600070231,-0.27743668253615494,0.1952449894454157,0.37215872991234705,-0.17292497551652522,0.0033643057916812494,0.05676857410021508
1.9309279076760406,-1.2940901232409723,-1.7380400568417942,-1.582393466079875,1.2863959673590337,0.03728065881501698,0.5838636312347348,0.9235475832671776,-0.4427160375349215,0.16397475100104655,-0.389899488570302,-0.3455051035844641,-0.401800750385124,0.8171353437946728,0.6271591812466646,-0.008851161764842611,0.05295098985236564,-0.3832096326927011,0.36639402087984935,-0.12588234447742092,0.6376528312217967,-0.10961450394152011,-0.6194869086970493,-0.12889728729476213,0.08204371556674342,0.09991484617599072,-0.05435807434041977,-0.11172819709946487,-0.039800035113228965,0.3139293192977676,-0.5416550932611262,-0.3039341627599025,0.26067508381107435,-0.4301032175713673,-0.19349606465199884,0.03553997011938007,-0.8956387443279525,-0.660019632109225,0.6216393162880467,0.04834851304806346,0.8779253095653997,0.3447358062688149,-0.019500930990916245,-0.11034407792356968,0.23659935324685205,-0.1093989278522262,0.2808069284065949,-0.20745227200675306,0.10545381669171305,0.6752259787296614,-0.40224496615166844,-0.1386631070984002,-0.07222736178630178,0.0190162456229855,0.25867117546823676,-0.32841263491100586,-0.35825241950164316,0.0579858498901355,0.27296768403629607,0.07210899337285404,0.34141684577148035,-0.26205758221763303,0.37066998700287107,-0.6648732633260855,0.27572960527049595,0.30692468237066034,0.3041739184720288,0.05829872529158115,0.275115092734051,0.1460306717193938,0.06214481042933516,0.3677646112079592,-0.559921671744581,0.14249120649414693,-0.19045596937080161,-0.14697081181019964,-0.34962967074957046,0.1659904435937339,0.33636588921197524,0.2879683896177198,0.3999958337417075,0.2892760952152754,0.6461998128318004,-0.07010596438786425,0.48227927374396606,-0.14318426561377587,-0.00089146884105685,-0.37278128038615505,0.1210415109028317,0.06847494346886554,0.1477557518179896,0.10781646146880956,0.04893390247191853,0.010488517877090485,0.021557221192554425,-0.25840544566855184,-0.31967082999186697,-0.6345736022169449,0.24803208115745212,0.7328771721110199
1.6660602274803757,-0.21280845300512913,-0.36097791098440585,2.137016732136626,-0.7248191174974719,-0.21150874300589856,-0.30497401951567693,-0.6792574387009025,-0.5538133728039958,0.008785081181415562,0.07067330852783564,-0.5060141754702776,0.08629755461148764,0.22052424056658265,0.13915981209507058,-0.20367182783407226,0.1620755083812531,-0.02930108571923134,-0.2051111684389699,0.27176270901370825,-0.0259733350654478,-0.1111305634676655,0.16781019943563033,0.334130205174617,0.1961689064227026,-0.19288752184058156,0.07249045993882185,0.030905679734979766,0.0394152515652158,-0.08724418417254828,0.4104321781682406,0.2075786750224071,0.07111319292598907,0.47140697495034933,0.25979914419773553,0.08061496733796637,0.06648170481118221,-0.6868011694312931,0.45317374223865126,-0.28602171678604343,0.6558266171610951,0.34394687890703435,-0.4930974693352791,0.34784157588466513,0.13659320210070405,-0.061480390733345346,0.08113310092729765,-0.30513663007466696,0.07967222258689721,0.31986595516601896,0.5199906361764333,0.3702629347158629,0.5196298203706797,-0.7046706533761485,0.037087435065743996,-0.17011015868042081,-0.15688917996182333,0.36750656464087056,-0.3322850917338265,-0.12234882882902906,0.08865659275426277,-0.1734527191905894,-0.28666097819154696,-0.23439186310394758,-0.5593806671143323,-1.3068050746572815,-1.2930011692909078,-0.08231723534828404,-0.2317703256524264,-0.43631610169632673,0.3044734697707839,-0.2906256764362277,-0.30561677167850865,0.6485154744690798,0.029100870005556084,0.6092570448180443,-0.016640754246997163,0.32075480233636566,-0.29151692317505495,0.19538852867908071,1.078304702996567,-0.19820441709923803,1.010715196357131,-0.22104891563731618,0.5502852996697932,0.6630263915630917,-0.3136687833364142,-0.38681298545237147,0.42392379957340626,0.19261131890689057,-0.722964107092479,-0.6575542101120548,-0.10903244390229958,-0.012699524854128163,0.09331945230588425,-0.02009265760532854,-0.4080834924294197,-0.03089059170348766,0.1290150780062164,-0.32007554019448153
0.3984118709360676,0.2654835666126834,0.6443992457339187,1.3024508576940808,0.9633189468430825,-0.541633437703679,0.08071757794218884,-0.056210314329731455,0.4326350990720261,-0.8839887221323014,0.01006202328224723,0.5727227123247118,0.13155116258604896,-0.36504085338245124,0.9664849158877394,0.24056483354110142,0.05219269222003181,-0.15520142123365974,-0.09960112084592336,0.31003243039673056,-0.23645676223675097,-0.27538562263105326,0.3859789784238708,-0.6996267176809619,0.19631355192150254,-0.09345947069114208,0.8437944828597714,-1.341389787515299,0.36888743673722657,-0.3334267210275919,-0.09282237313417156,0.45438944812140075,1.0876621314122865,0.23505439454574284,-0.2675829520487671,0.40999503871611725,0.6274642555895775,-0.48207691379078127,0.11507204616470404,0.46992854390535793,-0.7019951462567104,0.9039642399809535,-0.20898661631882834,-0.18158303163624018,0.6164672827779982,-1.0333240193863058,0.5919282427275591,0.5245216776267563,0.5170719926230799,-0.3074677787824132,0.2704703853502437,0.330002884236077,0.16192873294425414,0.22242527256594402,-0.16217206974778353,-0.7086898060742026,0.24114646554842448,0.023183898940114796,-0.10382103557836123,-0.9454211818892568,-0.07260870665180609,0.371135478796407,-0.4539611608553627,0.5790112298266529,-0.24013763943446886,0.1566169555192591,-0.07829136823155557,0.19087652067743904,0.09604379648908155,0.7245076106254419,-0.4329249363783501,-0.39875205277783526,-0.4419348137461703,-0.14630937463054774,0.30753954706051606,-0.12965106176742072,0.39748730467679705,-0.5753288486908792,0.2812916361916194,0.3207479482141254,0.25019289034842185,0.25395208763163446,0.09016720308477981,-0.5788224772242797,0.5613057505966174,0.020641055151929405,0.177727783810381,-0.1357990913471109,-0.0669264770109097,-0.117969460344799,0.02081090469105779,-0.1052408515100887,-0.658537720357401,0.6617158079799156,-0.6118603774665253,-0.6941545395586087,0.621291530913044,-0.5603937149030961,0.5745392532051818,0.8562734529371926
-0.26909209158729547,3.78862487889495,-1.3791166691950238,-3.74079830409456,-7.175079922889401,0.4986958011051319,0.579532280570561,-0.004012268203740671,-0.18426335176672065,0.37141192973691706,0.004572336106564617,-0.292843162840469,0.08342609567826398,0.044406693130112515,-0.06099776289460372,-0.3801269410317617,0.4060840957437635,0.27851935131470207,-0.06174932892878089,-0.16302007607657343,-0.2957717954543791,-0.020737676017955377,-0.20305724380781864,0.08759376126900867,-0.11648639575448043,-0.007558636770490841,-0.32711360760560054,0.5739399100421587,0.6959806209094102,0.7587620556232523,0.19364278024349726,0.029688381128326852,-0.3854506357733232,-0.14985653880573688,-0.44454948741461886,-0.05816479742439704,0.7259585753668181,-0.4744701847703097,-0.4197000587235334,1.1292668584295202,0.1030183157060909,-0.6004186362941645,-0.054972379168824984,0.6553092097496466,-0.09008945368456071,0.5649410284075138,0.8100004866122694,-0.28966253256781155,-0.27881025242111107,0.25125621354205985,-0.2305289563216902,0.36501722690036636,-0.4292464211639913,-0.21090701851909036,-0.38406489359299995,0.5848314886844564,0.07658638260906844,-0.14474592772854084,0.4812238443692487,-0.18646466299527895,0.0009823633261249606,0.791217647912761,-0.4364205458461386,0.22919051763853604,-0.7632331819907777,0.9041670539420361,-0.5664322542866765,0.2979484595082053,0.1019773900388429,0.40694571817719416,-0.5181478085296016,-0.3398612067848733,-0.06576468380265024,0.3320059524511026,0.24881681865182756,0.670153630086744,-0.11864124835011632,-0.06410790318487665,0.27940830306318093,-0.10778116711063686,0.2401506375325403,-0.11465191910107202,-0.38412932788690707,-0.4453649784029722,0.46088225466106075,0.8506398213656281,0.7259397953639034,-0.4326768110348036,-0.10376596959094132,-0.24505742203589098,0.7335656315717244,-0.04840391337951252,0.20158198140356323,-0.0749206485262635,0.3548543107241538,0.6328483380180573,-0.3204133182155971,-0.02822649880392817,0.24343419814970202,0.33524448465613643
1.0960653363522743,1.3338814080317518,-2.1397696176404537,-3.5918586009869777,3.235724947685921,0.3917639520293337,-0.607447832621341,-0.23851841036473617,-0.5214050901352384,0.17701119763049417,0.2526211553932495,0.46787266202420447,0.5705373483207732,-0.5393180678809187,0.20126997081748707,0.2651321617504991,0.04173803652576131,-0.4666164008801236,-0.04791090199012798,-0.09120860080449776,1.1121522305008906,0.49190527528259176,-0.467026195277057,0.17717719269978952,0.5798704441738336,-0.2901383006457011,-0.5502715159762998,-0.1675818967540572,0.22724700656316302,-1.1337392022985713,-0.18280377413456286,-0.45836569015890133,0.7996224107004734,0.5163980740676689,0.4041280227971317,-0.014054016288234075,0.03220492846920049,0.4258690020302465,0.1046942030727045,-1.058088624388395,-0.47427228084081485,-0.5068378580006434,0.08930380370860015,0.3862303895992147,0.1455020971060191,-0.1320089988237589,-0.23677548280679253,-0.6045361274296239,0.2800138387343909,-0.05772328385110243,-0.04817072897722142,-0.05569026242079214,0.28192030322577083,-0.2002336769609788,0.280263443974846,0.24547736970907807,0.0880237537443978,-0.5531758649653415,-0.2285901256438082,-0.4184454602891178,0.5193320689545975,0.05075570240801146,0.33421804699007723,0.7269854408924101,-0.6581524553866209,-0.31779441089469485,0.01987898260503016,0.11284745836601646,0.15716489581483303,-0.9525996120738015,-0.5396930093295157,-0.11880046750071395,0.13046364906101957,0.6229323660857821,0.42967467748163946,0.1397364348732923,-0.4167022144980382,-0.19939459083785896,0.6481246687097688,0.007254554707675578,-0.22091113261790102,0.2762077786383981,0.14545073715682894,-0.6799030615734607,-0.5831643675303725,0.01839503901926067,0.9130455316131697,0.24585138145575888,-0.004200182935692532,-0.6282591159423871,-0.09406926138582986,-0.3495698409597869,0.1991302769419455,-0.5038597516262848,0.27338558324950574,-0.11563809382663204,-0.1766775283933099,-0.49986760739682384,-0.6906333206703715,0.21409930425013496
2.7848016106171105,1.3182349911112659,-1.0848663043338405,-4.158109262139972,-0.71726384017972,0.05312571121009201,-0.15336793131693613,-0.011844771821370236,0.028666990380376674,-0.7100493498552611,1.1408241128889416,-0.4674302811492627,-0.10433456176381989,0.5690638107981033,1.2408573645107894,0.41815081620619343,0.6149814993322387,-0.47790339513865365,-0.37481177963876905,-0.29874048171269535,-0.2601086869682521,-0.22594525769438695,-1.03243043313086,-0.20872363690647064,-0.7447251637439467,0.5196854172156584,0.17769990016125997,0.44936846738028524,-0.2678679155930337,0.4873928916632619,-0.44292937343207195,-0.22929601728147184,-0.19768382723100356,-0.27535579199127747,0.9826197634636988,-0.018895546558110286,-0.3848209475870449,-0.18462442133428061,-0.5618211505353315,0.03200061385046128,-0.11663840156333019,0.5295016600130275,-1.0390972838369659,0.3763707576597514,0.15671373606817002,0.3717390444182204,0.016038200355655268,-0.3887440566568227,-0.533258402066699,0.46941973472160803,-1.1117808643014602,-0.7287183120818757,-0.2649563186427935,0.22284329901826724,-0.36564193086476576,0.5502604612970279,0.17076174930203997,-0.037698956367888156,-0.5882022436176152,0.11065917561867032,-0.6203632754591535,-0.4920694310465361,-0.4772383283459452,0.5998142307743145,0.22056539215050538,-0.14748057621070987,-1.021199003937693,0.37241226944665085,0.43874499197173117,0.34295392619122766,0.7124433581840972,0.6374219644915158,-0.7268066638962193,-0.11086465753810557,-0.009882420410511914,-1.0299210975211517,-0.4677198065718645,-0.05952001787655189,0.2855690257680612,-0.3066436819350675,0.8298086133419589,-0.4374788162231272,0.039234311927503526,0.7125104888994163,-0.12295581052467672,-0.21296448778101176,0.1187655748280034,0.22193365252992386,0.4156074247052563,1.0077959495968998,-1.1407871197741657,0.2715482885316421,-0.24041240176715487,0.17397845380449523,-0.5969167341089617,-0.4475434079357499,-0.4951901801542735,0.2448358817089029,0.6089430423631722,0.0842787416303152
-2.707051422571805,0.4943999805110464,0.9415466436803466,-5.93773531481258,-2.7083943251122404,0.282141861911149,0.3954438365742079,-0.4301130287479429,0.35282205205187767,-0.17160957919549705,-0.501442506215451,0.11360734548542795,0.18516535575201132,0.09449387741769846,-0.08078158364389637,0.04536907842903049,0.2506827050294418,-0.2527772319223069,0.5546929917474412,-0.2646151089463483,-0.45821046474619603,-0.017872660225207348,0.16230113188374237,0.4757419089831076,0.03555739009185051,-0.4930537225666383,0.017746516203379834,-0.22032051833407465,0.07647668594888998,-0.11258992752852524,-0.14734468047410182,-0.03309750093392391,-0.22665242218230813,0.09794125450653551,-0.6911926056563973,0.12268384514506775,0.09897605746141239,-0.5752702281289787,-0.11008570074997157,-0.19938124967332133,0.05870912604320047,0.3177430596835579,-0.7654122804960408,-0.18827124857357477,-0.03546864724198556,0.3885974332312898,-0.1911777632298528,0.28641314180786304,-0.016071035702667304,-0.3744250883404398,0.41465446824031044,0.03284613497434307,0.5341222968872178,-0.2179128537682412,-0.22222789708276142,-0.1262130453956282,0.004523890728262448,0.20118288650016827,-0.09746312519969677,-0.49771156206804507,0.2637478530636629,-0.5787941253401868,-0.49888135871859557,0.17940798420593393,-0.5246980879259712,0.8980069887656813,-0.6997014076070014,-0.06074136066775622,0.25922060388571105,-0.49195173874691295,-0.899994727871291,-0.5490019879258334,-0.529243191505572,-0.24926119035697772,-0.20774735997338603,0.8337541633496297,-0.4084416845292204,1.0517607502657844,-0.3393993514003679,0.08276441156151775,0.513959621165552,0.11964088443463736,-0.49339394635663425,0.3511829255292726,0.04663311412645206,0.606799172915531,0.1501959254424592,0.5870618056251063,-0.25590997057815146,-0.1894182811661952,0.059167408099247226,-0.6010841029608769,0.40513407233815096,-0.38359075540623666,-0.24399792489173888,-0.2504057012988287,0.6443307087241453,-0.14336861808789583,0.3669340014655084,-0.41661479305106186
-0.4142150834294044,-2.9637830975127426,0.33286858757419197,0.3334582797387798,-1.9706882665470757,0.3515629444791944,0.36760798856015053,-0.40556957865163024,-0.4615832247125056,0.6756740918581511,0.569342271649176,0.16840201757174325,0.5750885425674829,0.6343504986772602,-0.2613537929103467,-0.09803203259637175,-1.078073211819312,0.44359481155168307,0.33110667159981333,-0.6821547922260872,-0.4926821190006282,0.27483404644365106,0.022968438166419775,-0.3866165483259491,0.12568599295328978,0.06691883755329762,-1.4281630686455906,0.17804637795960962,-0.3079970175625369,0.040622258304237935,-0.44498299095775556,0.349820460782476,0.5570807081842062,-0.4197013088815112,0.18863204232572947,-0.2404749205739529,0.22829083910453055,0.2817126705205931,-0.17462064751265152,0.17367218001627216,-0.7021862353549495,0.17610933538523826,0.6298009969642575,-0.12687171319419774,-0.41551751059649916,-0.4073560890605222,0.3251315314225293,-0.15276407845344117,0.8032738362537046,0.010332060610927367,-0.13537289380922435,1.2077155131263766,-0.7660976134134239,-0.9086583775117419,0.4183741632211168,-0.2641752527679338,0.24159839125254423,-1.0353930987278133,0.4131968314181258,-0.09923611512704791,0.461627005327611,0.14846740347626947,0.059232901004140075,-0.37976292234227227,-0.22853069896360914,0.34156107031594574,0.4894450470545748,-0.6440951147291142,0.4556384256688805,1.2024682448472988,-0.09726094428602745,-1.2295933980574376,0.08025448151222553,1.1491615280205993,-0.4158173988862021,0.13605816611401844,-0.47456995527731927,0.251341660951062,-0.08260213419894548,-0.09806478235925695,0.08567869879634919,0.7114436054910696,-0.4651342715982473,-0.505007149900736,0.46738267476131623,0.08709028309618085,0.6552746440489384,-0.4182233326549675,0.2965480734051639,-0.1837121608518104,-0.024046874270560608,0.5002157506939365,-0.6842117138085885,-0.08246313567765035,0.29708701920611524,-0.027863825479247966,-0.1586383738987592,-0.3291938246674664,0.17486370077048347,0.12792496705749848
-0.4094090482092162,-1.4265585306829882,1.058776067869217,3.942485370567457,1.5078847258343597,-0.43678555997778146,-0.6155413769572234,-0.16745681600030635,-0.3695940807168492,-0.825156864079116,0.506830263603381,0.2779759632606669,-0.20893382692963022,0.17593513798866203,-0.0978526414478075,-0.025085959994232847,0.26413582513185635,0.3270649298376195,-0.2468224926116953,-0.7657616447841266,-0.5297336084070821,0.49652139283602775,-0.1324325968357041,-0.2695097736118134,-0.2345031108281561,0.08274260188718663,0.5178074508211843,1.177458102756461,-0.4370257807158391,-0.10938336300760046,-0.11425053958305995,-0.27923271087521306,0.052403778936605604,-0.06922198451784177,0.15257975085908634,0.0110143317341041,-0.8184897057935294,-0.22549769272863132,-0.18721387357389477,-0.06209655400412762,0.1217813787660074,0.06353128045129876,-0.3910961461548114,0.08249510036738708,0.33854710833486307,-0.13330257732511538,-0.21168356366133975,-0.19047211816529283,-0.09581435107374141,-0.7078317352468245,-0.7057905327720022,-0.1986290022835461,-0.010220373134177467,-0.4157718688638527,0.17501405764109537,0.6871021972216138,-0.05233840459611591,0.43688937789754784,-0.5303496139525318,-0.8259892041730174,0.10461567113209932,0.5165521041467224,-0.5338766617774506,0.14231841779019222,-0.17957729046341964,0.5317228457731156,-0.4453714245141325,-0.13523016169096164,-0.12286773967485749,0.6868974803906858,0.6557087700456802,0.6191413219228938,0.42775848637238456,0.018145863517222426,-0.18568033585380772,-0.39307055451477285,0.5696113445351928,-0.44307225642923415,-0.8986998965817452,-0.37075264357805365,-0.19604644083215356,-0.07386935883301127,-0.553421362904655,-0.5484165598981061,0.4066877805198815,-1.3826012647251031,-0.3744783241893241,-0.6568020707069914,0.5990886532353045,0.35778770681193073,0.30927867328289554,0.3967739477100326,0.188883287016506,0.26658487964564503,0.9170673260874532,-0.6036527484838697,-0.0331295421543729,-0.48141728730615707,0.1377532775086953,-0.08375710839575247
-2.793536896230774,0.12522874734595557,-1.4400740761282167,2.8657123835719385,0.303652441766573,0.031408723079657794,-0.7931262174870114,-0.722756306401451,-0.3138538373481482,0.3311948542409456,0.6212294205707339,0.19718482733548867,0.5885590386094318,-0.32790717519146667,0.20934220485164037,0.01915632047201753,-0.04576230439269869,0.38074831695222716,0.2749033121770324,0.31394251056290645,-0.044773135825868844,-0.25464162669311863,-1.0799341698998073,0.09214837295677086,-0.3358308928262808,-0.7515783246726097,-0.15498229823317772,0.38660689684080046,0.41848467902352854,-0.6091849290052969,-0.45863847188781165,0.7237286032486084,0.46043265543713713,0.19356189523037332,1.4833153625229554,0.9723620119482683,0.24865898966135316,-0.5564053777081501,-0.29870396638728514,-0.05926856262967045,0.24182299813806798,-0.294505639884172,-0.6125621563850713,0.6173114473160433,-0.28515455613403157,-0.1779375639045466,-0.38619521320194755,-0.4374327727704378,-0.8776930541281185,-0.4036418529783083,0.38287930833831074,-0.524231810955321,-0.05304666643344941,0.33110565881843185,-0.2925961857837774,0.5405434301825535,-0.2853172425338052,-0.5811726673897253,0.6125806966077159,0.20586672969949268,0.36807514982510836,0.14413906691113468,0.4882393960507406,-0.17506266249112037,-0.20181081148414998,0.10176212547157781,-0.21809466170554023,-0.440626833003047,0.6644051387765688,0.7213505890940227,-0.5162858326532993,-0.14021619876070565,0.3262963283936959,0.00457711611885499,-0.09003312480058785,0.2915181818446175,-0.3921734567832456,-0.10365505689293533,-0.12668136201459235,0.05296316715136594,0.468292677159529,-0.6719626541155715,-0.17790844805107361,-0.6095965434337773,0.2822910003403348,-0.2942070791892341,-0.06242592805834626,-0.3105454592537648,-0.18142752829425599,0.5003364889153257,-0.029054548403708188,0.4656416421201334,-0.43479454114680216,-0.3492453132363654,-0.31239071691636744,0.2655710353427004,0.5195870261254991,-0.03683223562771588,0.11964647584231672,0.5676109206568252
2.4979326133175612,1.4578905562560844,-3.3702028579390344,-1.5318504291290462,-0.9615657990696036,-0.6617263178203636,0.23170456849233034,-0.02359210519805005,-0.36721252492097783,0.5181350227313782,-1.0238226789655382,0.10915392141978289,-0.06879208118452015,-0.4951288939642499,-0.023081648874387094,0.09586045063922628,0.017532600788798525,-0.015234032911637108,-0.19382390158889992,1.0924907042543468,-0.6704490557152236,-0.7898602403608844,0.7562106331192135,-0.6741797775362294,-0.19885679994917435,0.2728490641553451,-0.0906275641997213,0.3013627022961483,0.42243878949549624,-0.4651618590341474,0.2564382174129155,0.6632760578167557,-0.3602335412626979,-0.27857346166916486,-0.02287189626859846,0.05485307276553969,0.3757664133566335,0.5748528871934805,-0.06156624283366373,-0.06594548021019098,-0.14802365383091892,0.2189849758973249,-0.6770387597014376,0.15215214322458964,-0.5204207842472851,-0.196531705699458,0.9748220467532599,0.1936080050577585,0.47966895535409443,-0.006212420355625669,-0.5932233200843438,0.18639729320059267,0.31097284142708836,-0.5838032225269422,0.3091564331526888,0.05688384329181991,-0.7868662099959313,0.400271174042482,0.04708950448156656,-0.15801088048497675,0.5692050077879933,-0.3087359070447729,-0.4846123143147179,0.13594861234771918,0.646181716697235,0.4652583834567581,0.05483047393312846,0.06584578381417144,-0.12429359917339396,-0.2260337236678068,-0.9707428332666228,-0.032540023335604046,0.5585690309327688,-0.2592398364388246,-0.28223931019445775,0.4589233148904055,0.3009387525174013,-0.5968859230155498,0.08730716501084813,0.19565156337287243,0.06260284184721013,0.0926826868842441,0.7107138035278195,-0.27911560311434763,0.24078084656771945,0.6557342954194637,-0.32446844841934136,0.5076530677625061,0.5817748896463932,-0.39208234235893663,0.19462297825702074,0.1974392685569429,0.3766195916942527,-0.49934801734304624,-0.10782117147697037,-0.20818193837175897,-0.5559477421100996,0.43834821097944104,-0.1211026207736495,0.6176540988912558
1.6660283962301108,-0.7057724374899944,1.5697440862315943,0.4197444198732393,4.168719697755479,-0.3893128525278377,-0.24912905032471763,0.08856293105174337,0.1746170896627313,-0.8395047021493125,0.6131395490765051,0.004164429248110486,0.6582158250853095,-0.7169879299202904,-0.3935661101893189,0.4837154588186464,1.3974594204292834,0.04895338223976426,0.7906879617367656,0.09332814749513992,-0.36736955957377776,-0.020819285528430154,0.0640952651328233,0.332793897009752,0.14374530373061448,-0.1723651013288404,0.25456930446811316,0.03706937260257131,-0.22460582524050035,0.5154323215009764,-0.6788738730701716,0.3153322302144431,0.5956619785876748,-0.18138608427865893,0.2855150498386373,0.45424559126203073,0.31413714804919224,0.3363750520503189,0.5521151360657393,0.6187734703448289,-0.09066618323357195,0.4362404036215434,0.10814008497509739,0.1118468501348412,-0.25880962775915617,0.03273751763047938,-0.5204247943322869,0.1382591324394928,-0.2703242093298222,-0.06647397954447264,-0.10962873434666302,-0.26526090388607726,0.38143221759641993,-0.03071325447021099,0.023542994453079443,-0.12649210547549883,0.872453936306036,-0.19009894422571896,-0.190340405931386,-0.3548441522635105,0.08210355929241366,0.5343788268890378,-0.5489834183367771,-0.05441897818603527,-0.1753039188795915,-0.1707082363933769,-0.2147143963161822,0.28414836522380554,-0.2798327087120802,0.4371252564378127,0.3689983741901462,-0.7813365639104701,-0.8976026878048651,0.27458387462919365,0.20159139199069007,-0.20412996903547026,0.5797800349036091,-0.1470193235888986,-0.127885597600326,0.07351234875810185,0.15029679831662715,0.6205221780453662,0.614885030662278,0.654923472455272,-0.4629089694496242,-0.3230578579291451,0.3315306908361443,-0.12483956172408786,0.5828522608902358,-0.040701442850185676,0.7082050230998315,0.4839712383527357,-0.5638950976375694,0.19021130546876566,-0.5556705169506116,-0.04083275763278733,-0.1049299234532509,0.4882691594646121,-0.3359530952801437,-0.3021174755270902
1.4697983587153003,1.6878602140377144,2.6217009346904923,-0.22822976791222674,1.6068827125628142,-0.4810069765272065,-0.254646372557421,0.15240474005582663,0.48748993021802756,-0.06342227298669116,-0.20655926330567165,0.16454304442933554,-0.6478625225732647,-0.1731752774682187,0.0695119370101132,-0.07064405797947985,0.0618711161518692,-0.14024021815383445,0.34506643211162874,0.7514983604276685,-0.04252753428899765,-0.05436586489647124,-0.8052010509283636,-0.4093321207366999,0.13885456696404053,-0.059659502644892885,0.5542366880346848,0.01346033231437644,-0.24073603617926287,0.16670745100262524,0.2756391227290132,-0.25632278748070336,-0.2855039041351362,0.40633927171666956,0.9354757871146254,0.6507330363546224,-0.06285549484111914,-0.22213215692832242,0.4871696557692111,-0.717018487233759,-0.2873185091841685,-1.3635194577280194,0.2956975073580199,0.6900872260955516,-0.3762876848962689,0.08767843089636389,-0.008522995243104587,-0.15744855608309966,-0.06648924062761064,-0.4037412647403679,-0.3371187713786125,-0.11506801246041261,0.19445115503226618,-0.6773420360922361,-0.46346024998964935,0.3193841680920611,0.05826049856874664,-0.009801134701763997,0.04508339694247253,-0.5440359971610123,-0.27948795918303165,-0.8967750673640758,0.19750509227468646,-0.6384518068236749,-0.7547861751696554,0.14017707831324797,0.4803598608985877,-0.2079258475020194,0.3176646141716656,0.06649330178254051,0.33369562189486246,0.17349989265700616,0.07563588204327618,0.9650221171113145,0.3620391696937951,0.04687297322507902,0.22369914367985727,0.1139695113746623,-0.27262382661904144,-0.07015517542243283,-0.2647429992543859,0.17402549739040307,0.5820546947725066,-0.7025010994931495,-0.3260821047866924,-0.3613782044426529,-0.39788848042408587,-0.37349525846421605,-0.7517859774567529,1.0937028065586307,-0.09033021636126781,0.054902412907373375,0.16346684969435668,-0.06634542020829237,0.0536367309516908,-0.8565711857650516,0.7576249625714955,-0.3176258041803151,-0.7655696207541259,-0.07649452869441419
-2.0848258016183396,-0.0035213448519350043,-2.702149870906528,-1.4483169152908766,-0.7909444725623402,0.18032976759258051,0.10898325080404055,-0.349863025041191,-0.05762721671309294,0.01884579005787149,-0.38169548154495875,0.5098555945215442,-0.6638774146266174,0.020575959331091957,0.35186290143013516,0.42925504293100214,0.9932590503678682,0.07566108399035296,0.40085446121737417,0.4424069035363841,-0.838657445499698,-0.06769741574705622,-0.37915848747417735,-0.5164482159457022,-0.44795132454254444,0.21385665842187582,0.07443801113771019,-0.27930923954200226,-0.4889467859533235,-0.6295175366864633,0.012466778805261028,-0.5744254302563078,-0.4477026163131642,0.5763021660311423,-0.4047412684309401,0.0034106639021015636,0.5571898323565314,0.23768937002090504,-0.2406308441815258,-0.42941808972812967,-0.2716535452302832,0.7136381954652874,-0.12141679941135047,-0.8484549106814991,0.006450709647472586,-0.14225964952418452,0.3177074838160131,0.3417990257569623,0.39638718596999745,0.32719701901106246,-0.12976490642441751,-0.7567449210549363,-0.2564280489513318,0.5852613849888869,-0.2957027214790009,-0.6672337567548736,-0.16606917909451552,-1.418819869828792,0.16284241204328154,0.7276384896662434,-0.7271533477762255,0.29230388177522687,-0.8072405451782384,0.027546021982667333,0.45699604204394834,-0.4862805763309362,-0.27614516288205526,-0.07405262680150208,0.04101209345231869,0.1503651949982492,-0.25124907086278975,0.431188186868221,0.09583489356527278,-0.18496365016760932,0.1670711524988437,-0.4481725280608677,0.1933359684119247,-0.41539552167667293,-0.6977788858805113,-0.1655224336399494,0.028103734801890802,-0.20195774241962575,-0.5820320970399089,-0.24455390483217154,0.12461328329447252,-0.49217716325434874,-0.3024983419296735,0.7878532173318052,0.05902567102426706,0.1759208559721744,-0.4918298645213901,-0.2817391476089061,-0.02506638655190343,-0.8376396967006422,-0.08981373582033571,0.3228303483567219,-0.2630313538542097,-0.8193203854184508,0.04236072684645009,0.18486125744884063
-3.5544759209308756,-2.9709239368576204,1.7054609941387509,-3.061001056911567,-1.014091280826084,-0.0365679790352145,0.1716300701426492,-0.1321114614838167,-0.18390072623467016,-0.3733737161917584,-0.1979723377765654,-0.02171638497220483,-0.1476940906611078,0.6452402633027853,0.34235521194687696,-0.2034537523796216,1.1234466590907515,0.3681419412997716,0.02881189940156328,-0.28093021519382694,0.044497085127229274,0.56117867736479,-0.030892044377224266,-0.19601977814363522,0.09082509123221277,-0.7477459244410525,0.22571046129412992,-0.06928616945207373,0.4889840103459145,-0.11306120917005835,0.5894700280296402,0.6417601586867223,-0.28364997740313774,0.27297351789496704,0.4554523548465295,0.4152928592093799,-0.5242049187858143,0.06635938673700913,0.06838086176929901,-0.1170097346515602,-0.6609243111828389,-0.1859662837880893,-0.07218497884792319,-0.16934993323999406,0.10630230477905062,0.27323731160532766,-0.03447117229932278,0.02302156476764841,-0.08797601611079406,-0.3547705452615891,-0.4497772635707762,0.04253699398088695,0.25984052211991504,-0.47676211265823465,-0.010649600904668976,-0.7397483693137483,-0.25547456344850433,-0.02391615799805665,-0.19058137170124603,0.4815376030908573,-0.056012442635412885,-0.38779081413121885,0.11470212496004319,-0.06699783246130576,0.5364198993996669,-0.14735338353959257,0.07221198367168793,-0.3984261544240053,0.45699207452306617,0.3607990140485301,0.029193521305530382,-0.048807207224441894,0.3591356962168266,0.24427974611840944,0.6270604148022908,-0.1283596321603241,0.0842239694877902,-0.4851911357070996,-0.23795911870174155,-1.1050903057803345,0.03530268954763966,-0.21060352223422146,0.5853388737691583,0.9141971998860811,-0.17435679020942496,0.21814583640862867,1.049565325889345,0.2794973323613622,0.22200740304162442,0.11041325576184605,-0.15277902761368134,-0.3957382299702397,-0.7622360012907898,0.24645047622925517,-0.0655951882691965,-0.2200063877769842,-0.5220017580299502,1.0171798797919296,-0.13864160556547633,-0.011868813029514489
1.4259385370203934,1.729532228857682,0.3767745258193223,1.7800083948855299,3.2136451285567955,0.49338438742565377,0.17805609288818813,0.2563886613952768,-0.07822477650888975,0.025841114680717595,-0.0357287824933556,-0.4252266932611971,-0.19685476112420136,0.8184880358399574,0.2988352285860637,-0.4548393230029719,-0.4976336637919055,0.1489916964070357,-0.14077487841252645,-0.33354489472899423,-0.20533511526758824,-0.378082811127448,-0.25398122549431007,-0.014319199169123106,0.5934421983824972,-0.6806254713807792,0.19471090012183392,-0.479425062805282,0.48927329187305646,0.31684429130000297,0.07720814319000752,-0.3625668933788477,-0.44410637457492885,0.5809535433510632,0.204573429361232,0.4509281180551323,0.6575240007540338,-0.5336156080148312,-0.462341957241088,-0.3966892123504995,0.09833332424314495,-0.1456864032759504,0.46492699868780873,-0.17465914919234127,0.030600769752673847,-0.17091917050130587,-0.30650661733821805,0.272975741260252,0.06910996727092245,0.6543649524296876,-0.30410914231909925,0.45142349661354203,0.4541032318846015,0.5192348170359068,-0.8735201481999068,0.02813066167172661,-0.11357098930804777,0.524040139620956,-0.08167535662101295,0.21475883084778424,-0.5855295732445803,-0.15118399612467454,0.2779252653600319,-0.3602215866147427,0.548918139977002,0.17391481956372692,-0.1437449393160913,0.5018553644319071,-0.40225371719196173,0.02358528626406357,-0.34661373197987394,0.833320126661218,-0.7049518460220319,-0.2441918636677254,0.22458398351603082,-0.2020066922983095,-0.4241647702889249,-0.6691333147116032,-0.06890665318879936,-0.1642013511448232,-0.32798738466824595,0.7359835308326793,-0.20333738632449502,-0.3828712327726437,1.0965848379308183,-0.06994526806914017,-0.41900455753461097,0.7900024330893527,-0.7156577799456211,0.44165246958440363,0.29228809720865473,-0.2352389151333113,0.4271956837933455,0.10719060781970417,0.24567304483161445,0.6391954736932423,0.07925799508599049,0.31686533232375075,-0.380371319367768,-0.2947644549665917
1.1097971023532816,1.1817493778897556,0.7202961385892299,-0.4339825929644209,-5.673315849110983,-0.23507193352287414,0.21136101327739865,-0.20341983817511777,0.10727972861960028,0.4194341109388897,-0.14321831577184724,-0.26180701864870953,1.0358577242442792,0.8680126359823868,-0.07766460355603362,0.4434685388883197,0.7477246967385814,0.3258899995537506,0.0784434790177463,-0.7310939157739967,-0.13604721661426983,0.2469875769170986,0.1610641789773786,-0.18584600133605853,0.34567223299016214,0.0395310125204071,1.004591250069624,-0.5614208030544333,0.22991385325385058,-0.6088065576116238,-0.03903123512127799,0.0035296986049104377,-0.37178228065372215,0.2571457671090918,0.05048762334144559,-0.20909025145655322,-0.8758749704799659,0.46549714973548917,-0.28576707409131874,-0.09645833168215098,0.5499007727849039,0.04865980238548157,-0.5252320835929769,0.5785407952518353,0.6287873375329319,0.10190446611447405,-0.09040752939226128,-0.7068952200752986,0.07267003882584505,0.2696234593557106,0.29082066357874875,-0.5773607883224239,0.42538719442543843,-0.035824890926677816,1.0282072158686661,-0.2936089483634049,-0.1308031327592451,0.22838787467917435,-0.3107101721664317,-1.2662415536835008,-0.07933481323775993,0.18910663736546682,-0.14282500251369223,-0.27060536831777665,0.20364494961373322,-0.27496540453370505,0.21403801434146177,-0.5026796328334898,-0.09591966094369345,0.19086072418793068,-1.0444450311442013,0.3165963809506764,-0.044794953506775585,0.13905840914536863,-0.1787408293071028,-0.09974680032269936,-0.46565975074445753,-0.41611270832627667,0.803067565275775,-0.7521592587516425,0.7587009567665395,0.14355891638792193,0.2668649686391076,-0.1710199622638003,-0.7429453617619213,0.4006477277708071,-0.3578101690810705,0.7015502104116987,-0.47388985430255764,-0.1552515728228977,-0.17141847940402577,0.040129189848762285,0.7395379421369228,0.22130876131526847,0.20594835684852564,0.1430267466350642,0.7373209510851688,-0.7793317460301878,0.35537171211532265,-0.8501783975894889
2.628316240758334,0.44249825377900787,-3.3243059314186434,-0.5199365932771504,0.10548487333862017,0.006551417530413147,-0.2002656424123189,-0.28178955717780274,0.18443090645064447,0.06984705686935617,-0.5512804014934783,0.515102656395103,-0.1780644164276798,-0.4054651291242828,-0.17508283187549883,0.03791769691955932,0.09368791280991988,0.36294777312226134,-0.06400269226200678,-0.3158726277788572,0.9656334425593406,-0.24997718438619232,-0.8529416093642325,0.6387024039923627,-0.21184040489328196,-0.42922011957400785,0.056673359362487644,-0.2357491791873616,0.5097982231643255,0.004080133210162703,0.675201286975556,0.24220759418077636,0.3190389546398215,0.17168663953960628,-0.8586505955099966,-0.9421078737345754,-0.46674685814556965,0.23786946292757308,-1.1908265472649138,-0.10761223416460126,0.8419974604812153,0.3007664925084591,0.26777682038087547,-0.5844796153346978,0.03564756822612027,0.9524385461135859,-0.004789048359320343,-0.6751628524920767,0.686542008793862,-0.22040200106846305,0.5631913834819512,0.39677573914086744,0.2910489582338035,-0.7331403278665359,0.08908170474440456,0.5143542204063727,0.5022706808241278,-0.2615265344554624,0.5047790323039708,-0.385860383295218,-0.4168244202034134,-0.31574284033722866,-0.6771265444107446,0.013603214686501826,0.0865528140767946,0.006878122514119895,-0.20892822049040977,0.23936728782614652,-0.0717471597966572,-1.318695345882338,0.41538457557465047,-0.0758158948605191,-0.22745963705972605,-0.03398796361692382,-0.0186372637409983,-0.166463388543422,0.5113408265154571,-0.2566560619736743,-0.22716478747573327,-0.17820080462953572,-0.7195953973928891,-0.18384072760539122,0.3408141191721633,0.0285681234520508,-0.13990458168216952,0.3285311617138374,-0.34205428913562985,0.6593548280976576,0.06243288905376358,-0.16696168339685877,0.5350257222660398,-0.17548516217562035,-0.7474290972420764,-0.11676241531766493,0.30423258486168797,-0.20596622124419703,0.20609157571250328,0.5228801079683132,-0.9004849622864552,0.013081592522322138
0.2283401776804341,-1.76911528677653,3.630567078820963,-2.693862207961679,-1.1842665285356047,0.7248993139393941,-0.2970579856072121,0.22186508548888012,-0.20061146528519938,0.23385563521370814,0.7952420273680265,-0.8274714277041443,0.023403596209089307,0.017103754112671076,0.13623823571242386,0.7540410463135021,0.15841779279608328,-0.16507048140541525,0.3650636660532332,-0.05491996460060925,0.523169795963039,0.1722065902819826,-0.5054384907009819,0.492785527550118,-0.29670668246636034,0.18720423362813898,0.6370632435396305,0.002701981188241304,-1.4750086070725774,0.5059485211636747,-0.3680656997741363,0.6656533516946169,0.1513607016170253,-0.38956999060171993,-0.38441487162745475,-0.7083955701884217,0.07714805580605791,0.35376238542183447,0.24196516570590645,-0.4998994594445302,0.37200780947738415,0.655556167976168,-0.4389669808824198,-0.6866341465186235,-0.783147480251582,-0.4640525671485003,0.5234071854945749,-0.1168643828594118,0.3696937700978544,0.6410703714064915,0.05635736136230202,-0.14174804707516825,0.14258368666810384,-0.27807572180920676,0.25209426117523936,0.14838168081576472,-0.39413366296615265,-0.004535188166794522,0.36397787800162734,-0.8646584225655817,-0.043536746598661,-0.07806424048730559,0.3711462370755105,-0.5221028375796507,-0.6982261759148926,-0.0956124278451768,-0.39384676560277354,0.20884970209235632,-0.5168637633893619,0.14226490540312814,-0.823543709186872,-0.4444431061759411,-0.6354570626199747,0.8234145223662307,0.32808890765335696,-0.2996248766307011,0.4686138402446916,0.06491630425509332,0.5181118716681725,0.841626866319131,-0.016200930194399193,0.5130470968236153,-0.5340819214616026,0.7017016874088047,0.27452414953845733,0.4711148178186695,0.3778880167279195,0.05357127996289905,0.008768624452745725,-0.21590245223330665,-0.1241030475238422,-0.16731850159612577,0.11575873679996536,-0.3141734447332917,-0.031684600610279605,0.3612663698669662,0.2671444551958713,0.7626622291642339,-0.11692830927638911,-0.09188318989631115
1.5509772707686662,1.9954582228342674,0.4815515003759109,-1.9199714508591144,0.6984394748563446,0.7940235672382592,0.30741760103552335,-0.3402619502510266,-0.03930000927570744,-0.5777420434795165,-0.36081917481394626,-0.20419151740906483,-0.48626428917433157,0.27477475620622266,0.5776177940366174,-0.28106656854886186,0.381586411363232,0.3369787438061535,-0.8999654381660622,-0.3649468769300222,-0.004359385812792366,-0.7885249941170712,0.2885106422684073,-0.07721001005941533,-0.05688421469921981,0.3172590543018762,0.8422073874134152,-0.0006086957170580465,-0.13701960067944885,0.432713756975826,0.005655342360085159,-0.9333608105581503,0.41157360714372115,-0.22528219900542257,-0.0816691440735536,0.05942103980021999,0.3709776218315809,0.7664518811836372,0.24367738870930988,0.285905346091736,0.2590385039722797,-0.521681619791908,-0.16178305624884695,0.034847606963809424,-1.0515707208893934,0.895516666315849,-0.574021560583307,0.04081379117268543,-0.3906626906997123,0.0026750631004970513,0.17171990351917518,-0.4987135438296092,-0.603515349974374,0.44129990679477926,-0.586321350077168,0.02512744668439659,0.34336970394465327,-0.27196586664447403,0.07733673867958912,-0.04893056732145991,0.18155755827275513,0.04312813809823623,0.4412045142919381,0.2676616953181887,-1.6781438678105443,0.435327205283445,0.7882074465582917,-0.22488984701718748,0.053561535811107515,-0.4109404701262046,-0.25255550508068986,-1.1183065188366081,-0.10742368491392773,-0.1700772349168111,-0.09785093041759653,-0.5544029215359199,0.40798233088786834,-0.1040483884576812,0.21688637919560427,-0.6717958804029284,0.005659269591704496,0.1441311169526465,0.07855202530324931,0.26702448573509296,-0.46622681132662586,0.02628828364601792,-0.08306333813672327,-0.13833221860304265,0.20671536331319634,0.3004653127235148,0.9015130082518432,0.43450548024492114,0.29677760005078424,0.04721656585689579,-0.2820571561073749,0.08112210070324445,-0.17216129229036464,-0.34165056754610507,-0.09071875043311352,-0.09800273369191317
-0.5922187444195204,-0.9914402241989422,-3.8959421496549727,-2.1598618131897114,-1.542540100468784,0.47173115595972565,-0.29555269571864734,0.5205659935827275,-0.1001621574258801,0.46355558605841096,-0.1397347192579701,-0.7770951704164669,0.20987406418453353,0.14568392495762428,0.8964412320825297,0.25876083217924484,-0.2130405412689778,0.143146584267208,-0.24040767892108475,-0.38878160769984377,-0.05914446001305713,0.4157907291482816,0.8259967508978204,0.6321143177489847,-0.30473644192496957,0.050450082324410984,-0.021115398480298732,-0.5502062114274393,0.1724638218126082,0.7670598916396422,-0.1276607509804044,0.1687015242490717,-0.293803829231648,0.22915511175581244,0.09960263637270265,-0.8816738980514319,0.19057741903292294,-0.16271069533635674,-0.18647059229831578,0.1693347486591105,0.050880044913186456,-0.00037348536862395315,-0.3133284127764084,0.1928428221776483,-0.2380291744556971,-0.27136776514058475,-0.047037720703788054,0.11594737507956504,-0.0011939252421797983,0.3117161366062835,0.2980698369957618,-0.16389284742545435,0.26067551443677656,0.3377545535410986,0.0797169276643229,-0.33718585918757377,-0.2488822783850571,-0.21467550042535535,0.20022029312404696,-0.1963564215914402,0.5559811398680303,0.03763332780738247,0.18425291381745088,0.4823473715487169,-0.029535058508920752,-0.4542117145846122,0.20299044391453902,-0.05527797225528076,-0.2168974923657989,-0.26093242823155793,-0.6460866289825542,-0.2325959952301491,0.2730909006883437,-0.07872080098640309,1.32848830870553,0.7824684856029337,-0.09823582302715658,-0.6506713857401462,-0.06785184245656949,-0.2795318615974149,0.6220233455736698,-0.3259856878295605,-0.5728972055200153,0.1709694519886755,0.7977157972395018,-0.4356350390277211,-0.2376946239872687,0.2549306253406475,0.06439766416455434,-0.16471328604854898,0.29467351195080577,-0.6421828685776434,-1.0837394801167168,-0.17820044139525154,0.5395504050055204,0.33996753326186974,-0.16702194598645853,-0.24291146975052264,-0.10119707605202594,-0.33847081996831785
-2.846858522815066,2.0306467606186285,-0.24121730918486778,-1.2843958093918253,-1.3759218722880249,0.11717244146342158,0.35759146622338267,0.6614851065604604,-0.6050730770993047,0.6110653497811448,0.11117735008460256,-0.17658706285255904,0.3847438636397674,0.6799226119838235,0.6858757197987977,0.465314718680891,0.22696488605011203,0.13538821609224505,0.019045556892173594,-0.6129803581555548,-0.28920647775261826,-0.4428237386606602,-0.40986185039183204,0.0019465193948172443,0.04674421785017853,0.15974177988949007,-0.36644456473253656,0.23355161491021548,0.3448083104445661,0.1516240202659933,0.3660959666268332,-0.13837610188668395,-0.3227387205482065,-0.15898100458123887,0.09771370511426296,0.23108427042283283,0.08966238992026707,-0.4678670315850354,-0.14212018629628728,0.3825479390689361,0.23730662898157703,-0.3908351263462133,1.0511793674679433,1.202900342312296,-0.5788338514994676,0.7191502927423068,-0.5733761869625477,0.0760220213427788,0.9615715311945009,0.25209913962549907,0.4490482417709923,0.08447727061251424,0.706316585889189,-0.20873033539926422,-0.22432638255606344,-0.2171601357266051,0.5634601210190605,-0.28350658458638117,0.07702907548910905,-0.27898961064327205,-0.272205580164509,0.338600887816407,1.0700565698009137,-0.32278255275136014,-0.14513728093983572,-0.2277387684101458,-0.2198756721267908,-0.25327638863897206,0.4499543840501912,0.549110656375955,-0.5229940810842006,0.75741623061271,1.1920262902074423,0.227515176378987,-0.08457009287857904,0.31835416797297766,-0.21542954316823382,0.27790507839562084,-0.12049750293070591,-0.8500184126661607,-0.012034469162712419,-0.3149103717305477,-0.07270243303496872,-0.22956657777155706,-0.13496291318397152,-0.5030973800839746,-0.08286033801725234,-0.8807908491391374,1.0206510865821539,0.07857167005709689,0.12701314738525749,-0.6830540400720317,0.8061256372596391,0.13085887746210556,-0.10008522446315352,0.4815724763948397,0.0892855741157791,0.061937346128609835,0.2914101190364354,-0.3011425751655364
3.693321723180207,-1.233782334087127,0.9663534293633244,2.7794054867408025,0.8456212836379027,0.37131665267356795,-0.2931112732024462,-0.24510510449931136,0.42605806887445613,-0.5899216730849318,0.11214285571644955,0.38861321216993994,-0.3679091274257583,-0.5488341750135622,-0.513133124965656,0.07248320005455534,0.3823759331648807,-0.11257952287527845,0.2186466339458348,0.4294531877803393,-0.8188028207447278,-0.03057396796370753,0.2144747516393564,0.14221370704195477,0.25448075125508585,0.21036868220209182,0.050477784189925844,-0.5887452789261329,-0.650387341349706,0.27279259354771834,-0.4349210222465274,-0.24197609583182222,0.5766694552968484,-0.188683539649738,-0.14439279870679173,0.7193871715707904,-0.13456690559103945,0.7416593592153827,-0.2991220170057126,-0.08633074117610767,0.2406764381058492,0.42473637248181195,-0.03910339938138472,-0.156804108523441,-0.3712465794921561,0.07443454091007667,-0.02120178716947824,0.4814711011196059,0.41601796850768097,-0.182149748513561,-0.9740927463704617,-0.36804954114319294,-0.01735304654307785,1.2437708906305405,-0.1666642824969069,-0.160730918834405,0.08656585392918717,-0.8355157363000839,-0.1843198131865461,0.3200239861273158,0.8252861602263029,0.7459621901820258,-0.13601936044112367,-1.0232946444882027,0.6135869676374538,0.0335037100762455,-0.17194477036551017,0.6768763803508977,-0.2835535411529937,0.43290405885998107,-0.7303221235783695,-0.5027858955799014,0.48993490075786805,-0.5776970954238186,-0.048688781554747845,-0.045624507262344155,-0.0327022355404991,-0.47674438895423366,-0.09867262118701631,0.26571080848077633,0.12258734473047854,0.42417824590358033,-0.5678492019716057,0.2992618919105811,0.8363502416736049,0.21334382786660208,0.03937150143982017,-0.15247364139495995,0.44378797241629947,-0.3169906575122321,-0.1285620267969359,-0.08417761299448531,0.06540735407890962,-0.3486420563686483,-0.4494926062291364,0.23888642412985248,0.13348018356286434,0.47820065451727595,-0.7187594433584442,0.2076365063637845
-2.842846357032934,0.9491385668294868,-1.2485505285630003,3.879374807011155,0.025063553317112706,-0.7527549445813423,0.2182383808047932,-0.17622452185071968,-0.20277387946798026,-0.9531106592614889,0.6446322398385184,0.02776364839813537,-0.6590864371016414,0.25933705307240945,0.4259308149168394,1.1604259523455505,-0.44794622513647697,-0.11185961531641747,0.7658831134726393,-0.344738959168462,-0.3216649307762554,-0.17136628747181937,0.303022435562109,-0.31962855040532845,-0.5497203435546393,-0.047061894981726034,-0.27359647220726535,0.4211734552540894,0.11338745847970735,-0.5065007095203776,-0.07446928050293668,0.09603312900205839,0.30629107676455364,-0.12480584981462493,-0.41097277243277003,0.03692971218663224,0.002562166776581279,-0.528414824505809,0.029816082396281637,-0.1776483474568323,-0.22163275108101863,-0.33107128014937015,1.0868701703295027,0.014043927658190023,0.006861645594069721,0.31266625921629,-0.5081727769124494,-0.07475583112023751,-0.46571630182438983,0.7052758140185977,0.5713419900619242,0.4441212066479123,-0.1488838647112856,-0.24025371048522415,0.12492780999034456,0.5600306582609077,-0.49682079239190746,0.4734954118992619,0.31068439551230015,-0.3839554254786805,-0.3873684153336289,-0.5117920969030567,0.5985847216199024,0.2663484100412801,0.614631695850524,-0.5071428879094297,0.16262897703180368,-0.30510179675323523,0.26591801916786406,-0.3472650076102373,0.09906765622999758,0.2780182569301971,0.06689657478918266,0.9430750090876489,-0.33553868213987287,0.2508303666843118,-0.6933658612854454,-0.6572755637130099,-0.4111977872060921,0.3632790109533183,0.04306249338140976,-0.3802490057358189,-0.16044819651640332,-0.13471001599991014,-0.27361439564551665,0.2363392321892717,0.423301025388531,-0.08351394755744553,0.5794971169156465,-0.008638698333780318,-0.2772512988733292,0.05185325923974267,-0.9309650339799785,-0.24568180967957107,-0.8429150490208293,-0.5662789747177216,-0.6156115362627633,0.3908162247094072,0.4913784806138347,0.059904418590727974
-0.031959950871361,-0.996595970034005,0.16433542120521005,-2.328169378008569,0.7316944079403331,-0.003093585372147729,0.02196900146225081,0.05617951511050597,-0.4685267512363216,-0.47042150246252934,-0.32409560697311984,-0.20455458572655857,-0.712690445469318,0.03662692587348253,0.11936072909253766,0.08986860983089072,-0.5303086695455388,0.3364248205784573,-0.7009508189871531,-0.05758369631553711,-0.20591100459385686,0.3514066397747144,-0.09613551824267094,0.29779261667704376,0.7676652053732235,-0.38426653402991734,0.2347984186998284,-0.8679540515981601,-0.25198366758315094,0.3294663816030563,-0.002167905910036973,0.27020188439904624,0.43955330970673506,0.8211947537913844,0.7433862029419682,-0.5625220475174911,0.4303190729876039,0.30944336551844104,0.393075760020157,-0.11596403529098419,-0.35716304393902926,-0.3196142252296211,-0.2242936385813364,-0.4260943493721291,0.7585845660070677,0.22533432795625175,0.3935437747378685,0.5766937547667788,-0.42349897957569405,0.706053307309091,0.18945591408969814,0.090254855757101,0.1804922645052121,-0.3249388642396866,-0.15239174604738534,-0.49923785055922376,-0.1588520303268518,-0.3236213326658371,0.5146933312624259,0.2732594802616557,-0.16576111787677963,0.22697871041907408,-0.25439519217500167,0.1671311671326868,-0.0951527809309904,-0.03753307383071678,0.22252971306951946,0.5230542110564809,-0.1630514443189538,-0.6637260541264115,-0.593889407101419,0.15040298338181232,-0.006492798815322553,0.10252964463291014,0.4949302493596815,0.9205765058527736,-0.16937487414245503,-0.3974845541387205,-0.00981426267131382,0.23045245151894658,0.9203980927290438,-0.49046456623068746,0.16474249722774692,0.0893517781708489,-0.09142924702461006,0.14485698542151076,-0.22755143600622185,0.3616159841217143,0.052597268827971194,-0.04011313292595445,0.5455415705052742,0.4170385436612297,0.6383268006372563,0.24455776682624086,0.6388367312367117,0.11478007766042275,-0.3085641195260961,-0.3712253025709108,0.01149251374071696,-0.09345807851437599
-0.6295303498029724,-1.0840072143376516,-2.2426137933183146,-0.9857004626112732,0.5656030254544455,0.06550747190364357,0.6931053800087037,-1.0965354058443428,-0.5017212953058515,0.02037871705940305,0.15660580143877978,0.6684854606314283,-0.05551100004753566,-0.04645988051742927,0.004682824048047121,-0.25280564257985805,-1.0735867698349748,-0.06269345448026792,0.4448248586495495,0.2589955851222922,0.10554843076369366,-0.2984650828907637,0.2078426946307279,0.7715196428242784,-0.1918496200020943,0.13188821251303767,-0.9673473426991818,0.5746272394076614,1.521931252122901,-0.037395706494088,-0.15615845711894175,0.8112540448148885,0.30392835438141863,0.7102098817518315,0.29804886123028684,0.1368693243457373,-0.11191017281675955,0.5137595227858012,-0.45802770513804986,0.8385492162112199,0.6860122615640442,-0.6562212305677122,-0.28942819049541557,0.4068586499086524,0.20537309627407288,-0.07251317839134523,-0.48343832250423757,0.7249071694854041,0.03463133659910817,-0.40584584668253115,0.2535816075399628,0.3066329801245236,0.7718117429693042,0.4101725792268962,0.20537594158786945,0.21782411115577016,-0.8567087605085677,0.04195812226544226,0.33434715107776036,-0.06390448632955814,0.23312687235045645,0.41250733473682544,0.41206474467809734,-0.015866648867177372,0.18215987413415488,0.20471804564329124,0.3720773715611801,-0.32070730381537316,0.7005993807295939,-0.7504721545868002,0.2737944570947113,0.39338670107329077,0.4222357108184958,-0.1684960780195282,0.23765826639097187,-0.08346254592586892,0.31368516445204647,0.028821365196604293,0.3248780260259458,-0.8511370727000055,-0.07937966504694763,0.2619959722263957,-0.4477877680474307,0.24406541027036271,-0.6184654294823062,0.6922438477789346,0.1306161956620622,-0.010148923198431244,-0.059992904998714354,-0.5488174256637068,-0.6473932648400561,0.4229492278775787,-0.32169671906069464,-0.18154956826463922,-0.06088562170642065,0.03923230295329119,0.06125183993314611,0.5951721675209176,-0.4303856458402208,-0.5633934302493421
0.5596909893655173,1.8294338220568838,3.267999926956734,-1.8261783037777524,-0.36721391346099613,0.001601124805524394,-0.8603830249854935,0.05278359362030538,0.09972577611838188,1.1910874581947746,-0.21571980649715897,0.10300171431152595,0.33124624011240594,-0.022816050327701978,-0.012971198415747997,0.05341767778127444,0.6720412155227729,0.3626842908157993,0.06933828669170822,0.3426599001806023,-0.09279744095028204,-0.2638404713576982,-0.16268950722749442,-0.17651517915306156,-0.5592852312414108,-0.023748648793600204,-0.27092640849572863,-0.05343289216853816,0.203293974355726,-0.274146138375088,0.3243333553305623,0.2587689705367307,-0.602602136570064,-0.33771136904303917,0.755137395722994,0.5711290246594689,-0.004574153677870984,-0.10718949312696678,-0.028265777664319473,-0.3410066134090537,0.24267162794197403,0.5763858342835054,-0.09629790671369737,0.2438301150891084,0.20599780049777555,0.10105154614074975,-0.890702974017581,0.13807622120650995,0.3667551238924603,-0.3943098211754077,0.13990342265027364,-0.39409920569899126,0.14996701527350417,0.014459410609095974,-0.2731166533084864,-0.016995064308646283,0.6019535530250045,-0.529680852105977,0.48203304977521294,-0.6286378103084352,-0.006525663077336904,-0.5822858679149691,0.04617151435713632,0.18052373575063227,-0.48195331990499224,-0.07555610481869077,-0.40481802882517276,-0.71291852163628,0.10753811693676002,-0.33119479237366994,-0.08475749680776172,-0.1836243796088465,0.647953468275577,-0.6615085953679396,0.07454650777222627,-0.6298048930517173,-0.4802989977037056,0.16670495526829487,0.5990707363053318,0.3882901016912408,0.05168727599031955,0.031052515423238787,-0.0018377975461805643,0.4486278097930699,0.29839047195564045,-0.37230855154402426,-0.09003219561050116,-0.6224556812061575,0.7282754679853726,0.07440153722193707,-0.22655244498902868,-0.5732271402490448,-0.4399277972406471,0.2324032574616563,-0.10787861809077542,0.6549815000186591,0.27108065371942125,-0.19144935252931103,0.6642033864338034,-0.383602822026156
1.4265454577298002,-0.8681786561993057,1.5998945056631035,-2.8739905463361373,0.8207208216328256,-0.8483394281052289,0.20684488565724676,0.5194424786594424,-0.4783022701938313,0.46127345673443376,-0.7853095628835719,-0.6095452837916511,-0.013447901937552702,-0.6851673115214536,0.10849157649393204,0.2595882482829211,0.3050563557782317,-0.20548242056339297,0.026075164844885593,-0.00957660676406363,0.23509959465613628,-0.056783563108572035,-0.6069681094075857,-0.30013159240342296,-0.25051670771875856,0.4155306602341434,-0.1539909049994886,0.10165388183836266,-0.11464939066544516,0.5357469829593983,0.1526940022780464,-0.25007009780096656,0.01348481820030449,0.37027505284056667,0.2046907162501399,-0.17835910625518628,0.11713853212200444,-0.3430104655059606,-0.6434052675000911,0.12450142979847398,-0.19267257544441074,-0.10692685074077996,-0.5305186788791578,0.15281398205958177,-0.18021678983050785,-0.1406761567350519,-0.09794653705495643,0.2989151537668816,-0.28466229394263187,-0.2190169899135403,0.02294987802040607,-0.13161611898768205,0.2680823444308698,-0.21704826197999033,0.10954352964706468,0.06991690299654973,0.5621747021362656,-0.22750711508269914,-0.2602568273586169,0.3481001379864002,-0.30951711544543636,-0.19244911068272708,-0.34341414565331196,0.2442006572135852,0.16186417333724826,0.12144616412741109,0.3010737161477259,0.5737109798541271,0.5388981910814175,0.12685696274420688,0.5474118869018759,-0.3787169997239477,0.09208236305647408,-0.5049563313922887,0.7349575247602906,0.8203747858252143,-0.41210589370621037,0.41049566364463697,-0.30559706871883985,-0.6029617040496105,-0.3780375934702236,-0.36782732648859745,-0.0016493671412738707,0.23767774304420372,-0.49295724856828366,0.01067388392586186,0.2690916530770541,0.5040088094272482,0.16888985612111843,-1.3666736401062198,0.45508329740043696,0.026377018877471566,-0.0802769705345877,0.05643520610997157,0.5316461876307043,-0.28713819257550016,-0.45487349536727606,-0.17153539691879022,0.4839830582964668,0.21996615653908091
1.7165484989918605,-0.12055570229225718,-0.42354002762199944,-1.0437339067591964,0.8706193429661135,0.5491497386476069,-0.028435250752920173,0.6723537376756358,0.5729485167059304,-0.4403348332195324,0.39277649461190123,-0.047486251811963115,0.7571509900414843,-0.044662554327134195,-0.3037593387500445,-0.3373099869746738,-0.00015704596867839742,-0.4485423162563091,0.9778514105485263,-0.3080258542708124,-0.6317433207800789,-0.12034847635481,0.48489683048404364,0.3941623991401955,0.15398475305897896,0.90847082448468,-0.14099700459152248,-0.1221999013337353,-0.6080662910151367,0.7840758430979134,-0.12554262220752566,0.14163776728440608,-0.32002230071934,-0.5696583948938413,-0.2622958194854701,0.0373265395576735,-0.5463445384740525,0.035839410107716636,1.074513974318876,-0.055778179061812865,-0.5545443776512041,-0.021868337933703137,-0.43751420082842163,0.003536645578982722,-0.13252708138016384,0.9248996681335654,1.3186160667183107,-0.18245186967444949,-0.29125900854724046,-0.35706954438382904,-0.5039726307990148,0.6149515552384797,0.27001223513699724,-0.29953556232208667,0.48025755190405794,0.40293024409462364,-0.4520943615834826,0.6832471595396655,-0.4634408865938377,-0.41870196903937146,0.61966843372726,0.2215751631380038,0.3206183306264246,0.0979691748725618,0.0027772914634736972,-0.1651219524453152,-0.09589013504639987,0.15564712695690694,0.021282662731488405,0.14543613933832458,0.014577279460252557,-0.04603713677201468,0.21204360194321212,-0.2100146848830512,-0.870506892581286,-0.5459499849258294,0.7977767465997144,0.13030759097249608,0.7045271836302094,0.1617952504221361,0.5683327746697907,0.07509722400015403,0.49163720974321695,0.5729224255713642,-0.041730548953668595,-0.382412544685359,0.8393942951545174,-0.18881756339753417,-0.01676062649275688,-0.01717038121383411,-0.3548310875382456,0.45949965207990506,-0.2635043400049139,0.11529692263242826,-0.4475592404465213,-0.05660882634110946,0.12682058440341684,0.5834433733486047,0.1729321187481536,-0.6596794405025181
0.12344683788672448,-0.559951933598506,-1.5059980413784235,2.076791512661935,1.6669005392840104,-0.21993978134600825,0.4921475161863507,-0.42407785862567315,0.6782821095755437,0.1497652047325857,-0.8927998947894671,0.862201927223293,-0.16837424479068958,-0.16377315816389004,-0.2173814993437319,-0.04823432137181168,0.5024665822700813,0.1809465020486217,-0.048421508237700056,0.15151201413195572,-0.2828771491779295,-0.5115225426130974,-0.5701807432036039,-0.4072696888787311,0.36278153882884123,0.8593045757240867,0.05132928673047977,-0.3404544755722954,-0.33934685455706687,0.1203824680868912,-0.652104580918129,-0.30618125331825524,-0.14072694284350667,0.6404036973522101,-0.6903271040785588,0.909605045004901,-0.007290591299402775,0.43042103136006765,0.37080491083193384,-0.1348613041013768,0.34287958339174784,0.38963867136647123,0.18846900574758577,-0.30502199746590036,0.44577021390411725,0.44479387419563005,0.2731821101562962,0.7326367371122136,0.3714511891654529,0.20139510871885527,-0.6694895707436572,0.37427801054434395,0.42745855885496314,-0.39813527702344365,-0.15796485957380932,0.1784142776528263,-0.27635400291164536,-0.6023890567347648,-0.09337012805699699,1.156530425467394,0.3411557788502509,0.1543591960098913,0.08728158361031517,-0.18230828285367262,0.39808558191322135,0.10122916819172366,0.16626585667202118,0.5509724347124322,0.16034494845595396,-1.0756094091471105,0.8703754545849743,-0.7195280472670074,0.13203267050469555,0.2910092575070508,-0.34554525873389413,-0.3257239318611517,0.49487345287258605,-0.35853418167378726,0.6625189722264893,0.46878497524402535,0.5371182500890038,-0.5418955656980478,-0.17419512534651643,0.6464794255287695,-0.3089027853427137,-0.12381791630849369,0.4454086025890411,0.5535826496133652,0.30892783410007396,-0.6411094249160546,0.03693715161458214,-0.3739283202325621,0.6464297016747134,0.414663227005934,0.46938813843997385,0.20427064485315571,-0.14593736380129682,0.26574400691830397,-0.09853861022187864,0.3047428206198746
-1.4812066491596325,1.9994630819429593,-0.4247414779170793,-0.8148437793856219,-2.3703898472262566,0.2303034405557197,0.3718756450260074,-0.13371671880358044,0.9204112475849301,0.26388800263518075,0.18334101945222822,0.3970370938766635,-0.20932243545226512,0.6112775499898787,0.5473232962000399,-0.31544829779098765,0.14156484966683472,-0.05811164230563209,-0.015320829660643692,0.38627935179672396,-1.2991581297034607,0.6156409307236331,0.2843299247787826,0.17004884754854097,-0.8911977887976483,0.05345715433198193,-0.5499303474929107,-0.013142385651493064,-0.6936025732465787,-0.4649807657946104,-0.6489356549204981,0.6417349111249391,0.16747832399219983,-0.32652448289056585,0.8146855467146241,-0.10539600514499092,-0.11774598106758251,0.7830073644907356,-1.0168489962810103,-1.0407474748371448,-0.16978528456948297,-0.41976273476255205,0.5699901533007143,0.17671559809276202,0.5684017422055117,-0.7681981523694804,0.023533916991276736,-0.37250582746727506,-0.4956966067801029,-0.16120113910071765,-0.5727644723306652,0.20712626033482262,-1.205044567114397,0.7325985296961923,0.5545779840671362,0.0664768480155895,-0.037715008544712866,0.24143693476797742,0.13165347220531168,0.18499609046933177,0.2339901988169568,-0.6245255256357617,-0.21415600294143086,0.8212882160949943,0.14307689615977032,-0.6995168462586598,0.3306398199870895,0.09199795875296636,-0.06269863866982395,-0.11977914605414962,-0.36653778115451974,0.31954109524539365,-0.5335588076593826,0.392431179040916,0.5200621527429543,0.1962145842588865,0.01431873827653012,-0.31039850024759424,-0.04278588400250226,0.11565608288902647,-0.1656237562262791,0.3307066837325823,-0.019268945059629443,0.5072192665196348,0.06893603544446651,-0.9074449553256185,0.0963902025733136,-0.2992201782613635,0.1486595772834631,-0.1646236603317432,0.027064607075594316,0.2525032347715555,-0.8295036126406434,0.2739554978025699,0.010807687412674401,-1.038670138815448,-0.674066869570199,0.326735357642603,0.05033803861569183,0.18205780236506014
2.655454192043102,-0.8482751008236492,1.841508044008846,-0.07574025811042745,4.303973170773048,-0.23331970478589348,0.3754301967401479,-0.20385867830587853,0.19327197458557752,0.2888562105560416,0.6110437717358169,-0.3331126842374906,-0.6428242051962033,-0.8248058989333901,0.7352631639841087,-0.008670580671963028,0.02218319091464987,-0.22109735556288151,0.003941665771365491,-0.4081340124444569,-0.09580175949224971,-0.3988643482246043,-0.4966305075112803,0.007255852026228873,-0.09514451490726698,-0.29270905886343473,0.22999670386400198,0.5513341462952858,0.7468997415256655,1.2040691828183276,-0.2999750164535188,0.09517807247888971,-0.15225484314137586,0.8878146909189127,-0.6517101358481263,-0.09889759022849486,-0.28416264888707904,0.49587975141097346,-0.6699133354106903,-0.22575731178236927,0.35113618246452766,0.0812013229865613,0.24486709705382578,0.7776540146966455,-0.4999424116382234,0.08723606182002788,0.034431066741203796,-0.4172356145751572,-0.15803804391938658,0.1805085165772113,0.4031620814169211,-0.14134878491210356,-0.28122883091612555,0.29441476057472604,0.00814874625736439,0.09037091724026906,-0.4225375803092748,-0.3814610148280452,0.1613215059904328,0.2880404304100131,0.300642996939186,-0.03681898909379322,-0.26157802511921646,-0.01485312164710323,-0.7214153365475271,-0.5886558941271165,0.2945731272998266,-0.2273703425513671,-0.6555717092512144,-0.1744225328502907,0.34921121284688944,-0.6840316565242455,-0.001577537206331312,0.484894534616663,0.04456097772766487,-0.8060093657665547,-0.952891408994787,0.10926892136163163,-0.07866153357782263,-0.16660867718855776,0.11747922388649835,0.24084965154186605,-0.10697119742148277,-1.1452838497474187,0.25988630331953544,-0.10947923710760715,-0.23275005664030693,-0.08670336798027248,-0.29133251930897985,0.5153246628891732,0.05343065879824954,-0.2259512857854984,-0.14756188092283803,0.0827582583928279,-1.4252856828468563,-0.19220206709710977,-0.4326140774210212,-1.0428935781118913,0.44366268903657635,0.7331218088355144
2.2999071538164655,-0.287648343387389,-0.7992372845562328,-2.1492505953233856,1.1831973105034481,0.5230711121075212,0.2279132177881065,-0.7969864884977449,0.22278756041453018,0.12021881567041708,-0.3499853891145416,-0.027727576756797205,0.15148250335935592,0.45806307734468993,-0.01913903334871331,-1.289966887535985,0.6924708060196629,-0.9725844817948857,-0.25764418864250466,0.4375947161755072,-0.7507878503866826,-0.08562782737883783,-0.1539418713549095,-0.807828838379572,0.19688755714289063,0.15744805166787373,-0.016654480510169704,-0.04520955685642379,0.33883157096000754,-0.13176016605724855,0.30794530290687544,0.6884995666046232,-0.4598254723614702,-0.6664620334308612,0.0034512034141714904,0.6092162293053869,-0.19356191034257617,0.6975098356366469,0.05931352748339739,0.29000971356449473,-0.5024769620693748,-0.008829570750722807,0.5299209082663473,0.4719621333894088,0.5525137934398893,0.7315076152935044,0.25721010039728553,-0.6664198346737631,0.38303173365717047,-0.42244471517288024,-0.004510502564682444,0.23778645602357995,0.45957728091147115,0.029420357930087487,0.2781543453308799,-0.06890228115203023,-0.3642790872057738,0.1651041143288891,0.3172445073051446,-0.37315429288753976,-0.22452383630414405,0.4066301926708439,-0.4092346698296045,-0.24474642147106865,0.07431385663700911,-0.7636275098081581,0.10142699438595519,-0.688370360891884,-0.63908481929673,0.5977648018986828,0.9058560185472877,-0.4473237936325438,0.10243466844075667,0.3401206803533744,-0.13965106650401507,1.0946089447677398,0.49648254506785533,0.5220119310951362,0.20050757426777388,-0.30894410481859125,0.03103560166272368,0.23921187337819977,-0.915673451102765,0.2211768650928585,-0.2995724115931792,-0.5660731908395482,0.4925748369243529,0.4613556761290359,0.2936047895451214,0.7417660510952885,0.1181243831490374,0.011202524956968229,0.0945009269113544,-0.0659785200121728,-1.0506348723746741,0.15946354512738267,-0.35136337125491884,-0.45543062230274,0.6185375422854689,0.1498055850082144
0.8725093824088064,-4.002826894673493,-1.12072304654792,1.7480346504400528,0.6319681111794221,0.37638673836059444,-0.4824477825246158,0.233197287042202,-0.10549360724790147,-0.35759958801726754,0.3463217848877754,-0.17276709435095383,0.197375953418217,-4.008189280321515e-06,-1.3548930223795739,-0.09662414169987754,0.3569912440107918,0.13988682801106336,-0.22694119761179826,0.3914347576451745,-0.15233360445835234,0.696896037535867,-0.2964874554453043,0.334695148135022,-0.3750301259339384,0.0888429379827327,0.8344228766510211,-0.17658153347929817,0.12018035609347014,-0.29405372041667044,1.0415992904129103,-0.13569575064141373,-0.1762602161113419,1.4994150296172766,-0.05631600262744403,-0.1816197255446206,0.3742398709269961,-0.17463411564944048,0.3417391585992528,-0.5034390036043993,0.6612221886272988,0.10629893005193625,-0.10298275305928814,0.7834831295258986,0.3284433121355894,-0.2772759248495966,-0.11183924720125078,-0.23045638106769134,-0.0653382688415052,0.1147066562833525,0.045463043036380296,0.6842092722800497,0.18950273189418712,-0.5585095373369734,0.1979521674694559,0.3630516259747752,0.2595788731610706,0.3458197989177113,-0.24651209843191887,-0.20697912533841922,0.10326918701203197,0.1497976367190791,0.04001675493387003,-0.1310935966285154,-0.2426169144917639,-0.24941724984926814,-0.07600132073358759,-0.10246712666343942,-0.051605754428921236,0.2792252663743953,0.3253036773749415,0.46819690478854603,-0.29995643006933836,-0.11293461040727883,0.26159175902763654,0.19194210419841004,-0.1184990025930655,0.004566429032832757,0.6010864077664729,-0.4591023235313399,-0.6835868398776334,-0.15334961137889985,-0.036913228481261204,0.1722066180863278,-0.052353075252153734,0.0179774177204875,0.7633877148293388,0.4404081144859533,0.8746359526450014,-0.3888539370854134,-0.3189622729615239,-0.05310331076116904,0.05362578266558409,0.17158472874223463,0.0737269308457503,0.4882929294731742,-0.49076208698690765,-0.045249156357612834,-0.2993109496124665,0.6408820898437035
2.1384173213335647,-0.41106957923790066,2.7821626073211148,0.5865625738097089,-0.6723006930284308,0.532921550911978,-0.05354367191211121,0.7231616073899519,-0.042281280919238724,0.18673300507508414,0.2970938348988432,0.20954346398549628,-0.3287756466743606,-0.09861259475737484,0.2556708437808321,-0.6646756107356803,-0.058955554213184526,0.12170093317129872,-0.8249251791928698,0.14197693208598547,-0.24696892406541238,0.18728529430031557,0.3595325485038403,-0.1934041168202,-0.3334334457310061,-0.25604497312143104,0.5272808012871789,-0.022518270889572117,0.03825857155780866,0.48984986211656917,-0.04428543432384711,-0.3085845867673385,-0.3487197000486643,-0.24854346857543472,0.5660205582128192,0.4373870100530332,-0.9405216059765898,0.16442379468031887,0.6350098669995575,0.3502886469541023,-0.11950818767912204,0.9511370546985961,-0.11829905703853985,-0.6402348439605613,0.4986268272778117,-0.2799347922722063,-0.7570791155417823,-0.09856332376183002,0.1942702444658952,0.21970997398378067,0.3601189103293122,0.07783351136036287,-0.35937789904857737,0.1965539003469934,-0.15528221375563434,0.3006579550779393,-0.09394766017774839,0.6133067939820871,0.16994201291203787,-0.3137519449565609,0.4629144100209451,0.6386339672354142,-0.29286951537460587,0.024371376731637223,-0.5411038564034741,-0.6256138663238239,-0.22727470230839886,-0.06342648584786095,0.3006111669075338,0.3815108586975282,-0.12634331334371218,0.13026232548550432,0.10963197456755132,0.07620178931888293,0.24894277990355165,-0.02946159364812177,1.4453203291100971,-0.32403812526590997,-0.04138865333712605,0.5587697582005635,0.22699281765198653,0.12737263791073233,0.47497799016893055,-0.12951661996076308,0.10025858442968798,-0.10902048680529725,0.3216574762592859,-0.08244021945694782,-0.496046648683971,-0.5350370439069082,-0.48598285248189477,0.13784239688191374,0.42101580377205566,0.4210605036166935,-0.09723791643625823,0.14519641686581808,-0.2469536087777053,0.23142797542626398,-0.3808969874293288,-0.32329110466036753
-0.20413164917985333,-2.6113350755346354,-2.1810851313184187,-2.310240783944083,0.07077401651979359,0.2090625055050525,-0.6490347627239422,-0.6505110808323319,-0.26285744257682947,-0.6029023093778847,-0.08211489759398664,-0.41960122972279823,-0.24886752476523927,-0.25141956660343956,-0.45674533033436726,0.11680448994988174,-0.17187780980780148,-0.11236738270733923,0.505343093843262,-0.4789948018780021,0.45098977619309627,0.05296422306727527,-0.05775555268311923,0.35912165418831143,-0.3553466536093373,0.20786331531830585,-0.9442682563430634,0.4734851172675064,0.3447869191746257,-0.7632396466610565,-0.037267495243195586,-0.16744564624958622,0.22591663660936936,0.7010637101230347,0.011456525258492958,-0.21537845637904174,0.21774052515936831,-0.10723787333885729,0.06312431194305144,0.23461697806530724,-0.3258684078057305,0.46452030963058394,-0.3665332952318869,-0.6641685695920537,-0.12567956181187045,0.4682438490304511,-0.1513991358975229,0.19117741943406144,-0.05538137054209645,0.12861673804897888,0.03746271078032353,0.06199214042373602,0.0764478571187601,-0.9150530955313111,0.008663028385065321,0.08962854154784561,0.18228050091922465,0.3556933957935571,-0.689950680573154,0.2688300977551609,0.16318753824521776,0.6445356567007889,0.6496322151564774,0.6543962540768565,-0.12430949798985229,0.31132889730230207,-0.4655046888940906,-0.39014274116699416,-0.66205032020325,0.008119539167284853,0.1316396774612333,0.1358765314388697,0.6179275123762972,-0.7332463784486268,-0.15816477910926924,0.6415171262925446,-0.5722364055119454,-0.021865724424998526,-0.24394812563353088,-0.3436138433367895,0.5085084084323809,0.2040162171049155,0.4391596260192881,-0.2090687067055584,0.5176944696273184,0.06006516388764771,-0.7878951430358467,0.30013685927210787,-0.6634035521851229,0.5858232031875024,-0.4874559320923308,0.3025814230119363,0.07696115921126621,-0.45331657937476877,-0.5565935765447297,0.2715169672847536,-0.6662136957066142,0.36054542410289425,-0.2873397981289559,0.32686066333358565
1.224707789917188,-0.15873510647037425,3.2437474032048144,0.41423773993156954,0.24960443055755932,-0.08190919705283435,0.3228938401875432,0.18210344815956364,-0.2904716640549126,-0.7894215806456136,0.6317703867491447,-0.38466243503519987,-0.7469419899578845,-0.16020502030394373,-0.10580471729366249,-0.24439926012386368,-0.36553563524774885,-0.23614618982443586,-0.1355651712059875,-0.34937421777145233,-0.3121543477085768,-0.7226481030296008,0.5474504140532929,0.001995646813529931,-0.6506556288052227,-0.30879458490697986,-0.1535603706401261,0.38408336838842655,-0.448673618152565,0.22761940342698933,-0.006282421691475783,-0.24542700531940506,-0.07911307017344267,-0.11524253457364184,-0.6320931076736265,0.027503425988874088,-0.8439190764845571,-0.26612452209059256,0.38775063624340167,0.20619675220340364,-0.18564351747933786,-0.7974341356964295,0.1972961211274381,-0.5852273802862735,-0.48373472955905605,0.5660294937003597,-1.0864595561885382,-0.7929706108886642,1.101765512136648,-0.6277653375246555,0.3178953357844768,0.0976892358129627,0.07105548901426534,0.2329252006346724,-0.08410668530315454,0.6978795618527278,0.6761475538143761,-0.25802560327929197,0.44348059643405513,0.4639732004522745,0.23291540961927892,0.18664490793141023,0.5290161315766823,0.17070566229308393,0.06695025738017576,0.23987848464314568,0.1376338830600227,-0.5336245038329063,-0.0642161563616275,0.0019611420547975024,0.6256661013067275,0.5346954323853739,0.2977048542151713,0.322919105031348,0.17671827595752088,-0.20642427075667694,-0.2656746826811354,-0.7650621868242095,0.6386688364078607,0.023966237492389065,-0.37900467580528785,0.6457602614010916,0.23082462716163493,-0.28444987726683785,0.253697671620073,-0.34926745718359326,0.281342969846474,-0.15603559722126187,0.17888392387475402,1.1285441340019222,0.4032264297335127,-0.25477291009459796,0.41944026619115937,0.23079232481709455,1.0119531571370917,0.5425635714267796,-0.49377622562231754,-0.506457948475996,-0.20536235630092306,-0.5588456286124502
2.832160979051872,-0.18658576264722054,-0.7423113616529179,2.0954647386589915,3.5870653823228893,0.396619471506755,0.3335737700695436,0.6466453252666522,-0.7521879402145443,-0.16138524888127243,-0.18613855792301204,-0.5489559897148246,-0.021233950854499594,0.008801121214142126,-0.31519056500352133,-0.31915975573693345,-0.3958885806528786,-0.5197772174133987,0.16937972480928853,0.10362981002513635,-0.34964799462093277,-0.9110028661600639,0.42897088256104227,0.05298262383667373,0.22455030679220894,-0.10131910368002449,0.598430324379262,-0.6581836313356025,-0.7218178135434898,-0.3809169001091746,-0.480028877229153,0.4851588310570902,0.6454464665231544,0.5322672777490791,-0.02001033210610523,0.1500022918538703,0.46478028471223143,-0.5492321957309818,-0.18156697905821373,0.05498642157232642,0.427370413085245,0.36651301789218116,0.05734152170024986,1.261387830615844,0.0606301235887983,-0.28345954387020805,0.2789003719416388,0.11780653178658677,0.017998354231481578,-0.07948465013982227,0.26707873689047296,-0.31255774666150116,-0.4382517959204255,-0.17736472840096043,-0.34513694925007704,0.21062968634877471,0.4713554137759168,-0.4065532169866844,-0.10306583193888214,0.060979225748712125,-0.10563880996345698,-0.1400557405220534,-0.03760796122288743,0.33199077008378763,-0.37135478903029934,-0.20649509923262005,-0.3521231271036393,0.11144852256361006,0.30083439188180655,0.3380953037276305,0.22866877748960446,0.20717749102561767,0.10191407955928423,0.45343408271385627,1.0450956058440775,-0.08282772294846243,0.3826653228885549,-0.09315977652918468,-0.036587977523049084,-1.2253120315253947,0.09143765884060003,-0.3560837290258791,0.3899069674769173,-0.42698347802315817,0.2941568127559294,-0.2592134116461392,0.32274153972599756,-0.009690490011114132,0.48705788247938075,-0.29961764165806787,-0.49858006204549693,-0.48246179441854187,-0.08225479638982117,-0.377762468011687,-0.06464373746473574,0.15328932057439731,0.6388959460586754,-0.1661720288127077,-0.35819108394379995,-0.2705772317289737
1.9977846705977111,0.5424014394039909,3.58330141897934,-2.6544259116372073,-1.5305306969857215,-0.2224844490221331,-0.2695353570795221,-0.4855964999384324,-0.4789187054051761,-0.2948323559890473,-0.18617225405664176,0.37766898485450506,-0.22607129723833688,-0.15342222126571906,0.24249633592487393,0.26640251051429464,-0.35314199657353185,0.3386133535877611,-0.20550591794466458,0.5292395432124865,0.5576420400362704,0.4535705889324232,0.14298945256558587,0.19342264468484582,0.2344636649006386,-0.24284079504726103,0.3186272401276351,-0.2439469901030481,0.32547232881247534,-0.07542045333123383,0.4957442930517152,0.40155697271103513,0.19606599655974274,0.33843531032668384,0.1869157844530205,0.7503524369020739,-0.3569514191058071,-0.21343550246846493,0.10321907427413048,-0.02115634787776959,0.7802942172212736,0.19397387976181207,-0.6006003120706648,-0.26339914192318176,0.06367083659570538,0.22830246928333867,0.4451375030708454,0.7698777616456683,-0.13712655433307272,0.01109577137909568,0.35152177625363795,0.1989180608823095,-1.0600373220857682,0.03616710268380458,0.07948262805903362,-0.24824408957028893,0.5426835990793123,-0.12941220783768764,-0.4139626566399449,0.36949700666855867,-0.9526381587483067,0.5627048578833482,-0.1750406429694417,-0.40429435589307167,-0.3241512960321657,0.3096673978101677,0.38770402450577435,0.41536117130842026,0.09565471866551632,-0.2608195202394161,-0.03283056584618188,-0.8547776651146581,-0.3353251003084315,-0.29766983847847284,-0.4833313521693372,0.20151366937610848,0.6857473365117795,-0.4760767037449227,0.27064839876567726,0.2338357351140322,-0.5296035952931633,-0.2294616639359061,0.1000975336753473,-0.27188093074792963,0.14456785961835725,-0.0732696837318099,0.18033126659417364,0.17488926731592752,0.25962692540535837,-0.2507372301041598,0.28380661055100137,-0.0803667231822152,-0.05764338994116564,-0.1745842689852894,0.5329931343974295,0.687529532935177,0.6092928404557963,-1.044662479613136,0.24614429008449748,0.18071382093566363
1.9823968291545304,-1.1320521198609568,-1.3627427870332889,-1.5698139760886411,0.11811349103631652,0.6451112169080598,-0.4034233359791078,0.23170258770091595,-0.1315868639600202,-0.018621511875440803,-0.38014031729713904,0.019392811888342788,0.3847890175177927,0.41097170822790413,0.2752650126830355,0.16888495169943915,0.3619730885130561,-0.021230992326929668,-0.18508097410131294,0.17448962487994188,0.5970273259925524,0.48866906614660943,-0.07670700518280957,-0.5547720753954799,-0.1727221942179612,-0.346989804934923,0.5006952147209555,0.2865112983818367,0.2948224220108698,-0.5429177643399495,-0.5170658818950677,0.054306242259082094,-0.24068719628328944,-0.27560785764968776,-0.13029091917233107,-0.2794020213805776,0.4833254489547561,0.49126864303799966,0.656253684687649,0.08239010092201117,-1.0499408815877365,-0.7524027848039524,0.465621998258532,0.6279042725623729,-0.2277184271047017,0.010032516306831373,0.802635612546069,0.0644865961720755,0.4948832267975547,0.1693426494779803,0.39279148196966274,0.06579154600116385,-0.0013291989854066568,0.764156027553559,-0.13180619734173538,0.36805743667856283,-0.6148056970784608,-0.055083621170847,0.46835560033942564,0.981842029836183,0.23586093250930343,0.2522463767342408,-0.7142359964886538,0.7424572764514504,-1.0876600848033537,0.09133310966246365,-0.05771075582408011,0.3761067501379705,0.9124500203718449,-0.13588044472306168,0.21232760016287455,-0.9121863136969353,-0.7177254726145952,-0.8391927053792513,-0.35840782394527243,-0.7174037414399353,-0.08515434957906569,0.32658164116686045,0.2212051821194919,-0.8760354759365795,-0.1370583238216869,0.23908982061081901,0.6740638643367357,-0.6846685339018022,-0.011524634241085952,0.24930029209585386,-0.20296524157634874,-0.16509655836079082,0.34329475354953504,0.6230549861480056,-1.2381311735863756,-0.22667683134871808,-0.06573213409375547,-0.03318358911528012,0.062229559552381186,-0.7029271863344506,0.22697547787223787,-0.12284215831411317,-0.021273209988567184,0.7336949564481904
-2.3496372294329313,-3.709849955021777,2.0238709503285954,-0.40484280871362965,0.19325638263821251,0.2531324974398361,0.32705463045842614,-0.7145682515246238,-0.9273464036583525,0.44022574434471795,1.0525844489093343,0.18361315136000325,-0.25659379975367225,-0.6688117210918375,-0.59998840216867,0.14577398709513095,0.11735615529293696,-0.03941486295705828,-0.6231348227670299,-0.047223306257343285,-0.016916507688749673,0.17680710811731093,-0.3120003668622685,-0.04061579275407566,-0.32427155368334404,0.04364398903658142,0.9265611809094324,0.7197006005696988,-0.6739827478194934,-0.4790619366184858,0.6130027504856322,-0.2636712875564173,-0.4392433169918726,-0.694181156241767,0.26804545535064195,-0.1296832069182522,0.7400701751841902,0.08664189764429507,0.0747808347021197,0.6357584636253061,-0.5694702170914875,-0.03509562882344098,0.05400636736414606,-0.05673671653525854,-0.17898643315493876,0.18215097066763736,-0.5123029211306313,0.15655008935140344,0.04451045715355865,0.028149963773003387,-0.0914354369145017,1.0244538173900024,0.3613788012779346,0.14481990272592746,-0.2989334697778921,-0.41371642023169436,0.22919511014696198,-0.09988002812736739,1.0156263563666454,-0.2880459238668802,-0.9410898685981182,-0.39952258943996727,-0.2624030955077803,-0.12384316464870239,-0.2637181743416111,-0.5095096543452908,-0.8069720627141947,-0.1674169318567558,0.3947877254419803,0.9579296069807287,0.013269798157304892,0.24247423363597823,-0.3241255668059516,0.10661876321841934,-0.4925963810392678,0.3086067553261432,-0.14910228478612622,-0.35962432069706407,0.18412946085013904,-0.1833770521982438,-0.21117044560952752,-0.10958987131397888,0.01943500113758253,-0.18109773560672482,-0.42343405302881787,0.3979344472825846,-0.576790467250959,0.12967987560974162,0.6124686382379391,0.14124237075141535,-0.18358464086745,0.7635914900536925,-0.8812982933992821,-0.4160199633171456,-0.46977779251965873,-0.3594054804858783,0.2290195037783784,-0.33924146860396265,-0.21580954826232265,-0.47903257388674086
1.2627628066550514,2.566349808406362,-5.185394167986175,-0.6926658395845009,0.8371483728404745,-0.4982611029099046,0.354508029928463,0.16152622693273527,0.17716775334606555,-0.9012512603869566,-0.2673864987287611,-0.23309811128839772,0.061995492430736106,-0.17355560643870144,-0.43722337414496665,0.7401824997267223,0.1929578873970899,-0.02496480663784009,0.23784735237453186,-0.6825952130885525,0.2864807846029966,-0.28745238674854007,0.22837529858199304,-0.172761174633769,-0.8594657283371374,-0.042098103677380656,-0.4676906282850646,-0.3438333372376116,0.19999234371414645,-0.7296248951432504,-0.02231105591788545,0.0010249498152696045,-0.24385230985967135,0.15232443333768092,0.11262654239167569,0.0021162040635479876,-0.07467967339712112,0.1351572199892268,0.12386766200213781,-0.23001519616896152,0.7948810280100075,-0.8191565352723323,-0.1827834098491284,0.24771737544235187,0.06837361750100569,-0.45941929581345026,0.44384311211694655,-0.1793880232394943,-0.268202558867223,1.042272211989106,0.8881487299966931,0.302496459810135,-0.03804053885198415,0.24421621272402777,-0.19074210774586678,0.9179609348707238,-0.4775823868789386,-0.2726253989620218,-0.7302407473639654,0.15982729925144967,-0.08017364866906847,0.18638231566503255,0.8878923666434575,-0.29551154647337197,-0.21121426114950043,0.16754469333219868,-0.3355816010706805,-0.38734006202170274,-0.37828933696184514,0.5578104958828788,0.3552679384225774,0.14779404273450303,-0.00946841796384129,-0.47645784290116794,-0.3048292834519323,0.4248387213849983,-0.40004400390640177,0.2082599567650081,-0.3002397519952712,0.7053647810719237,-0.38706310426117907,-0.21165249336972047,0.4255680993979286,0.036682534388158994,-0.5727738662240042,0.12880269313293422,-0.5981104933905135,-0.14109233723821576,0.4073883402184712,-0.8207744098771648,0.07493496340581515,0.36558192876970513,0.4263844566527427,-0.18125123894900594,0.4971696024258869,0.2662643355998435,0.0794914766783925,-0.17878368768826797,0.951969548716521,-0.2805298287874648
-1.1705005366217176,0.07345155939373227,-2.152681613507487,1.1364234835265377,1.0421378264732521,0.1270421695481112,0.5609613751781959,-0.06242028545657871,0.42093225049847,-1.0493407551826102,0.5216938813648248,-0.01634735675524475,-0.040378863444916126,0.11305260614916669,-0.6865329729047092,0.34610724132702136,-0.39451248548560064,0.35127147580393064,-0.4592425742410731,0.2722182452786771,0.07333402395316693,-0.06699152207640706,0.2312687892187612,0.23846008338441024,0.9499411002323236,-0.3875800535299835,0.9900378104432096,-0.2426386230267499,0.3542101550838155,0.3734716761489912,0.1406897176152943,-0.3694312940436386,0.08978032201169305,-0.108863042738013,0.2059270024159118,0.7241252477940494,-1.0205375199813276,-0.504767987716843,0.003367003344679103,-0.2979442269671255,-0.7674566127049147,-0.3357496248930861,-0.4334151342912033,-0.26020617569699334,-0.5051905923852248,1.0696133972888298,0.8829954666312981,0.8742817891784048,0.2478577160502283,-0.13696012739161006,0.14543042951899024,-0.28568500450644485,-0.5685751442765167,-0.3360468341444585,-0.4774108453589552,-0.6956688491169165,0.36045607039663635,0.6578840297040519,-0.6065416075229185,-0.05099247906645518,-0.23754030619054123,1.1914136994766047,0.8368780512476766,-0.39735969826052403,-0.025626842514002636,-0.32767180325925666,0.06641492425374693,0.2398268274648901,0.3919671973193835,-0.6085745045170069,-0.019072860431302307,0.5713368368066383,-0.098183320663996,0.12917392883208942,-0.37831873822485407,-0.9037087274732318,-0.8043422797976911,-0.04793799082127063,-0.230214450812232,0.12372693285203203,-0.13446617650008144,-0.3718360165205183,-0.24606404514273733,-0.8451708567766643,0.09263606852673396,-0.39541301729799605,-0.19306101688269367,0.30423422677782413,-0.20417307352595654,-0.2912939454620722,-0.44730148288410293,0.35762676435407087,0.3457518523420045,0.029378870974474197,-0.37121742538999103,0.2396236886415758,-0.10406665617605813,-0.8142952808648715,-0.30910795969937327,-0.17485708914209527
0.8707049837534568,0.20530015195233772,-4.367053868751489,1.7226780768545722,-0.08777417018700964,-0.13249379634353825,-0.5295832703096655,-0.5356509153833977,0.28361329775222305,-1.08092308183364,0.04223108103599813,-0.8050021710630416,0.0805120479026702,0.11870552197415543,0.6676655451675301,0.14816404989571738,0.30959534859543536,-0.06598569037484762,0.02940603009436016,-0.5228192741229905,-0.2201063732634031,-0.023920872383121735,0.11234019605835675,-0.009023868015888569,0.446169114527477,0.7762897867231001,-0.3680726145363116,-0.018882132715930647,0.7496428968286613,0.575109633234024,0.07497674360521968,0.39971139595596805,0.7127199827136415,-0.5903613609478662,-0.20035126278905277,-0.2397597430091169,-0.4359039071524639,-0.014935788678925185,0.8868513669725392,0.34097798636167503,-0.6000774344607852,-0.7971260341345242,-0.30128434493778783,0.26600899404778716,0.08521284426355864,-0.05367463002219438,-0.5528445978894987,-0.3642783362297358,-0.4808026880006709,-0.9191343371132423,-0.0615273358549073,0.6463392017857224,0.23961227555777187,0.3104719018675687,0.6156394097958938,0.5303470478505926,-0.12673989007246822,-0.3767173995578947,-1.4250520923373322,0.06543678535040827,-0.10735936190427092,-0.2627879457192878,0.29181362039914804,0.846766890676175,0.2207585389565834,0.965932254016864,-0.02937674821652079,-0.3997979126762719,-0.3495085812585832,0.30662867571938307,-0.11069592646553578,0.08983459117721548,-0.339944709791504,-0.5460264455744089,-0.10959576009463591,0.30047282421138527,0.374414773234831,0.22300954555271127,0.016986583429545593,-0.023575609371979,0.5825588982498499,0.9504669671859531,0.21833754746246145,-0.963373765167503,0.290120339925055,-0.0944502483901482,-0.36706378130625184,-0.11228948530279717,0.16694833580959467,0.34941634878176403,-0.11794330220192657,0.14682374749394525,0.4520401405048985,0.019002405174101556,0.1819958382362917,-0.43790923241999463,0.5104771688111772,0.36181963464368416,0.3390309269879852,0.11086445885631648
-0.48447901165103513,1.5244690052596797,-0.9232239166033658,-0.21732670166796386,2.6332715955159243,0.6064980900885336,0.04635422375534332,-0.8603129853610947,0.6165702906792867,0.42811514240058085,0.5363956379584996,0.23553560078751565,-0.07516142593621693,-0.17397298278398365,0.3252902788225775,-0.13298893174398385,-0.6793826156786302,-0.17243468710206314,-0.7942302641133708,0.040355742144311056,-0.01380002971452815,0.10281284797143816,0.9187917664849864,0.39841545801983946,-0.3960135360084899,-0.2931383668291011,0.2961414707699874,0.7169883606279499,0.07587358491872923,-0.1424614665290113,-0.2375111507344578,0.07833961352435752,0.10847723367421089,-0.09709625446711122,-0.6367301634733591,0.1917380718022781,0.26610308606630095,-0.4048651501723346,0.6278213744766777,0.06662315450569854,0.28885269508804107,-0.34906167284701306,-0.9512857020434198,-0.13407973715746183,0.1775461075039267,0.6401244238444812,-0.9573214843887604,0.40317990371932894,0.5204629558459744,-0.21221770463592005,-0.1811501866696742,0.17192281782146035,-0.08912749207679584,0.11028540680455069,-0.5293432208741328,-0.40288043566706305,0.1981916259499612,0.3772371828720883,0.5407525798225673,0.3167634916204918,0.00964921633598349,-0.4584267682277152,0.48618784096901374,0.16428335956731283,0.23952189903794943,0.2662529794906491,0.2196784593482369,-0.1796885424300172,0.013357845480795985,0.4524918184544297,-0.16599122338732894,0.23722964015548875,-0.4872686659746874,0.09939305629594103,0.5730064153559458,0.08854349920794131,-0.07722120284847679,0.49752475088527004,-0.44073917812688,0.013765246911202034,-0.9408749855983033,0.3099439280196791,-0.06059633581951454,-0.08491678763954755,0.43694549206938355,0.17482238973861475,-0.06779202142109517,0.6079011515677385,-0.30934230531994256,-0.6645246258138064,0.035808487167187104,-0.8794298861723975,-0.41782428643485575,0.2578012622099459,-0.30838597440613597,0.3895566619953426,-0.3940168795284453,-0.014653142453462267,-0.18324763727585977,-0.06357937371463951
-4.874995708203824,-3.4412981363796984,1.8062333007134252,-0.7144399232091733,-0.8598945149542924,0.11759415505176617,-0.9031042113706045,-0.4786510927581601,0.07217674763813572,-0.7957905040700839,0.9987956684943704,-0.1324739038043667,0.5818173319401395,0.12939885585916802,-0.30595837565847894,0.21134737744401905,-0.9901953553255777,0.18655101896199688,0.062207427017505625,-0.12089372443317058,-0.32285680397158567,0.29925860465221615,-0.5912872933168265,0.10568495785477139,0.4056699314737575,-0.4483065485099425,0.46736928182244675,-0.5732346486777427,0.0038269268454500195,0.3571450165878481,0.7009902669548442,0.06281553481239882,0.023663005595090523,-0.20448409556486058,-0.4157717558812557,0.8253683908108863,0.4027130351178908,-0.621976165443442,-0.4857244806675366,0.4443624836731026,0.8040070665148256,0.6638936797754323,-0.23210869816399587,0.08534685901069908,-0.22187227241281052,-0.15570461969987642,0.06330033792978668,0.033187085647190216,0.7119990216160865,-0.023127016196594567,-0.20125237370341323,-0.2882600399610579,0.81542982235913,-0.0880885958646206,0.3991639151917201,-0.3079794622148487,-0.01947623863405732,-0.22339511686108054,-0.25965228524184714,0.17382993522596993,0.6352757031814851,-0.14226389959201696,0.3524778376607719,0.9228058146329866,-0.32472159202773887,-0.5895928765386923,-0.763955723795832,-0.4355655280316423,0.48622529150738386,-0.7326355511379732,0.05654536942855169,0.3125158615666053,0.02174707389879743,0.7210031602217299,-0.13271421017630156,0.32782820423152026,0.9275949213047038,0.028720468384289523,0.7859406736628303,0.16520082017284207,-0.3118433378659076,0.42687605772384896,0.2568733296488515,0.020856940548453995,0.20882840207336736,0.13687119006750453,-0.46264870978339134,0.02889185425580645,0.3674937523328446,-0.00894354765403934,0.5275105573084191,0.014245828912035017,-0.3486886038872485,0.0958541321791357,0.2738218816295818,-0.08261267951908155,0.12152760757694858,0.22586874421347927,-0.12842110910978874,0.3606558046782159
-0.6398208582615931,-2.290835700075454,2.9621738607366637,2.522789864200071,-0.14161215245360892,-0.015748279239909024,-0.2613466901810431,-0.6313257254200331,0.05527608672957617,0.07462255913198425,-0.6864841255794123,-0.22063295876967934,0.025867226964515006,-0.4441062769752536,0.09065758389608018,-0.46562797368927517,-0.17688110383367844,0.12062998297731037,0.10857746365269585,-0.29632491271966827,-0.2563389426847856,-0.5920008466552045,-1.2915892004015153,0.4751102118481917,0.5220635435287024,-0.10670002138834268,-0.6628955008552101,0.37819986383697496,-0.3925703479276645,0.8692483133738923,-0.33417450219845285,0.23646681729679875,-0.0014863757404026754,-0.20914104708978767,0.866820734542145,-0.8128621317206498,0.11088099916406284,-0.07107197740595031,0.4058143387457153,-0.09663883755075854,-0.06361456010986315,-0.47901240588508487,-0.6514867558475184,0.32155250767325927,0.29243623995293,0.0681622250480354,0.2340984638682244,0.6953081318147478,-0.35915099897261804,-0.06610864485783191,0.794502801125728,0.24444254149582914,0.40212957565290225,0.7955172157548087,-0.5066391095234717,0.015258204498204883,-0.36265533876356265,0.1353897029874341,0.21502211252121087,-0.011275857376402486,0.4401218333455736,-0.44258414262238177,-0.6622471505625854,0.35388014437473925,-0.7445698153477949,0.037484262666126256,-1.0274455961823161,-0.005801678253987744,0.4450576502195359,0.20715192199091917,0.1336851326426511,0.13302700717875754,0.7300607088900182,0.7930482162667132,-0.4247309636777749,-0.12032551945821765,-0.19850212849399576,0.28088403446759874,-0.19049492476590607,0.002906913272346743,-0.12666409299376516,0.20497819382626345,-0.2277667397823873,0.15890067168552385,0.07096315954188391,-0.4838781730753534,0.09613104225136616,-0.1868084548566229,0.22277089324610172,0.013988902022425294,-0.2528052653583322,0.517616875018856,-0.3115239569394203,0.022728543032676355,-0.17135571280439582,0.16527240386941233,0.41786773808849587,0.41543268476859047,0.3979335011101676,0.374174310760003
0.5929262313117617,0.051830303056648014,-0.6204668700791423,-5.7789828185571865,-2.8194482248936015,-0.3955828005744904,0.6275356628857527,-0.5411447730527614,-0.8235408693782752,-1.0981995508560798,-0.5613051390810155,0.051358904632214965,0.24647316000262032,0.2456000916183798,-0.012082928260974676,-0.5059503889547349,-0.16647091487961174,0.2918535252461431,-0.26339613919562843,0.42378384788074697,0.46178206452284243,-0.8459527535622141,0.21931622369624565,0.01689712903735254,0.9223373595916671,-0.20881250292993833,-0.16053687139485437,0.5343602299050739,-0.19174348859063545,-0.6609805945560282,-0.060383073380261006,-0.304897390564233,-0.05374173318994155,0.07742855125114372,-0.309603905005339,0.32374600210197524,0.9950972516880546,-0.35899992862507385,-0.2679733516357763,0.22010195545528866,0.30730528590362843,0.5364260054394029,0.28476507244894045,-0.4600399755146241,0.18427296795436662,0.6137423580483735,-0.09031900560955858,0.4315476580526369,0.529874176167103,0.1095178802835757,0.8164855729126086,0.22887614632562467,0.45678723184561537,0.5194520084331279,0.4761843716139909,-0.3293501975806792,-0.6571763146802753,-0.6578371013843363,0.1944929534850862,-0.10892864889535345,0.41939318903997114,-0.40579726399757454,0.731922180209954,0.5995844866891118,-0.011483891294327638,-0.9116856533684267,-0.21638132295626403,-0.6196177205174038,-0.1289955418747985,-0.1724296648446589,-0.2919758397849295,-0.39956182047625294,-0.6284846129812789,0.17840331088075642,0.05043253078544181,0.4123691736728015,0.02866109983903889,-0.4671455316293521,0.498836479024165,0.2950091305989314,0.12827215657886884,-0.7104432517322066,0.09797492934661242,0.0005373374171528755,-0.28731679051271747,0.010153280578651088,-0.11747153420939199,-0.0888701372118467,-1.0785266665567323,0.5191845526282243,-0.9586360807633214,0.37390285083609065,0.6275678399637368,0.4592393204779215,-0.6197912192804188,0.15351659040825003,-0.3956264144817211,-0.28193729179746096,-0.3802906658907108,0.24144829956394342
-1.0083869510637045,1.635560316502701,1.319740260385893,-0.9074934563712791,-1.3289816478978373,0.45304313691510556,-0.3912052211398634,0.8526095720215596,-0.20359124322628575,0.4032909459085276,0.2601159875673169,-0.341028703090239,0.4795392024042735,0.2541907333489016,-0.501549155550558,0.13631161961907123,-0.0048218409628442505,-0.10907063957800957,-0.5091406327638335,1.4981286924181056,-0.20006197023984734,0.5212945558873455,0.3321536631005788,0.37633041204721124,0.6286186408586318,0.3979732001897093,-0.9645585622336271,-0.48740126860695554,0.35281738237069526,0.16413304625104852,0.1256358844342696,0.0853303517997152,0.2297735373419792,-0.1752479031036504,0.3677243356669704,-0.2123328155773554,-0.5084368143614342,-0.8709402250091244,-0.0040649119477333875,0.015006751739037228,-0.13887448371938793,0.28762864660673076,0.15274820770133407,0.07611938751243365,0.022358959981057296,0.1052443621960208,-0.054179620018772814,-0.11075554705588024,-0.28632207437521046,0.5063104602831912,0.33307256809992936,0.6360212243035834,-0.28450852291787443,-0.2224315266301327,-0.9945483371412438,-0.26096118236346355,0.23885334984757364,-0.6329206845690362,0.3608953608244617,0.21470493988720504,-0.0951563549763196,0.06173322092741878,0.13600673180899508,0.10362231968794162,-0.8374124350252767,0.43825378087666167,-1.061951957872089,-0.2638381106965498,-0.3690789274767161,0.20667829282079136,0.1488038152163201,-0.08414835937065153,0.21316913407439342,0.2693481607709153,-0.4446473532720839,-0.1596209199124448,0.23744631098280344,-0.49504239944358935,-0.199294204721972,0.9666052689535013,-0.36037868513173293,0.29191418133039915,0.4318427694859469,-0.4903373243526609,0.3588901453413818,-0.42410488843433325,0.21478458208580611,0.36150893490051134,-0.770513470541661,-0.05995207396769854,-0.12813225261639616,0.8951171272214873,-0.8622650874629849,-0.5793862687716081,-0.23409950223238213,0.5344405492806604,0.26262187313010144,0.414844224130922,0.5254528061770435,0.12987101577045232
-0.2676653430042626,3.69434699094606,0.7893525668915713,1.5125866518372892,1.6604562263612994,0.6770450386839112,-0.2660175712159651,0.058786544790399936,1.026393465921346,0.3786901883835484,0.08969300959255944,1.0031526476651165,-0.7093997781152833,0.14291381424827848,-0.19740249101205157,0.10316645144671462,-0.35971873064449145,0.01071863343457354,-0.3953685078026633,-0.0779835096275722,-0.5936385738134649,-0.026412853004596254,0.20239359116210623,-0.309495463977962,0.7091919016031917,-0.4057211607843642,0.06452362701553581,0.43463592651840355,-0.5376635639326423,0.4579844442629605,0.1289558259872428,-0.5178679472272478,0.7542770322072783,0.4656640844068565,-0.33774387089149566,-1.2140747192090913,0.7168025230790854,-0.5712098116237296,-0.013879623899616753,-0.14154209212039673,0.2960683315852787,0.9833041623974885,-0.21141839795788375,-0.7101281122524847,-0.3128943905419277,-0.8980513974108137,-0.1669095504032974,0.8284323815808213,-0.40334405451068983,-1.188114952161426,-0.1081423879359387,-0.7117063525736317,-1.048039249092594,0.6378941436601082,-0.49321825590695445,-0.04221813155630202,0.3188090184092256,0.14222843579577604,0.07943731996255839,-1.348586963273534,-0.13142100389385017,0.4125950018592394,0.3696866862532669,-0.4397539258164199,-0.21312107256033153,0.2819867360399685,0.4268182413202661,0.21631268548666066,0.7117931267383816,0.37612199722965833,-0.6093770236395439,0.45736151991184476,0.7982320830130222,0.19739482685030338,0.6735002207901518,-0.1233263254120991,0.7347844012401289,-0.25560242322652443,-0.5568205646338659,0.45235088277411467,0.0623378502716165,-0.20523690216031013,0.6745942873776597,0.15646805902204777,-0.34555593017738784,-0.3617984959541196,-0.4673544362755364,-0.03420277025511903,-0.15258684106635495,0.07044432428953722,0.14201824859208342,-1.04739257459853,-0.5278883684724502,0.7464313718072095,-0.4577339871815479,-0.40715503657703056,-0.15847735897162427,0.7464180667225385,-0.24923459080241717,0.0942410377416577
2.0185518938300753,0.2601328671589748,1.0846244318494873,-2.388593897042597,0.7869785440440891,0.26959039817950975,-0.8250733293190858,-0.44804368304884834,-0.1449346570245895,0.767805998285864,-0.07846278818841063,0.5369386400468044,-0.3773062385255831,-0.09400493631622824,0.46325789608212947,-0.06517734307532778,-0.036172596311250665,-0.16968414454326408,-0.6665224384909514,-0.8412627595910361,-0.7785231605508618,0.1856328811092158,0.7489325044665165,0.35850071740671685,0.8020682153545554,0.24860928936114485,-0.5333147681493687,0.6336917760118842,-0.46242821695766806,-0.7545013436988244,0.4011563781588624,0.2223345017659108,-0.18552429923622993,0.23298524954842226,0.4084688135309605,0.13235123301301083,-0.11177974878430366,-0.37770121627475556,-0.2066359720197288,0.29189022828004785,-0.17000655546880045,0.6603454598306674,0.31485048424402234,-0.27272573012303514,-0.29689319279613,-0.1861776984763169,0.41371083586097634,0.01608452525995007,-0.1690007437345659,0.5768990479880353,0.4775714489190763,-0.5539646373890512,-0.1725947288630509,0.6204997066024883,-0.5202370809784885,-0.15536630503277588,0.5594284884142785,-0.08345420417140058,0.26542667307746987,-0.1539366235997775,0.17066854375282192,-0.6971975175008881,-0.29169903816022685,-0.3717708193179233,0.258894840965264,1.0487829102993467,-0.012267307453815237,-0.17273521663957012,-0.04219821644689449,0.06576818901672883,-0.9799082248069769,0.17201887878300895,0.1674548206520835,0.4685494062206412,0.15104410588170594,-0.3918590112297587,0.593240714076651,-0.19173827833321772,0.1325756971572903,0.6411723774590518,-0.2383652220295448,0.35267769355451656,0.3103015074366319,-0.6867114673024077,0.14269459474039947,0.45054410259746597,-0.40236079001603003,0.5146762910390934,0.3137607724068349,0.5795782836084439,-0.2397201666124876,0.17265910759350958,-0.7583051063237916,-0.12285714085212342,0.5118949722255005,0.3745490105493415,0.26728856289021785,-0.054764703689972716,0.45165597658911466,0.7736367113840913
0.8052754261584318,1.0651380936395145,2.4112216162375866,1.055653529630781,-3.4665989507800807,0.5367702675417835,0.43942658353699093,-0.06118050478319031,0.39078479226957036,0.5327273753811175,0.8565582024934297,-0.45182286519981585,0.490715219734015,-0.845248749375134,-0.5974848225600505,0.36786932673304773,-0.22737036777663136,0.0263789675238019,-0.37820905109683356,0.5843191795330541,-0.46840918184493674,-0.08661868836960272,-0.504356249788702,-0.16025712188790547,0.2116133301605756,-1.3058137329579467,-0.46094315784112894,-0.32883749873796964,-1.3500621105896526,-0.21954030844533767,-0.4436941181549106,-0.3225076691802855,0.7420512447274994,-0.25065685667718407,0.21294147803139496,-0.29945266882299426,0.4967065731533791,0.37009995023441067,0.07113341844505933,0.460330609622553,-0.6738579231713412,0.06044019044488924,0.10822467453217449,0.27530761242584756,0.4288829555147612,-0.27825169233683306,0.19407229457603886,-0.023097690863745985,-0.06815353805861993,-0.41974754626766353,-0.35943212698619503,-0.30949289469555835,0.300811076025615,0.025695504313161303,-0.44252983470533014,-0.13081077553728218,-0.45004489660907016,0.17866707546869048,-0.44955454088308083,-0.39787890915548496,-0.014123819844032512,-0.17093567691035397,-0.14559414906117787,-0.13668173251620927,0.9677462388003861,-0.26292097896371874,-0.25199338850442915,-0.4052533653289277,-0.17536015300797253,-1.1095724449959512,0.4694753659786421,-0.6522257712391377,0.4087455932487336,0.7905856754713197,-0.06488746712603771,-0.043560255694920745,0.42191250650049156,-0.6242012659606095,0.03932108760221336,0.9790875718307767,-0.026552314991602925,0.15737077036664765,0.2061757689581518,-0.6708466522892749,0.19025318171774905,-0.3652249924904886,0.43094172635685235,0.6344792147512047,0.5401495456178629,0.7539907226300401,0.8390419062149016,0.11126820080382221,0.1928449521145804,-0.026273088212638875,-0.4776357231728089,0.2693269076907448,-0.8204888362248833,-0.9274488283685188,0.46041510919017214,0.6966302998548494
-2.5564456623802165,-1.8632868399213187,-0.5442181967712285,0.7019719932892365,1.0000978400015494,0.36989027574640765,0.3362509230036478,-0.6885298257366032,0.23324345257607,0.6539551351271826,-0.23911072925133725,-0.19305407335504204,-0.3338606720367753,0.15636925665888654,-0.155091010653909,-0.7193520535114277,0.1282647719846806,-0.38964886407011295,0.6018766787809664,-0.35405994583787526,0.029206449999893823,0.12340975838438736,0.330823296650494,0.989003128598792,0.4350320111751166,-0.11178246524932776,-0.1866666567961319,-0.2104305902686923,-0.035605680899911576,-0.5672385278560439,-0.24107983718401535,-0.12718292370285467,-0.5005129929307273,0.5020487835318188,0.014814832665131039,0.18905173290004595,0.1604075555164607,-0.17036928866078743,0.14658214306352713,0.2722242151451899,-0.07046656917543516,0.1765914914738837,0.3129189214108222,0.8569952213438145,-0.5941812039608805,-0.13642225617692297,-0.5190024977603392,-0.6539757092547198,-0.18302036804227015,-0.16415893179747526,-0.03481359037642122,-0.013712402755437333,-0.5203830922008224,-0.20933519934683442,0.5686049072471016,-0.6201578278218473,0.25271914808352014,-0.3383447004559009,-0.04252089134858795,0.07399398698873842,0.3931732034181201,-0.5105519716158302,-0.9246107027534253,-0.10958597650018564,-0.8143142952244514,-0.3373035208733543,0.12639498189286408,0.4711935341739473,0.06977958280080253,-0.16894904370558583,-0.7695262447480284,0.27505773428542535,0.8761659565151954,0.24112680071868203,0.0033082583042336193,-0.8288663248783379,0.0013610871850124506,0.2663559343705184,0.07830165414781158,0.03840322082388036,0.5423138834567051,-0.04771264814356761,0.08346066817404035,0.64262074063255,0.1775990738876578,-0.4871951377040695,-0.34327981563171045,-0.36489789791978844,-0.19426172359198168,-0.6191504338808522,0.007873993715572607,0.02149652446834953,0.7428376266978521,0.002563899701323114,-0.26429255802880597,0.18836868038150578,0.5684738238904322,-0.15821412754154812,0.23283129018155072,0.6404970117952183
-1.3181897845545794,-0.23765466618033698,1.8022058248655426,-0.5916172575332372,-1.6081031057567277,0.5263080388426052,0.10767008074428337,-0.15824654429030416,-0.1231610119990784,0.9315367791117671,-0.6964599129279778,0.08817964738100421,-0.01231069903908042,-0.07419497151699103,-0.047226094944095895,-0.18018224528675028,-0.21537495766595435,0.16073650883733287,0.18138230429717417,-0.07021008819070024,0.05143072011058652,0.11883547092862641,-0.35168191355912526,0.16682143832182492,0.14309955581844683,0.23977848041888605,-0.03935137393945517,-0.04347271801222719,-0.10911631320969975,0.11883750667225734,0.5731769115636386,-0.2228135559888638,0.33971178694824133,1.0133786226681942,-0.013819333078594941,0.20187974004106635,0.28384218722174626,-1.0114481898798418,-0.39091567302766167,-0.22598775487208764,0.11611203057339857,0.5482012203717548,0.36102068670141974,-0.41834998631461395,-0.33210871201812175,0.44027984512503254,-0.31018922150108436,0.41627163968861397,-0.8408221213955932,-0.005091566934872387,0.7731260157062907,0.756063691592068,0.6907230457521369,-0.4175386067769372,0.4139227538129244,0.8000228782257758,-0.22025156172257854,0.0267930115809302,-0.2931794342920067,0.22650499609314584,-0.049151723978890456,0.2031556586717824,0.0847121902730867,-0.4692530406256945,0.3527016554641259,-0.6868610207795329,0.4543284862593758,0.4306182755211278,0.5801795576362048,-0.3901411044888421,0.4538319581120774,-0.43281332217385243,-0.580437966902942,0.025722155426481548,0.1335138750944988,0.5752076066001401,0.3205063550622855,-0.02130164366975949,-0.19304005898643645,0.20378308592827565,-0.08525318496185214,-0.37256397208692305,0.07848697247320581,0.3984421158744345,-0.123411194426667,0.21437233982969145,0.34648861540630566,-0.2780537797067108,-0.2973676566841825,0.286219052547851,-0.005216293975789575,0.4617585327799137,-0.11504649222437596,-0.8451372228868215,0.2987716442863474,0.6222768295403928,0.13493809850190186,0.2988700694376593,0.08260376653026436,-0.3420362763478438
-1.8536453949907425,-0.3640352624922595,0.27322295108465455,-0.4731544982124951,-0.07137839548716687,-0.09035146648991488,0.14246330112838015,-0.46339801582798584,-0.25895059161575734,-0.6492108418536171,-0.8517372051434413,-0.007638513979124135,0.23008081116013632,-0.0960835652033549,-0.2519038213999518,-0.31975279260471107,-0.5110294026445817,-0.2875877692418588,-0.01043423603418207,0.7339012559543322,0.33365621349716046,-0.871703731637203,0.49400577032389015,-0.38081196107133747,0.9707572925844238,0.2731486198546215,0.5770862450431226,-0.2809638311614947,-0.452492129521707,-0.08032555343580998,0.47422402953949977,-0.284738373268025,0.0786679009540004,0.3712801857363291,0.15523613409984457,0.1228273027264635,-0.039592117189597195,0.45145564536607896,-0.6035398996403971,1.1417981213706019,-0.5355314456267196,0.5221233097208681,0.29249972086700504,0.1957398651948805,0.2022738103720558,0.03648603856879464,-0.19522054555120286,-0.19278216446856214,0.14724428134553277,-0.4271826055521131,-0.163681964195552,1.7235597277143304,0.022464106660207844,0.06267111299963721,0.20717708469088383,0.9944176115706536,-0.2497236826797565,-0.376726772661779,-0.475712011527677,-0.8746393113331776,-0.3121205318913174,-0.7707831317043309,0.7040314195167664,0.4152989063341275,-0.3977240875211283,-0.06162165415461717,-0.36531788038959545,0.5542439114461559,0.08847348451811844,-0.42727325355333673,0.5300144495405439,0.06200059726393023,0.3693694940605635,1.1347451993785866,0.5991892180224356,-0.824011130851199,-0.08733538519932982,-0.7305398154937909,0.2872448666801041,0.13701076269567208,-0.036296244321356204,0.28345437070485385,0.9532112743430514,-0.5348082753419569,-0.12621935375054383,0.08164640084143185,-0.14243700324589612,0.03242005197666051,-0.64308709148509,-0.4473529284382327,-0.25814389119742903,-0.8627288900080864,-0.47798140754297097,-0.002973825984296686,-0.4488645474985923,-0.12329047300759619,-0.29472634534943115,0.29955052384601416,0.2652622757738051,0.3950851348991409
-0.4056347397520715,-0.5598618980992789,1.3275369361229674,-1.348790724167097,2.467611960036592,-0.16627702749147608,0.10437099277069756,-0.4741898475547973,0.13661258037129093,-0.741193813900298,1.0585703795950228,0.2747539072599933,-0.314707110858418,-0.08120563344959772,0.6195047884201894,-0.21096381600425756,-0.10841602329342792,-0.21256257192829583,-0.04102587408656226,-0.2255361009819236,0.3005872993951012,0.07468222402546729,-0.18923880567315468,0.7240526194644465,-0.08812527283989993,0.3256095389919758,-0.871647214605496,-0.18163714097391104,0.015168164181003372,-0.044389427886443,-0.12994378950208832,0.3140774380359903,-0.5427259979844641,0.28944728965369276,0.22733435975905472,0.30210017504803793,-0.06562786246277405,-0.3432266525927338,-0.0287337515201005,-0.4171401982701761,0.1389460714287002,0.2746088802034272,0.17226499308930718,-0.01775697325407067,0.6505610995311278,-0.010424158040829558,0.06650475041751783,-0.41194870904948383,0.09645125313464296,0.4044816330201978,0.31183619802797374,-0.23653241789426008,0.01780688384210326,-0.06455228288204717,-0.39107799137193083,0.27846190125578263,0.5799271613947937,-0.094373549825988,-0.42091982493637276,0.1986359010286822,-0.25065346438837455,-0.2489334181460667,-0.4476807047484844,0.1565703615998101,-0.2713415669732789,-1.0294946742364295,0.11191264628145615,-0.0820775668435373,-1.7492013443178593,-0.14628016160993093,0.7507849041862384,-0.07337008338749255,-0.27866918379770955,0.031874933265607884,-0.33228407835429397,0.09819022446580052,0.33492671557101356,1.256107986696194,-0.004894400728967249,-0.6256637845772386,0.19329371717409727,0.10717117979049418,-0.2647984399258173,0.04321906353104742,-0.30339187640924287,0.09842012154790676,-0.6423859263376496,-0.4097353808263021,-0.1004531199427249,0.5387530408953068,0.29453181400108014,-0.3866296262831673,0.4983563191352663,-0.6757636414352755,-0.22238705133276365,-0.05661278122410616,0.21212929096602876,0.12717085489052077,-0.44981287831583494,1.129369729429493
0.40965147829839343,-1.965970043839942,-2.580075978778928,1.4814141969352113,-2.526363490111847,-0.3837952795725056,0.8264152440056131,-0.06374439668295777,0.03562106243620456,0.42609332059614125,0.046253123951202006,0.140375865039327,0.26662127857402285,-0.3459292800043095,-0.5931796523368078,0.2743373197034311,-0.3615415324047814,0.8218301094017116,-0.47785161211777705,0.46579369196027676,0.039454508952970806,0.5361221215216508,0.3288440406503767,0.6127336962738477,1.0364601604045034,0.30652115132712654,-0.19201167214468617,-0.04901936278842036,-0.4446364778227208,1.1175193899005276,-0.12497808099734936,0.1816689436367142,0.1276784282398671,0.0517487573994492,0.36982207758423763,0.689660397674508,-0.28318063918206626,0.19157289065475333,1.1289587379925654,-0.2132487565033101,0.05577957059297428,-1.0490188800609355,-0.3186399232768191,1.0016601766625761,-0.00689038807031616,0.2990705413324073,-0.4329340066942837,0.3947709240279554,-0.7682860194236325,-0.11715495034907852,0.11097741488879581,0.30733641337269446,-0.2787991598786257,0.3527141389138058,0.338067971345281,-0.04084807239415947,0.17074392530628868,-0.08124108365389555,0.07369467737331917,0.023585739008543615,-0.14590638463279212,0.022057113298972583,-0.4234752130343479,-0.0882101636687942,0.2186834532820922,0.0070473266581844276,-0.048237463946920064,0.1638943790528001,-0.42694304807154754,0.4314252420556409,-0.1337594781084504,-0.06755027311261624,0.21171963933785937,0.31379660376489493,-0.4225784706321501,-0.38502076879792896,-0.0025861017027050863,1.0688689856278655,0.028282011269479098,-0.13607873769956852,0.6315736312078709,0.1772061723632531,-0.11077539297017129,0.8663002746742109,0.5090365887036753,-0.10598418748003424,-0.8322971244057416,-0.09920041629064201,-0.32017818839674994,-0.05532787283408214,0.3316512521874983,0.0560388896866124,-0.4095482878010833,0.27944178810625736,0.6649392666912327,0.4470044596042301,-0.3286613716674673,0.22596148705545682,0.0859863609345175,0.6635951180698137
-2.2202699451456636,-0.13883475355069758,-0.9954646193657881,-0.2729210163510746,0.4704486596859251,0.48747575873366544,0.32240586845300206,0.017532064784915487,0.5096284890351757,0.4448071458143117,-0.3617893320487851,-0.5309570697007243,0.28662345166688774,-0.1880583749776322,0.11884198770941132,-0.21739653145990612,-0.32231731474598985,0.4339754819463958,-0.4202692188656677,-0.22518787018890013,0.32818572688568803,-0.4991086923427518,0.12972428021749116,0.46108646688143407,0.7868143808718413,-0.34153574328392927,-0.5797155593897985,-0.7576823617564813,0.2541428663511285,-0.0945253824865493,0.15668741273113793,-0.8593594483004375,-0.8953282538033436,-0.07210399916145943,-0.08236274395035821,-0.12768324526956237,0.05515219250881547,-0.39849092423107074,-0.3509471105660095,-0.069162275449352,0.2593394219344281,0.43920223788998425,-0.11049927374284292,0.5774841248061372,0.02764508948187282,0.3219791810787857,0.024648438045998203,-1.0196460150611177,1.0832077042335049,0.730389413294532,0.2999015537304599,-0.3627435229274226,0.33312304668633574,-0.8584939183626021,-0.022778291647640492,-0.7024528529053633,-0.7967596740690842,-0.14670161659107786,0.6365976469835906,0.15932908772043156,0.11503976914731043,0.1663556689145181,-0.12151025482219743,-0.18915402230478684,-0.3573180291256464,-0.025410358627850457,0.08496411244308212,-0.009727842428231027,-0.1907894351061587,-0.9050254776114897,-0.3858794788181182,-0.3379003126366538,0.27868902258474754,-0.255379062622732,0.7729984300199384,-0.301056293505957,-0.34806086419083015,-0.6278722576534264,-0.5798908118341193,-0.3522071064196491,0.41999783164418075,0.2142634768070221,-0.018893410271482326,0.547520283506391,0.3689101358607829,0.7638725653665536,-0.9427758516118114,-0.33403365641732286,0.5476919623478421,-0.4393085714965789,0.252280818947224,-0.5171579804300686,-0.7571842521598849,0.0020234936339548057,0.5835747324449736,0.3585715119232871,0.03531727685023206,0.06058874852838368,0.37623988482785753,-0.24053434894769524
1.4006987682930605,-1.0638562308629476,0.8284802637689042,0.3805320646176774,-0.08612563960302017,0.2898158848193138,-0.047361933271620416,-0.08616802037834369,0.5013561269636052,-0.5301909133751296,0.048610372320033075,-0.10830512169418959,-0.9839338251973281,-0.8045439221764441,-0.24302902931622333,-0.5277807269251618,-0.46969311619290577,-0.1641105500325478,0.537502823041076,-0.4469302656989488,0.45012102963467127,0.615230847236793,0.6838285140342222,0.08601398797694454,0.33494043640180887,0.20760787842026945,0.0997017765754947,0.06126727502885973,-0.20697336685365905,0.22852051085775096,-0.04117660863232003,-0.2222915206729482,-0.18659957686273482,-0.4541781339923255,0.527944539326569,-0.18535338932472237,-0.39508394008359965,-0.7121633975236974,-0.064643971066286,0.3340970074715298,-0.025017902614611905,-0.1315090871479015,0.36295591301608787,-0.4956101176216903,0.3323402164848536,0.17209071471280288,-0.5464055747166296,-0.48745089923178214,0.4759237742324193,-0.11082422491651245,0.025066905843166794,-0.0696279764841943,-0.49108478232443586,0.09483284205350057,-0.8115012081754718,-0.24376412203351663,-0.019195868254826512,0.5163536167947489,-0.2294874024677061,0.20870215387803764,-0.004431002202425278,-0.4981945862328508,-1.1881448105272185,-0.45655004400414634,0.3150127926776631,-0.525080607947369,0.48783804305907125,-0.17196345757885817,1.3536696335186746,1.0075248054778794,0.8181207370732597,0.46026923447600604,-0.0843995504625232,0.6477791077541312,-0.4157217091745001,0.09789955905250602,0.02663042021046416,0.427739612016065,0.21197594457987723,-0.05244716837203957,0.3745808280473753,0.14573124542102922,-0.0877321164877812,0.16618110567568278,0.4751498186423022,0.6087153204248512,0.09414091557723873,0.06642106452070212,0.21550401421422147,-0.1701043160193907,-0.19102495625238713,-0.1832121140603004,-0.06870287372979676,-0.14102897467928271,-0.738860573548997,-0.35285345492158005,0.016620961432107964,-0.6578736765454347,-1.2981298951852887,0.11918584355544652
0.8141688453410361,-0.02658042721248388,3.314765319711147,1.5160787878499156,1.3549858234427585,0.22677715576091034,0.06732336947929042,0.15781379840752263,-0.531247220345772,-0.44324383452788996,-0.031545299149913206,0.5939886206162381,-0.09077196467707148,-0.5509490972729628,0.23841981791922157,0.20545045859735717,0.5900061968364173,-0.48653531912482667,-0.35346348137212624,-1.1119603454758344,-0.30562333952584486,-0.5164066522073827,-0.27159928522374666,0.8461521979559681,-0.49406685094362696,0.03440133516550076,0.9728542672978647,0.08143707299452842,0.033821010452115996,-0.08451708589617521,-0.2973140910746965,0.32448758606689687,0.1289908614021537,-0.16123556427814328,0.061191256604217585,0.12948702182572447,-0.7405911586628792,0.4275696691727665,0.19392967668775604,-0.08891139088300487,0.2734506631140654,-0.3454976648432317,0.8912508725096291,-0.3330409894166148,0.731756656231259,-0.3425508901819073,-0.2845613362816554,0.35836951053925514,0.25894325126769585,-0.07872170655503656,-0.22277710973714074,0.15362221825652955,-0.21154580979370488,-0.26730991820490707,0.0987726194913156,-0.604404847097926,-0.3647725892497917,0.2388456045511433,0.039258964961067726,0.41182410620210474,-1.090041087831762,0.32225586932539535,0.6377339633802213,0.6562855875479706,0.004146590894570815,-0.7255363307540414,0.3399377547760928,-0.2912768756316413,-0.17365061765928164,-0.06553151343701592,0.790115409085273,0.6898935263650241,-0.7372349733624756,-0.21017093553762267,-0.04499618934232035,-0.44634117099826515,1.1599768738609448,-0.1987231615993166,0.11223511433236069,0.07954276001828638,0.24004008594614842,-0.15974739144404115,0.5055547895057922,0.07085017061811731,-0.04854714391177923,0.8084988048514014,-0.1787482420908893,-0.27454768878267216,-0.08885298789940749,-0.4015355272264238,0.5613733995269157,0.18677078171141273,0.26160840130060004,-0.40303833867767175,-0.02309567108890459,0.31361376864044876,-0.5844693074378092,-0.09271210027158079,0.34648289691942236,0.4692831381353722
2.8425944020940164,1.3504107887210441,-0.6412714694133477,-0.4743768880178192,0.47449143873251265,-0.39698118158852613,-0.021420548658914105,-0.05312923698246698,0.5733162863840425,0.3680340766422528,1.0249304821997622,0.4423340278024759,-0.35209809811523585,0.5302929641658987,0.02523722335502569,-0.3738541989188836,-0.17629303791076825,-0.7336078488315576,-0.16336768465783919,-0.6675449030085082,0.7250897422786066,-0.18569991386146756,-0.05200603822308409,-0.10374152829977057,-0.2366425221807565,0.166228143012897,0.500125104260691,-0.017972554711771067,-0.47025877367422114,0.6560311176227277,0.3025824649498954,0.31437565432132025,0.6528255104690045,-0.5408631734734871,-0.38601054647935856,0.03182578340492218,0.23600891563408682,0.5209641413091022,0.5684961438445968,0.05094011131683733,-0.797897625749963,-0.20487157891474317,-0.2061339943140812,-0.13558310755371214,-0.1707298574598802,0.10771747236906755,-0.18986726935047088,-0.6525525009857047,0.19373836152142257,0.03194752450227449,-0.16245485565527687,0.5983140852639007,-0.3735226664467924,-0.41365838488642726,-0.6071662433666738,0.3925432260000804,0.6879017784283656,-0.09290548886603006,-0.35214549476329504,0.8942192071484275,0.16344407639472303,-0.43243103237195757,0.42136747065247177,-0.7415907045071396,-0.04578672097055762,0.0364178734903092,0.27707793583086754,0.21016006157497008,0.578208221357321,-0.8975796963410217,-0.18111753793777796,-0.20886250399935696,-0.016953763196464057,-0.5698586495910428,0.15741504366043377,-0.35631838358414436,0.05214386927603216,0.12493997555239889,-0.9339778693112626,-0.16548656866294192,-0.2213313146278668,0.920692103554891,0.2048436720021247,-0.009872435469428774,-0.9348143501163987,0.07187645878530335,-0.11890518872042614,0.5738534044135326,0.42849397152725904,0.1958417974016796,0.48641457738763094,-0.38893476437752883,-0.22105061055991576,0.792502366560275,0.16471961690354225,0.4974589014886671,0.07702020762114911,0.5560673392779782,0.3635631086938308,0.12033469104915705
-0.6649053699116921,-0.5597315664895316,-2.813834607114872,-0.023849899762114685,-0.9206931993916195,0.746032570154326,-0.3605530759360659,0.23272772013512152,-0.7949835230191319,-0.2022833080748723,-0.4662594622718718,-0.267449329688108,0.2799069684702408,0.3811938765777071,0.7065996527534469,0.04869717223082628,0.02204883529677841,-0.010646245089750752,-0.10184731085714331,-0.1115797800877732,-0.21839128517625675,0.10334216480534798,0.5255235584780852,0.15229384824119752,0.06770965369966464,-0.7762900915744293,-0.5183315086948008,-0.32673758300426314,0.22742248673977974,-0.38249276671025584,-0.07460846685152367,0.2665629774899394,0.035809611275085085,0.4282098954668653,-0.3164507513819325,0.047178858493391,-0.27180660872029894,-0.8166519584242974,-0.41021558150544,-0.6773741620834813,-0.35850130919446016,-0.42923283704620907,-0.10975923987946586,-0.841293754260291,0.12548197445489992,0.5410798144392175,-0.7412738291777646,0.13520579129510177,0.4884289497399192,-0.26393382516117286,-0.33497847656919366,-0.2716488924086324,0.24802111200598487,0.7465267194621951,0.8760100688964224,0.43702009347396625,-0.22418137415194242,-0.2017558137574735,0.5012497155104625,-0.40993994085740326,-0.25036883305047003,-0.01085055609562291,-0.28366809801025566,0.5942413912704005,-0.3503241204484602,-0.10056532636400277,0.6337572568876074,-0.08685107997491029,-0.034589444661085066,-0.08733720945854621,-0.09579898640330446,-0.5082625053810461,0.6953897151345537,-0.11405698879048133,0.41886543315069363,0.5612548789123958,0.2216629224346443,0.14212448425331933,-0.10820668440525254,-0.28922692638100894,-0.21322510689554677,-0.2755874607386952,0.43798018829104485,0.03379396781802269,0.6940239786010453,-0.8174387597739041,-0.026591239016582103,0.022857560798492306,-0.1089378975601921,0.4618691533938317,1.0020410194746177,0.3891700617792596,-0.6356516174892074,-0.33923908814057496,0.721040271491541,0.7769359735953103,-0.39429220064415776,1.0958444987161078,-0.07743579018662997,0.10291350167999289
-0.7502629551383858,-2.40632380171252,-3.245413288940982,1.356063383132869,1.5349692086235391,-0.27975810852719246,-0.0711592855309543,-0.08068786735912602,0.9152991183010146,-0.18709977044743706,-0.12938747427237327,-0.08118970724383338,0.5638675368280247,1.0051774689781265,0.7189884606480189,0.11167713384589464,-0.19580981550002885,0.15589059936257255,-0.6237124501177137,-0.19835028526246795,-0.3187643802555074,-0.33123122858124365,1.104250095026374,0.026242934437672002,-0.028742247285266056,-0.31906998777598755,-0.24274279723423786,-0.5403126209212067,0.24454227079266241,-0.5892840467121249,0.8309576373861324,-0.7497888796177167,-0.5584468007637985,-0.4297948579762374,0.11637214564853215,0.508195384068748,0.20969856322759742,-0.7965784424629858,0.29902094068282825,0.8333573459180311,-0.37713373112136017,-0.5521716787488549,0.5603115902832216,-0.15878662486710507,-0.07874131402478714,-0.017032037046081836,-0.7827472675249855,0.703590632198466,-0.9341076421955995,0.2688867313596074,-0.48212298942151205,0.05647930269840381,0.15533622225544047,-0.46825538908923675,0.07006740749660148,0.913414584081226,-0.8986736538663456,-0.20067117701754061,0.6663628085903,-0.7971011463921083,-1.4987628012537555,-0.16957674409798879,-0.3217690093783184,-0.6336913287035493,-0.45893850530333524,0.6464675666485611,-0.811617655100018,-0.1420224079382846,-0.14022794947746067,-0.40430060523693584,-0.10808854726780825,0.371012879914688,0.1281834145870763,0.16480627321311492,-0.8416231850335117,-0.1685699770261431,0.7198855009943506,0.8519096942388087,-0.8002881081809713,-0.3780585484651549,0.5702724895298543,0.3030444262131308,0.1736696268590512,-0.24746178882898912,-0.05262278086587763,-0.18724739220426542,-0.008794731684194456,-0.12905644167244157,-0.019272122785956494,0.3934137781544064,0.09050279248836506,0.4628111379918564,-0.6605864928991585,-0.20827490461102915,0.019164122359879965,-0.858652865975652,0.7593092025252337,-0.4084071868042124,0.06331697673755618,-0.4251763395242321
-1.2689577346984755,1.7114002046233006,1.483049704516006,-0.6426013277622971,-7.349707460738267,0.22019451759662664,0.106733747498368,-0.48680302841103484,-0.2593978556101308,0.2262668941376923,0.12073010862286002,0.2960851312522739,-0.18430142997874224,0.26532736536260376,-0.1566164441679729,0.21300904836969553,0.779137478902219,-0.4781772466455985,-0.05167384968114899,-0.879354091271909,-0.5044855026588277,0.4522522592216252,-0.2618282759003258,0.05239889336970831,-0.13550966936582684,0.53555390247816,0.34486154864831237,-0.4177527620944155,-0.40580291819296377,0.5606318293132739,0.6075602778958983,0.28795071286589496,-0.31979883504910084,-0.5641438769196494,0.516291731182763,0.3016127885719826,0.0061712528773802235,-0.342067161618782,0.5730697348558419,-0.09695709662853806,0.10456381397567266,-0.5069202907215377,0.5216667022990392,-0.08328722161840028,-0.011162458849228445,0.8216389155987808,0.3624567096929379,0.32468235098177517,-0.2415940095578736,0.1592765782470997,0.5586655215495163,0.32105804580895664,-0.07539958267735013,0.18457079446166674,0.057647874094690355,0.11797295646690861,-0.3893503246115735,0.11119581892162675,0.1730575155412972,0.09604667057725676,0.043189211449371614,-0.5401257205514772,0.4167717790205887,-0.5052210529893374,-0.4373717993938988,-0.19687590664383844,0.1411301743501035,0.40653599654092143,-0.38446498126819606,-0.10081256788587291,-0.6902946423314422,-0.5486694274670918,-0.03115131380464356,-0.12899393231728196,0.28929578213750473,0.4389026624661786,0.21862433748464344,0.1320251411766258,-0.23055806298922496,-0.4969624337568662,0.46074520348412806,0.024803594783766623,0.41488356614034794,0.35625895638893446,0.2862923660924496,0.10647229273548331,0.22267819219968296,0.1239669391737025,-0.5313897413748812,-0.24753937264580206,0.3563966001987905,-0.3214742508937034,-0.23126826146611576,-0.02717702034510798,0.12852003226115988,0.04757314405200866,0.482843239297225,0.42294050901763186,0.3508302501010954,-0.018257350064689214
-1.0748263722123073,1.4811731377312722,0.22479240681141555,-1.1521950313320808,-1.6139336913808084,-0.3040905017841273,-0.42254374934644073,-0.3936484012699369,0.5553250557637097,-0.016346074192688347,-0.2666449274658247,0.5441538729177335,0.6442189818228184,0.7444067449319831,0.8924424254790092,0.9669567452113269,-0.4811288777718264,-0.31901115162486304,0.37671504914861736,0.41361647438536614,0.14068179100477823,0.0657808966586887,0.011471649142320054,-0.6275876975088566,-0.19412895173333866,0.21971455104083296,0.5823997628008182,0.1133661973169831,0.1346337895959786,-0.13927846503544705,0.15521042367333662,-0.13067022071522644,-0.042784914484955326,0.7474322780697916,-0.051533113955638955,-0.21757522897818077,-0.1995698526586833,0.8037622883154636,0.5142121846567189,0.29185008572883586,-0.0569697467440686,-0.11111236697467211,0.6659724970899241,0.2727288500791268,-0.5192706747572238,0.09729228976692583,0.3078620472118421,0.1716567856745613,-0.17815258972444803,1.0346268237338374,-0.21830668632464165,-0.135719684631813,0.1386937893895,-0.0034045403871181524,0.15866768613883958,0.2155367577289758,0.009574121539094534,0.8236401667669215,-0.6928721063656553,-0.0998533949092264,-0.07229554143419856,-0.7598932016337927,-0.8413719573005358,0.5713909887768053,-0.32569526334298576,0.1676054801609426,0.4621126472324198,0.3913371167393816,0.6238820698689094,-0.2467248466089626,0.5653578445848731,0.4319079645037641,0.594629678258918,-0.3876498948507037,-0.3182122499841418,-0.26581456345125665,0.5828029098546004,-0.3031610184367155,-0.896808828278731,0.45360983363666496,0.2825190572863045,1.0928340656163387,-0.640771078717565,-0.5063827857805453,0.46518730081133763,-0.27269419756345054,-0.5649533034691304,1.0812175327392584,0.32250942290288925,0.5405942462876895,0.5663818619761901,-0.5828774306238619,0.33957559850097513,-0.8897255953814005,0.13660461293063458,0.11192753481252225,0.3228303535927769,-0.13485954698264827,-0.021547300355678325,-0.4064862191865904
0.4402181591404053,6.71744358604551,0.9066258417539471,-0.27200841961417277,-1.794472501312917,-0.3272152888002839,0.11506282481279585,-0.6786708164754205,0.4228430300002223,-0.7486175503227996,0.16524822753191915,-0.27984306383068425,-0.054487978803699086,0.317032350534167,0.4758450451859238,-0.41707387888249153,0.5088734539312842,0.3793169322816097,-0.20444011946915408,0.35102130941305604,0.04744887108743208,0.6913830548479378,0.13984474365145097,0.015351027728854447,-0.41516868836057796,0.04529758151259516,0.13063903538568217,0.2254127196114288,-0.5648911752283645,-0.04709448227795835,0.5388237076210576,-0.4003342051325201,0.24795795617736457,0.3983945515680822,-0.20487247571022485,-0.5101971535179881,0.037466342463226374,0.11516317053853126,0.2509798811063783,0.5298207229040699,0.7605945497453637,0.32517504798197094,0.47215094154969484,-0.43876294904950974,-0.11677937016593362,0.16915854887468337,-0.5845680468878989,-0.070410946875233,0.1519695129895609,-0.45808108654244667,0.5032457479625757,0.35567232235958135,0.6710467847191313,0.01084908157707275,0.7522924701190998,-0.2088672005237765,0.02966679821041531,0.35507475130186966,0.47052933575428363,0.7604864070522687,0.29636555657010016,-0.23629918916370982,-0.34893881445388847,-0.010335604971783884,0.1898873987566975,0.36381945349271383,0.560283445827804,0.31400181888213874,0.16074666810865515,0.2842308249359441,-0.0980382366063372,-0.6846266426732267,-0.29958544936648723,0.7493770377744873,0.136956409075953,0.4231067797921192,0.3723353427821587,-0.348102246474866,-0.6795745145428367,-0.3693163195871672,0.22329520258458693,-0.14863107121760302,0.37748577939624517,0.3922268442608197,0.08926692576994641,0.37455810397070316,0.2608042404580235,-0.9628661416129409,0.19551886110496297,0.15556421070748097,-0.004389799365451807,0.46365751690444035,-0.34839512903086134,-0.397118855034232,-0.5956533346898982,-0.10120648815019194,0.3144889633339579,0.4988634137186644,-0.2108267912936882,0.03038137564462708
0.7101710717206542,2.2747643933909045,-1.4979181589421342,-4.580845657583658,-1.4932002795273451,0.403501238249943,0.38851422858634116,0.3239777752171389,-0.27357987951877805,0.8343958243661073,-0.09922951401009014,-0.28391684340241785,-0.263754920447152,-0.7768791661334901,-0.7196302217082543,0.6604953152590888,-0.6336873499687915,0.9753405369499727,0.07861958837754802,-0.5843506816560159,-0.2929829184998995,0.6628421392892457,0.5702395184594669,-0.3293672904536411,0.6306054030311498,-0.24314718023127085,0.7838352317201726,0.5390030719620484,0.2575854868976287,-0.3622105121952811,-0.4625322292619981,0.3963916038299273,-0.28387199474392827,0.5168789567067089,0.19916395130835712,0.10214757312897507,-0.23221075991924886,-0.45454542612024706,0.31159088758942144,1.1436844666424548,-0.6164474129483701,-0.07488679655070625,0.23012988142034044,0.5129173147784852,0.257823920161958,-0.2254815774263467,0.2737761383668419,-0.17102504854382586,0.2740991219545365,0.7697467819485915,0.401354292270419,-0.3382167134417569,0.07305350820865404,0.7880761115001901,-0.17225893534789416,-0.11060691165726248,0.3662197674173511,0.2574282973625841,1.020514268318674,-0.46564206545865944,0.5864254299559808,-0.6631106130663392,-0.022975936711483732,0.8197641359960377,0.5296893183449783,-0.44354822104959973,0.09102829593224485,0.1515776224747934,-0.5252759150676175,0.346684684357053,0.22652750379149572,0.3336141754610484,0.5264452483236793,0.11993466480206247,0.4463880487758317,0.17166113195387334,0.426062799109478,0.23964884475721138,-0.12486055608929779,-0.5274667120657889,-0.41361923629269187,0.48257068090148075,-1.2611781713428927,-0.24710198290311494,-0.19886089040822102,0.05404482012181345,0.7048033919411605,-0.010906714675554069,0.20612055376155736,-0.31734123184711815,0.6367074743067156,0.06310002920771932,-0.25136608553037526,0.5648548928795719,-0.3818177178480556,-0.8354077216251437,-0.28998910457114,0.5087244070234211,-0.7845252813880345,-0.9383862817479304
-4.234238368217574,6.506213072794607,-0.61409060272274,-2.8665104961211143,1.2299842476068006,-0.717714988963323,0.16907761697073811,1.0638037682276422,0.22759117502506848,-0.3884381873499463,-0.2847792290129069,0.11183331265310782,0.07650154430916167,-0.10955883443831811,0.427687152678582,-0.01095342091718578,-0.25184102297510524,-0.12846421563885851,0.15812476680930854,0.5051613227481464,-0.4440890155461673,0.3383952042020304,-0.33015906840834813,-0.12249927911530911,0.6996080868460547,0.35185664823249735,-0.32890990457581215,0.5336393212621445,-1.0275028550611438,-0.07109682263627899,0.14282307002739464,0.09290207239486305,0.7219002594776012,-0.643213048360286,-0.20674359717742155,-0.31036504681877425,0.10741184255017067,-0.2746949897071685,0.4891846079529782,0.5451365344488649,0.04232029036523065,0.061626061811029295,0.536405235935146,-0.0320373237980637,0.5507948343252743,0.6798306692346135,1.022243909714626,0.7364574859448931,0.4578529269072967,-0.4581088564644928,0.31502206331093846,0.3236292544960824,-0.5994266194297145,-0.17078787607373133,-0.33973696585274266,0.36682868411316955,0.4135257713602062,0.0870072628315973,-0.19506879369313893,0.3871625572790428,-0.013511964448970171,-0.5202033514911155,0.29186260787536467,-0.0013223405885116714,0.7669979581320922,-0.45483880873670424,0.3062419065779408,0.942385111275155,0.316031882539505,-0.2951949628478418,-0.33073414389413075,0.3618748288103802,0.8016788282453883,1.0744581873467252,0.3088573107381468,-0.1162586940784347,-0.17353434542124216,-0.6130891610421507,0.3318064711290608,-0.8345309869561157,-0.7461131163883086,0.11220469168124264,-0.2776921469613874,-0.3966971256421765,-0.2725970678253142,0.9217264805614809,-0.11151407868175475,-0.1068607778037389,-0.005372982358643956,-0.9487264749643922,-0.22255633152996754,-0.576812103750761,-0.010400892132564163,0.21928305566294565,-0.6065684472772918,0.10471712541220549,0.3280858854349772,-0.11470665444825495,0.2791104182667906,-1.0900560541783775
-1.390417690338747,-2.0569254214178208,2.9840283277092903,0.2896482090648703,-1.9493166074673212,-0.31038298607846926,-0.4090604719922698,0.4031985938182633,0.2745940644103268,-0.666844766270511,0.0890253889181765,-0.3852531281734821,-0.6243797036480786,0.426542912427793,-0.678864581792437,0.41140468083990994,-0.6828328771452514,-0.40667004141874086,0.01563824981452865,0.3269719395554462,0.6608626535002516,0.05172925161603404,0.5410299307985099,-0.3206202837754307,0.11505530322241564,-0.46091067062650454,0.8646297576905876,-0.12234538517870933,-0.0037834436465826815,0.6522131909216835,-0.35537360705219107,0.39388474320728106,-0.29966661291106694,0.4684561906210833,-0.9075786976228123,1.1539217514410511,-0.4397783454442516,1.3203455747741346,0.13077001450152181,0.5885282075270871,-0.5942365806260359,-0.2797340741029458,0.8349384345202032,0.14803315654781213,0.07003069772082628,-0.41009842673241925,0.7371694180244069,-0.18539310702008283,-0.0035173505412289907,0.12969320132805492,-0.028897812013584462,-0.5539227874795818,0.31437035132561303,0.24353341263207495,0.865978529537048,-0.09186807126909385,-0.7643241592362124,-0.3426181140144817,0.7188260639304382,0.004902046555545042,-0.37045369028140335,0.06913888834499737,0.27662843424485917,-0.21081242488040156,-0.5895299944239597,0.07451329903504685,-0.13970186297522266,0.3785662182789788,0.5710431549362677,0.07488105457179697,-0.075463842738463,-0.35728291623658365,-0.30709172200201074,0.005205989530653989,-0.10514163082571243,0.5926567099748928,-0.49323867587819337,0.5023539283939448,-0.542960196163398,0.13237178840627858,-0.5055898011958059,0.07514990106098021,0.12068674870211685,-0.30971991940646976,-0.07078816179210691,-0.7615243665205803,0.22921859773050973,0.514869095504274,-0.03376429324462203,0.6025137582763784,0.32291999227356,-0.5964482510537539,0.055413897959520335,-0.19392359682861285,-0.001983798300302976,0.053095697212457556,-0.1286234137964588,-1.224199463103148,-0.6221072696367737,-0.003212592671106399
-2.6091374902439988,0.7967827451883067,2.9298031836175724,-1.7010898694666137,-2.015786347923889,0.15035407229068654,0.5729028401332531,-0.6929655509168648,-0.16188735586130668,-0.6091712362289176,0.7295976398429825,-0.05179435942369009,0.103886092684165,0.051227479738200674,0.029469741401715027,-0.4578522852352627,0.2879506050548485,0.4774620290556036,-0.20466876377405951,-0.39834464156027427,0.8022552854629192,-0.1816102775245472,-0.25963645109778094,-0.4752074682811291,-0.950599663021779,0.1553426585151081,0.16679472717993396,-0.6682157920663493,-0.03399516268786163,-0.7795344374100873,0.717748410432626,0.15765879717822234,-0.03929565456932739,0.027076172531620243,-0.22644048676145367,-0.09199743196590943,0.5130232562191507,-0.03521031315860746,0.08879984021799567,0.2307343287318557,0.14583975431660665,-0.18103996106169315,-0.001207222624640915,0.10123172680172939,0.08146376323077933,-0.7292910273988515,-0.2678038675718231,0.07933586141357153,-0.12399626761591914,0.1966700976667124,-0.49474467445775366,-0.8783799028535351,0.8260002494055835,-0.09435034734654299,0.8609935196968307,0.13003500255092368,-0.23379640510360974,-0.25963981349626725,0.32766990636347276,-0.34702486429116375,0.22758906550116298,0.4446968687715681,-0.6841116170809685,-0.4087143245870887,-0.5013521810162157,0.47101206952607616,0.007465036239905641,-0.15547866357843684,-0.23907666389179213,-0.09420958885519946,-0.13495973265803568,0.269861743247365,-0.005319135302782752,0.13052958916372284,-0.8087990021943425,0.40032814883683776,-0.2881529379565184,0.7435996743496457,0.6328916614022689,-0.5230712342081801,0.27330851182596966,0.18796271877749515,0.40251086133689956,-0.11435771099728698,-0.041328542864987744,-0.07539094429906645,0.1791640250351121,-0.42601742749169397,-0.04851193040717496,0.4311765164283512,0.2818786382019747,0.3805422838746421,-0.28064324041722766,0.18324383506354222,-0.2243185282397722,0.027233151379283976,0.5959286123805395,0.44122591248417203,-0.1561334670775015,0.04373809954451658
-2.524240173390037,2.3496630823911797,1.6010414444543701,2.5359486502213247,-0.018043141290435494,-0.15382908655975694,0.07712136975664308,0.7457682502383677,0.4387623752260859,0.05679189486049578,0.32995025036619813,-0.31655876621523105,-0.13107370986577158,-0.4270255272252488,-0.49161767436985426,-0.030541909545504824,-0.16986515132490487,0.7463983261432952,0.1457474856206817,0.2780634209570372,-0.14034516295262814,-0.4722868422352432,-0.3406118200318496,0.07269790081102302,0.3214090918030954,-0.21327328579984206,-0.6343471217751964,0.35453159646468757,0.5092908769966927,-0.10208035712859155,0.68399351209909,-0.4335354308361715,-0.3431143457863283,-0.62086522997947,0.4313194407452119,-0.1895296457209008,-0.16772964432462906,-0.4843444220545471,-0.14825879116375903,0.01596015988341243,-1.0105484694690574,-0.007424312731367525,0.36186666485241015,-0.1523348056020696,1.2111334528825533,0.399462423447106,-0.0925767993490313,-0.5729725078899646,-0.5829730319350709,-0.4288857398570242,-0.1298212883432892,0.29553967601561654,0.48212562739191367,0.44934091586019853,-0.4868461676506219,-0.18784471504536662,-0.22414546569081933,-0.583249927172213,0.22367537271130386,0.3113234965621219,-0.15888304280709836,0.18955855849304093,0.7241915529617022,-0.20050719752396856,1.0224300239601816,0.041890644401460876,0.06917819966813596,-0.24922271334695315,-0.36699394261724116,0.26396786736967004,1.1549456920973542,-0.013178841010438471,-0.6498376071189952,-0.0681471238063584,-0.21333302912615165,-0.1848185542091743,-0.39087469723506924,-0.10308426978771378,-0.019286683872868478,0.129347157314931,-0.8433655600397951,-0.1862657421077953,-0.2919545084863042,0.5829953754309697,-0.03254865249066986,0.45611531764186647,0.09338540762192382,0.24655092591658084,-0.2033916244986233,0.27021406934245734,-0.2928761958279847,0.4651577721206927,0.4696966938202407,1.1747251248420945,-0.09568906702650816,-0.185870932321969,-0.38222785138258747,0.5224163596995597,0.39688009759410026,0.19535679589898614
-3.0238908880314384,-0.5862470882003799,-0.790431087110668,0.18219720350048296,-1.1538271619585578,-0.38772930147695,-0.12257653416373131,0.5818375994088886,-0.2384118230328338,-0.06090595177819619,-0.36609488457008,0.2045108215863523,0.5355071840108088,-0.7061008727628667,-0.4191902371993758,-0.16876140607935625,-0.3224557559205427,-1.042290582154825,-0.24159758000537987,-0.42693895372549656,0.009270581664559444,0.39534124304728857,0.44587782277870813,0.41977357832863565,0.2461501449291346,-0.4101206332100459,0.1709252413086253,-0.0714521961776254,-0.2837060957124959,0.06828756861952535,0.12529890656348955,-0.44342352323834955,-0.4957270185165734,0.7877376570813353,-0.8634853486132603,0.6853153765259121,-0.5756607816587063,-0.4368561337947074,0.7148226454931454,-0.7785548343654914,-0.2497534315765251,0.7811299560003033,0.1336308304122794,-0.10308676008866963,-0.1746900505099755,-0.34105464572355276,0.37147626238158094,-0.22940527515696393,0.3420321898224725,0.052810926079368783,0.05258465878848373,-0.04605858146137751,0.24617112701485389,-0.9577523709746646,-0.08232927313041223,-0.5421513191335151,-0.6298136972317653,-0.006207752095714646,0.7828258472989003,-0.8542942669760409,0.4978293354151281,-0.33899315494208954,-0.9436737895143795,-0.2055347792286823,0.10111329503787055,0.700119697216349,-0.22336938158147993,0.4342635333261825,0.5641438834315627,-0.021854342580734508,0.5033136244412442,0.08035196481269236,0.173689716055005,-0.3429945193722342,-0.461177549834045,-0.28653323901157285,-0.3179279688172301,0.5122586129097964,-0.6875330534172626,0.3101935189677834,0.28234704919027753,0.2859919128577877,-0.3144717416232817,0.20530424284634477,-0.5537024231869222,0.02867746852785342,-0.37116612011451106,0.19884638370043192,-0.3284715249921554,0.5128981323763985,-0.09521560166509256,0.3766161042942918,-0.3608240620730831,0.7273783572182745,0.004478482400130017,-0.4871285777143025,0.46551093464076493,-0.5329477243037698,-0.13995867138348242,-0.5586214977494244
0.7263631372823302,-0.47526988839909096,2.342821981768544,1.4851041225040713,-2.3211399011257074,0.6901243268437003,-0.41206873859163895,0.772902206059457,0.1027093332089194,0.719715746794966,-0.5858395669892924,0.2888469989009078,0.05853385363056611,0.27374449774638776,0.7295748762970661,-0.1707344068904562,0.27024833077852173,-0.05576206096014253,-0.5827259984091343,-0.23483944114735186,0.7366618967810643,0.9689810011322988,-0.25772148826093344,0.634937840926152,-0.24912263586940522,0.06508088122790397,0.8364993236988723,0.03453356952111225,0.38990698405686486,0.26831981450700004,-0.05796006621553976,-0.30341419608698417,-0.5318189223649833,0.8743360478010214,-0.44124550216245995,-0.10432475539894966,-0.042470486362923186,0.08244168737842861,0.48767064753044437,0.09822083396926719,0.1581815747863459,0.1598353674689031,0.31884487728888844,-0.8721414518483523,0.1612044872993292,-0.2715110031614185,-0.21980224623905528,-0.6895839725516919,-0.02296326608080969,0.24971207456977934,0.12668411425215684,0.06306780660713564,-0.21513174928049894,0.18896711611566114,-0.3450350325709546,0.018688113058499583,-0.5437063833902224,0.6231956786931742,0.6778280783735542,-0.8421562964776678,-0.07961271222705621,-0.2447315283004926,-0.33968170642058937,0.10965036535745336,-0.8123209021783476,0.739455405836342,0.6852033610548355,0.37238971624666356,-0.4175404782236344,1.0408250765701754,-0.6862477322398054,-0.9625597072867417,0.1754623665286844,-0.49408481853691316,0.6587463000650253,-0.43440573748103434,-0.23317986641616356,0.6027183571141193,-0.13395079529665785,0.19231088721769016,-0.8220578248435115,0.10944266838505484,-0.13491837683306143,-0.448917063251607,-0.12423223464632493,0.3182355503069894,-0.004967734065017559,-0.5098545436668681,0.3405954007880545,-1.256369878915129,0.5770552244330506,0.042847354336614234,0.28502533235660893,-0.576680671927916,0.4864127160688691,0.07622331383739071,0.2679618002279069,0.11165851048031084,0.6777615691599969,0.006042433249308757
-1.3593104529644946,-3.6504645095172457,-0.20176683791217664,0.9772588483682597,-1.3171337093404034,0.46782446319724164,0.034224907005983636,-0.8720176843821441,-0.06933986611715605,0.8526606695001119,0.588201863729465,0.563850232963293,-0.26698192387867975,-0.4425180339545788,0.2012002062745239,-0.5989640209603324,-0.045977531867374716,-0.006894835731611263,0.3436746036184041,0.6521363539069135,-0.2730489403998432,0.692257926726046,-0.5306995627301653,0.13033634431266744,-0.7431214047717488,0.35185232172737035,0.2527127138833153,-0.26514730504471656,-0.22311807070201536,-0.11006288181788333,-0.2856388223426834,-0.4611345058529972,0.06360871819380859,0.22355991627629743,-0.2075032436674474,0.5140139969293978,0.345562650665726,0.08438344218107086,-0.27306018689831246,0.5402300780389412,0.07758411093277512,0.11879270704320019,0.18742567657484516,0.4105656786383479,0.3446491083246094,-0.39158441534443245,0.5444274063737355,-0.9103777097228892,0.4478903679942374,-0.2225439156432023,-0.46335306391325376,0.1269186540163537,0.054205516770293706,0.041682699577747756,0.14748800588278005,-0.12713766719802697,-0.5240105430623826,-0.5829283612129992,-0.27259199126016137,0.7749743422110458,-0.6330473987599735,-0.713670978161173,0.04113137762563328,0.12735617109377412,-0.03606333540530844,0.04522535501080814,-0.5298323982212162,-0.5077765035264432,0.24859325516141031,-0.4966887689153722,-1.616052071623517,0.027457119708774735,0.35335095192844174,0.7245439462357488,0.6350457765107844,-1.097517651192394,-0.11124155817670425,0.45397128938648135,0.40620957824970155,0.45715746007998065,0.11433201659842003,0.9759720860229861,0.2190998042600828,0.7536582230829615,0.290493499531398,-0.21572348729876037,0.09592472928944032,0.29236039150268606,0.024166746157897455,0.1474602390435623,-0.30012585400852443,-0.3564980667035989,0.08986361494316071,0.5165991173782545,-0.6796958914954587,-0.2545888606594124,-0.23589628770872703,0.3999891829036416,-0.1260969668984043,-0.6874011557066959
4.523247494734155,-0.5618530302321488,2.729025043423539,-2.5363342804791995,3.063677653364426,0.4498351043489649,0.3301776046957591,0.03876248713529319,-0.7024741113089328,-0.47057660340303303,-0.4955258285234681,0.5292130643134274,0.21811822803847394,0.2403130414013048,0.07064246872195336,0.34963533543539677,0.025686247332689847,0.6322991180337986,-0.602989803201312,-0.29723527042122455,-0.014301501416853494,-0.21524680548147493,1.5313035739114709,0.4079820466006961,-0.4553522279469212,-0.16596823838464012,-0.022247252338519385,0.10173990679288583,-0.1157819284275643,-0.6915429404177138,0.7762936282293158,0.8771659486571971,-0.315021738970154,-0.2075201379370801,-0.3408424182687237,-0.7193771915050461,0.26224667414736585,-0.256503313308855,0.10043669466104299,-0.6404540816344246,0.04071918410810963,0.3169645298591723,-0.13195666332564732,1.459571896682641,-0.9520788263074369,-0.1914482845735648,0.481496768752461,-0.7818702156218849,0.4538203953117657,-0.2512937246613546,0.2857575533430421,0.51950524222723,0.32170690725090295,0.21667392934646132,-0.8668902587957881,0.19047126158642805,0.11058199038072544,-0.09835093552147509,-0.11154089597814415,0.2550972212293825,0.1984023891007588,0.07830577615144949,-0.22985199795023378,-0.1184469999066449,0.4916241388699361,0.35009639880823634,-0.22512493644561435,0.7802157821601683,-0.16687138480270067,0.8124216669972444,-0.16739564696999046,0.37086430711340335,0.09182691300818646,0.23117781545529983,0.31843842771937547,0.2410435265741204,0.15488692326996717,0.27834328663472374,0.39904724444735545,-0.2322535573721305,0.3930544354392711,0.06629150870954605,0.12345298934910827,0.35988828293545905,-0.751750706040577,-0.3588599613659973,0.27289276300859516,0.48701304744121476,-0.342806453564986,-0.5396512793912409,0.6514744650423475,0.5845550381489479,0.35765262795556274,0.7366436588572947,-0.21267572796417344,-0.3265214839719643,0.23790255561369208,0.26016657094177664,0.14701000070210368,-0.07993994212164612
0.6002086760187464,-0.2533262596484356,0.8429105535219625,2.6936782436540434,2.538764475777554,-0.5751438976203244,-0.14654083242115412,1.1001961635472983,0.014493133637646873,0.6104439361858831,0.4480779677262206,0.3981831434332478,-0.8536419344090855,0.13173801964334056,-0.47129425277962095,-0.6806263346132502,-0.5860395822687062,-0.17265996236579925,-0.09745143078176899,-0.5044368104278063,0.09746178998653582,-0.3537786370850982,0.48467661912917875,0.02954489243040583,-0.055131480879385644,0.22963831503473778,0.0694616114114011,0.07361809469500141,0.14093763082926652,-0.6666403496619447,0.23865096030364968,0.314576302408349,-0.8559200120407557,0.5530285623264349,-0.5292930547329852,0.12375667564650134,0.1352329808902469,-0.10365672648671483,-1.23836531873118,0.1217205201256509,0.11791223000970424,-0.4230481127895743,-0.07285830008176043,-0.5294240197112883,-0.7372435137019775,0.15828441697020437,0.10278330051692812,-0.10421778451589044,-0.8120516013910638,0.503057354002724,0.31844304327758743,-0.32148088262159985,0.08924282962267596,-0.1491267584181618,0.11254227224578016,-0.4488637335406754,-0.0558394374241694,0.18263545950655563,-0.1920664183344051,0.7400629756642637,0.48765688042175154,0.09642217146301543,-0.7545759035572616,-0.45960267650498604,-0.07649265696954807,-0.7365980316620161,0.21210868760324586,-1.0117721817213752,-0.03194536902246211,-0.29582075527335694,0.3043146601964984,-0.17080686712198256,0.47469651722355916,-0.20837894029796508,-0.37721378562757385,-0.33807715826375434,-0.24715198738139768,0.5039581545403727,0.04047423140548329,0.4670955198862111,-0.7131973972113652,0.7648639509136765,-0.04360199937590699,1.1073794370962207,-0.07548561117059449,-0.3930579584056558,-0.2697862988846625,0.514899834939778,0.496796773073828,0.18989146913741722,-0.37241490425834733,-0.6442493274935203,0.6534116069121644,0.18164101847321654,0.5724291374034376,0.05019913653200314,-0.7460094106988043,0.29213143070587777,-0.522706391369383,-0.0025951782962018994
-0.8020358813067523,-0.09679019769826791,1.543079641102446,0.8521747418277489,1.5224207181178429,0.3126018689678939,0.41896708893632345,0.36151642919661003,-0.4792373631491612,0.8026676326728992,0.5303607288281039,-0.2880447518573946,-0.5544065740739447,0.5152679440173479,-0.5880029061966139,-0.1034678126334732,0.773809979009256,0.30245941207880017,-0.03249223913501448,0.015225361600292262,-0.5668181082389738,0.06865072436478498,0.36043595667764033,0.5060663932200214,-0.3797541276372082,0.5403762582077869,-0.05774384228549159,0.8648272607524667,0.24512123918210607,0.04555590637588488,0.08249661056450262,-0.15611081311900704,0.1774319792732854,0.43016256859836854,-0.6917893971702146,0.23291771471910375,-0.01883668263971426,-0.0285276056660698,0.20081030549908094,0.31253378348414257,-0.3247462961363645,-0.2875509220609772,0.12472486866545446,-0.2555932750903044,-0.5135521067259323,-0.09682478728006626,0.7083760975612637,-0.17516872537342826,0.9039457981890442,0.20971015767719636,0.47842715514331674,-0.5385717441448797,-0.08190330217257866,0.022805632096391627,-0.04041863745914819,-1.152922530384723,-0.2645134740050127,-0.047083452161061586,0.7479446338738165,0.25483576466103836,0.7677372029207368,-0.21179849022963051,0.23142238015821529,0.10632968512470818,0.020429369659208545,-0.06419750150746516,0.6333806268715821,-0.014436508539609885,-0.6515389697985126,-0.1556216341879082,-1.025286935478089,0.3025134119396204,-0.07442869489906873,0.6059979266936284,0.874337020157453,0.20094342752610678,-0.3968423882286243,-0.12403843663869128,0.780208156351777,-1.132455022954423,0.28511123001086003,0.02531985530852829,-0.1899028331663957,-0.3419136444906459,0.5403574047786437,-0.7072640552958783,-0.11858461535721822,-0.0004896477337936992,-0.26998492312047684,-0.14891379770075036,-0.022304895061088716,0.6152204790521264,0.5218916671061412,0.12885323215895925,-0.1838327268386245,0.01607256315386691,0.8554610916475908,-0.02766921523431838,0.19833884837096652,0.28556286245691126
-1.8048665274674716,2.6671029788865517,0.45411160790779,0.671071743086733,0.24919058958917462,0.0087448254295512,0.2818695252617435,-0.922941830417566,0.27595357282391497,0.5631607770157417,-0.2076171266111594,-0.6061768573559196,-0.5419674350683168,0.12160130659611151,0.38756317732112233,-0.43024873735754127,-0.6780772018340893,-0.3423931321239851,0.6361756580289404,-0.1650824861707786,0.07695655189741603,-0.6666468460635179,0.22140470669305828,-0.5758680573750449,-0.9795039235563162,-0.38077088522630953,0.3089125291810525,0.4195864070935667,0.12713145096087108,-0.19110014080752485,0.01615144590476002,-0.5316617008689759,-0.20320050891089478,0.056204366056188365,-0.2624646975499997,-0.19855022350170207,0.10542901505931816,0.11903674141982046,0.19735788837065144,0.05782048272926084,-0.4388260482661512,-0.039843990397569286,0.1316684145927327,-0.021137715548715828,-0.2710154175046813,0.3347725213197276,0.09125104578826906,0.4002708836666588,-0.6301883544665686,-0.3484405863921007,0.17524511369481172,0.2059852848422139,-0.4748278119587637,-0.629298487038587,-0.23581282672386794,0.5956677665088235,0.48370747053556135,-0.25986123502047387,0.6098894458608823,-0.23026414589867794,0.29685934513808143,0.2751591447363899,-0.549456277658567,0.28621635160310216,0.6856297106394144,0.29392212213339014,1.1385024688012997,0.48211454656016517,0.8756307785569089,-0.30058629722419067,-0.21749299165739533,-0.06859893504754302,0.2267513670282771,0.6575168520747994,-0.8272967243372475,-0.543713042297741,0.3250727778105487,0.04214789649482099,0.2753982659217551,-0.3055343307144266,0.3163970932453666,0.23775742199423341,-0.33172225356445834,-0.9139605179519872,0.6051796313799975,-1.2449034824041079,-0.32347350649502704,0.4498355357526228,0.019461086232826816,-0.06989709465089079,-0.8717368970760944,0.5332641186595426,-0.042174240299495305,-0.3418127518979471,0.046146019475451334,0.6869657781118671,0.3007619819834047,-0.32502839998419175,-0.48106099887690595,-0.36140565695038596
-3.433655202795818,1.5558169655380707,0.9258438100181898,-3.6562683736447257,0.5946504686497065,0.34593368884970327,0.14715546574700175,0.2825333233036636,0.034219663479156524,-0.19273152966618717,0.5203873270215235,0.12553093279356098,-1.1257256873791381,0.4700150471222121,0.2524798959275009,-0.2267293118824393,0.4169022762160045,-0.5867229195698364,-0.07298598858891514,-0.04092367838191825,-0.03068203117558226,-0.019173715995475217,-0.2974832866541757,-0.5927122501158685,-1.1567477020763344,-0.20477227046127405,-0.1349312186981892,-0.09706304302558791,0.31806064095342806,0.35035941916710944,-0.317563689921511,0.3889098413438885,0.20324781301695993,0.5072424915462159,0.03668621209921127,0.25357434857588224,-0.34647932869134207,0.4405903321995785,-0.8087819978042554,-0.5944426613303565,-0.18925691654822782,0.24665185749253762,0.5636018482221212,0.09141437999956024,0.6022608069737316,0.1370488113820629,-0.2683721452938163,0.2262366650625321,-0.27362537476172816,0.18066202181277471,-0.8723421185547571,-0.28111245653504385,-0.007266969946756774,0.32738116454371574,-0.061974969364534276,-0.04247260055206593,0.1899495244757652,0.454731906249034,-0.014524359169180392,0.5996281528061481,-0.0719529718525408,0.815467480549422,-0.48589851883678087,-0.5557599294615387,0.5891889731735468,-0.38396493851964264,0.0818960679329355,0.591807141700197,-0.13924110063103917,0.9178116584858825,0.31652856865687184,0.8613926587165229,-0.21589581913467965,-0.5453642677317294,-0.17607869568149,-0.02818642227673164,0.7712308977032768,-0.5176629396920347,-0.9307968088536325,0.1704902657047577,-0.05598236645387254,-0.8068206997728973,-0.06512805141235628,0.020002047356985565,0.35952853531732554,-0.10816561916970487,-0.05379329814023424,0.21096478442226516,-0.2360811924743502,0.3511015492171142,0.1621015292611558,-0.403073670489674,0.17084048447324646,0.13524617220222146,-1.390011071173335,-0.14444504621369855,-0.44866304432709214,-0.20608714584400645,-0.07527402984262659,0.0930658107854219
-4.142433127751239,0.1551036740575681,1.6060325870474776,-1.0586705950401876,0.3752420411661891,-0.5956217423153978,0.030781452427888437,0.1466258838870814,-0.014852693930402264,-0.44287229902877806,0.26116633847343923,-1.3597066878376043,0.31864480287279673,0.49807989665942004,-0.022524279213057732,-0.14278362116657567,0.23719638769818532,-0.19417453776129434,0.07859761105858838,0.23368498462573783,-0.4549782327084071,1.0125953123031852,-0.27067805040188403,0.13485245588137962,0.2612948183869941,-0.11942210915061419,-0.22950186681699297,0.37381176493535584,0.1554049375725044,0.16755397728297394,-0.6579045204870733,0.16662644923174516,0.10440077493570986,1.0399395021317976,0.31865317473237453,0.39717751082302893,0.04380616105357704,-0.5300831004382499,0.46865941155426794,0.1377462440907125,0.2805593270268655,-0.21388988631211886,0.3423019085196043,-0.05462544640768243,0.2633685772529392,-0.1057931337064343,0.06562678235070947,0.14979738840189238,-0.2709378759382465,0.07597466398886202,-0.04276253859350136,0.21689657029947745,0.33272211588592593,-0.15785663069296496,-0.09161650349583554,-0.06232080563571541,0.004887250027865112,-0.584985319967356,-0.25229924536973236,-0.0027701203298589948,0.1585531307966011,-0.5649741968257046,-0.15001028533611596,0.3700720070828123,0.5253513336376591,0.534297104220013,-0.17878036547523465,-0.2673189517282283,-0.42919873135408515,0.6796809124878773,-0.49889811001207346,-0.24271414779480285,-0.07191850525972174,0.3421160819253878,0.5104403242524226,0.522914755767825,0.4389131313650753,0.19400043213270712,0.06311648489718523,0.44982568845699583,-0.0855102054993983,-0.03515125353178433,-0.2294582745207961,-0.37149278022108045,-0.31101150944529615,-1.7007961393661417,0.6333354662022291,0.14322082184032764,0.10000154248070552,0.19571137537945504,0.11757201531160712,-0.4571571423605451,0.4343012456121221,0.07671122348364828,0.17704726330264833,-0.6494775881914465,0.20912261891212336,0.032257392072614174,0.7449435970806587,0.02366403610399197
1.7623692281281351,-2.063581118939523,-0.9427620281911723,-0.2611762779120753,-1.0073735555826935,-0.12458940062384806,-0.10723848681975445,-0.10467694350288285,0.035186070088895065,0.05565351215818448,-0.3091848707553675,-0.6388177445006644,-0.028048490545097688,-0.15334834437176817,0.2207633481357254,-0.5424333161748197,0.14774201135512843,-0.453772797620683,0.6887530677839415,0.7759172063526296,-0.8502216411199245,-0.516854711437076,0.3140830139787994,-0.5505987111757393,0.06792357840895197,-1.0891640149093755,0.04966316908704479,-0.8701974951399253,-0.6223749684569098,0.3064551882711507,0.6588177788201226,-0.2530718439515475,-0.6937059529681797,-0.31815309583470247,0.5070192622197702,0.10884926872407345,-0.3936287854917428,-0.6732439954625669,-0.3172121951251599,-0.100797902865406,-0.4984706639406401,0.06476627817612257,0.4841091995409261,-0.14227489110439093,-0.17664802072986355,0.07920874937647567,-0.02684025000118156,0.6108615058163489,-0.8390533640937424,0.2714954294122212,0.46014936066731743,0.2502157320540469,-0.4658873036606909,-0.24773214986102818,-0.24917136624041386,-0.11955171792373927,-0.15861801573564802,-0.2019924037809831,-1.1107666291133924,-0.20819051202897576,0.8134203334043245,0.04521103854287724,0.6589417095893211,-0.22791232011797066,-0.08770882638873112,0.47497587203330344,0.3928943533460385,-0.4214977892435463,-0.37290463536407137,0.0023898709216111087,0.2238047652013616,-0.35275707024969505,-0.0412945769360758,-0.544767361700587,0.4990682698108618,-0.20309550043349062,0.19776792858603018,0.058388781558738806,0.4683863357855528,-0.23376759756667917,0.4198932674000758,0.5405884684263711,0.25004343835255677,0.4053269891898894,0.2267768052526947,0.11557020990104398,-0.170234419099048,-0.20356098486359495,-0.09216592678416663,0.4194414344561015,-0.5804167212714131,-0.025150573455188844,0.039990268088868915,-0.5920425121059216,0.39788002053812577,-0.16620071612242265,-0.4458254115073862,-0.018934490782004296,-0.23013126048050422,-0.237564808837726
0.1799200990209039,-1.4627608514720356,-2.637385099910848,-0.1559442573900074,0.1297305172987973,-0.6817215721166389,0.0012271032790605308,-0.10004229371700918,-0.2279049098385723,0.3762033920250485,0.12070304414896606,-0.13395708911027956,0.4858739452673298,-1.017316536871651,-0.25775575492283026,0.7087026344879991,0.16402197625490844,-0.7981112329308943,0.2625770616623922,0.655361898406777,-0.4734607221503278,-0.1615537652701149,-0.8325477495278018,-1.140281701565039,-0.4118273606275062,0.4686427202514228,0.6443593054571749,0.14055549356356062,-0.22392574771146606,0.1189524662901397,0.5998486759713396,0.28626560151884567,-1.059864624182863,-0.6086345299044426,-0.7454100870557899,-0.8308171842507867,-0.07662426319888127,-0.6205136369695151,0.13887156191620656,-0.2148775944771375,0.2943939643692138,0.6895351592252278,0.4618714411866495,-0.48913437968141543,-0.1007291039766688,-0.06153136807982892,-0.08697285139978364,-0.6314536055541329,-0.6021202108013715,0.08755637353717838,0.026537513690112455,-0.20652633437704285,0.462259421058197,-0.4573374572277558,-0.2784877842127279,0.24821483029585664,-0.2699515402232358,0.07497894213731471,0.3934936813087822,0.5210118484128812,0.2607538468806794,0.7578358138640563,0.24170005536602138,-0.5562602235275305,-0.2078976514303638,0.10034676317845721,-0.8410335756036702,-0.42451305906494124,0.4592246259705891,-0.06581150206405563,0.5232655916300929,0.09297656099922838,0.28779818441990235,-0.13988695399506157,0.2833293523427203,-0.25926935726483863,-0.3684735383042622,-0.6898859068701072,-0.05620428649880348,-0.7183013299056227,0.3743972725956771,0.18530707167391647,-0.19505373981104399,-0.04642236798758623,0.384714571583414,0.245300720561752,-0.6180662381668981,0.6011805808434932,0.1760860508068444,0.14532290916322785,0.39281358600126187,-0.1621114326467246,-0.06068152717528538,-0.145795649916802,0.657279891658093,-0.16775000729308395,0.6129630756611723,-0.1928387084172408,0.63017188073866,0.5153681412303656
-0.9529684852749467,-3.1354631332978875,4.496504805684061,0.7058154599612904,1.421339392322202,0.04987655026466427,-0.5751102799030707,0.17118977733130372,0.38307448802454386,-0.5173768370176913,0.22445683991718926,-0.29654354014366363,-0.45190510619126617,0.5409770188752877,0.3242668401149696,-0.16945382026609726,0.2782840909291746,0.4906064457510837,-0.6780357977419212,-0.49144266854762847,0.8691754046540564,-0.5790837178016242,0.4386637211422237,0.12161369274247937,-0.048038169554415575,-0.18208925536771423,1.1732933357912438,0.7029637796722582,-0.4188299234233833,0.028486188931602773,-1.0739267925424112,0.21431935969398822,0.8823841763723074,-0.13951961789312553,1.065451611400811,-0.5537640241006574,-0.22989455198386932,0.6103991561726088,-0.06816989742541087,0.003016472100773436,-0.0354535998439657,-0.32709848433861205,-0.5878962425703675,0.4664956397216539,0.5174698599154208,-0.2615675606630995,-0.4932474162444204,0.2684112611295966,-0.31736634641376515,0.5604643236748922,-0.5491073794736459,0.12825200184081148,0.7107264811918319,-0.6622279392529515,-0.0726794807154658,0.4535400056657044,0.5299849531900244,0.3958944223552937,0.7216762817356986,-0.6524119150279131,-0.5091001584516885,-0.354504330013938,0.05216694845134952,-0.08679015537738466,-0.0231216054555683,-0.7546963526973893,-0.5305902810902071,-0.5873878348273452,-0.18055709658349087,0.2689583195488936,-0.3915342072195646,-0.6868171163394047,0.31741852447913316,0.33599714488560956,1.2039280606389722,0.7963917747566834,0.11999306610017829,-0.10272804610451794,0.46399728258587086,0.05536608780439259,-0.08016426506736934,0.39828350424887643,-0.16459974995133203,-0.04956484125907473,-0.1439097426720467,-0.4281383017750668,0.030852182749453103,0.49462709408412725,-0.7128799637157491,-0.9998057923719921,0.3711545526328886,-0.6844885766160567,0.23207446300403217,0.03988030380290174,-0.771545093644144,0.04487907226695682,-0.4133826781456476,-0.4071153184595402,-1.1363785029642786,0.5429424861919634
-1.2446477807504785,1.1587125614017793,1.303336792122234,-1.9040285086747974,3.376652092221218,-0.8261521500495028,-0.14083270452435248,0.14746203867380483,-0.15737663866499876,0.350861176619384,0.17879872860502294,-0.11530853603902758,-0.041368987678487436,-0.5684633640218074,0.3604340002297671,-0.20043188783944366,-0.13220259807866908,0.30988806997228163,-0.10599916571752928,0.29058494734424256,-0.05613605234824077,-0.40777356794092423,-0.07698981682281557,0.18578129045476818,-0.4106314643379144,0.5797036533442002,0.31039906075039914,0.23694854160319043,-0.3608126886364584,-0.6895767508445709,0.7698037923385278,-0.18085806298611534,0.23385835214032447,0.289779636789001,0.3794894332793226,-0.1432548560700399,0.10786388456147589,-0.29701311107670253,-0.03264733482101616,-0.981051617766891,0.23745743417494858,0.43057070495482114,0.3334999279935935,-0.39922704083834953,-0.1331667755805513,0.4548820722507174,0.1469892358781867,0.38464219171488806,-0.15035557036008032,-0.4339948194741715,-0.08725627036241591,-0.10078711560067853,0.26526761857397624,0.08074751626421661,-0.16721948767212336,-0.1174149385793551,0.2776311473165462,-0.3547630951867564,0.4890105991253674,-0.03405457933803806,-0.3155379294656383,0.6473758418963158,-0.24614320530166361,0.22538096559986387,0.7377603387348073,0.998541108110081,0.7634512058152638,0.48574159104377407,-0.2466294791526852,-0.26447547551059863,-0.29010603850813405,0.3295255655424113,-0.04064286022626251,-0.1767131962820616,0.32433016810865267,0.44809643728418136,-0.26524305215765226,0.04336957327879241,0.13929494283309937,0.3308599806358539,-0.31814106906626854,-0.15609103972027039,-0.6615125662860166,-0.066615473420336,0.8148663885278028,-0.251018411225074,0.5530473166437866,0.39966300929587123,0.11069838651564536,-0.29942590907441885,0.20750064296513326,-0.3398237581190453,0.8303140977174976,-0.5670107054703002,0.1515850189158443,-0.30853075315592593,0.13898036662616106,-0.8558173049009343,0.1310661390490468,0.5312795127849718
-3.2785700263983446,1.2335709768243637,1.2313643349257364,-0.0867277996909141,0.25958758087737205,-0.2946179864716069,0.00823548131627556,0.5397574884017318,0.7754109018545375,-0.1609237720503237,0.5011806944585943,0.12743491410310917,-0.18229320937130938,-0.6962963969436258,0.3626999509297205,-0.49952196216378686,0.9346882651727154,0.4401801865128856,0.2667175452718609,-1.3801881173422823,-0.7073227610534102,-0.22547321421569802,-0.1376068389578869,0.9436002756126382,0.10923945816860998,0.1592121421321704,0.6501144986490495,-0.07735012560256338,0.08147985739612629,-0.4477975463093683,0.21983913271477845,-0.053469128751089515,-0.3104482579023901,-0.20368448056447133,-0.04771042068741535,0.3375176003861897,-0.2874108129885091,0.08693069304870799,-0.21310399141214387,-0.37082950333666587,0.07694599902720278,-0.19720112041172397,0.4909917489689555,0.05094710439775968,-0.7076099503216056,0.41645256335523906,0.09757949215256646,0.5836886405945013,-0.8673733337044887,-0.11904389681242052,-0.7453193871771384,0.9766548904277517,-0.45965164860369095,0.12252015964066529,-0.828842793784825,-0.48053576058332215,0.5231026318065893,-0.8549316861913379,0.24508159764460738,-0.207771810011002,-0.5678504464131029,-0.7323828153752023,-0.27959731340510346,0.24858929515298672,-0.455498409294726,-0.48643670158579716,-0.44820308079416843,0.20937066885124825,-0.5403291167260902,0.4285919890232168,0.014718246725808983,-0.8646482114890303,0.2709499341761938,0.32007122178187036,-1.267687713703148,0.24901869672700613,0.19270334528263133,0.2769432208069447,0.179941041058308,-0.6470787756690572,0.1443714530586014,-0.2581167023934899,-0.07545431969954523,0.40415624030968167,0.15702394598400873,-0.32985972735012903,-0.08465671897173624,-0.03406286504189647,-0.28170262620448405,-0.060337111932773434,-0.1985842177477668,-0.6905660601761269,0.32082695442128084,-0.44195038378577733,-0.2026052122456948,0.04898617011582221,-0.21584702598999028,-0.01800295741346395,-0.3724729121723047,-0.07196567024283568
-1.3046864852511395,1.5964919961790751,-4.6576188436320605,-2.187991559922674,-2.174055059441856,-0.5769740197738735,-0.653472168623345,0.4837909755132247,-0.3036433193041418,-0.4684497002326119,-0.5940197221415112,0.5393632827870456,0.3446067168369509,0.07522329026409326,-0.7363525160892913,0.4227729837101644,-0.249181254572723,0.17730162590188817,-0.35365193019676877,0.5839952370820232,-0.06087570569922689,0.6029439607726178,-0.41333890670469203,0.047078240737885094,0.1548730108292693,-0.27811103700200485,0.3312385216254473,0.7599123679937418,-0.43721510981163386,-0.44437930171267703,0.15355693513749433,-0.6795501757944243,-0.16074756166964566,-0.06230608325828083,-0.7782633242969745,0.012962395038590134,0.9354841041821158,-0.4400736757733378,-0.12123642156812149,0.5740538380629109,0.6244600563622622,0.332114471869388,0.4174805228157166,0.39091709755840776,0.6160773698289487,-0.7318321213608353,0.1722188970913502,0.5984768893892903,0.16547894213427305,1.2319722222795908,-0.41428334317154647,0.6295039277619346,0.2301579017600139,0.17739113454740732,-0.08261497793775346,-0.14484502290334902,0.3623023816396224,0.41749970540928333,-0.21681465947862805,0.08203798023187095,0.6315427178060631,-0.48817920781344254,0.12531163644633653,0.09728638225538151,0.19781572750096732,0.5082095300844874,-0.4030506886858599,0.236138325679486,-0.47271600580711315,0.745239614730444,-1.0186805649855817,-0.44969506921976793,-0.7821396935968853,0.5941849485426248,-0.5551557106896916,0.12570050379054104,0.18428222831074556,0.03570639677594483,0.014706824148439926,0.07785927438414653,1.259972373442081,0.049199001580787785,-0.7989698714907375,-0.496432464583119,-0.5661701043060681,0.3450583433421147,0.07529754215113085,-0.3221775086618085,0.8871670309328764,0.04077961548928935,0.01621062857660832,0.4807562520058517,0.5146769227915959,-0.12138817667396841,-0.5858371984904867,0.23601792479564962,0.1822211639119956,-0.018058366548955252,-0.43390801414508695,0.6061597135624402
-0.12140429712410836,0.6338461617002298,-1.2541268136739605,2.639811229859447,-0.10394808823724772,0.2879019600164441,-0.37705111057297036,0.042296140176543054,-0.4322702477572215,-0.09436752624017072,-0.3747383316899854,0.23574623729735333,-0.3886120739053923,0.553992672287312,-0.5944897194685479,-0.10622520758411826,0.38443561224496303,-0.2723881187306093,0.010783043054886341,0.23710361995546458,0.9893438296113827,-0.5843391261724511,-0.9470512763348374,-0.7117809104189401,-0.15221175188514702,0.8587255561352898,0.5531574667369905,-0.05064710587843865,-0.12138374714633368,-0.2245406016596704,-0.005559004926431777,0.611058140458479,-0.32074036316757143,0.003513432964459959,0.4139836011228828,0.23710011004540674,-0.0980423231540325,-1.0425706283577318,0.12417122301053628,0.22059344599277866,-0.30616281746996654,-0.1194761103697825,0.2106309326659464,0.7939739389708975,0.14906914752828598,0.08615925927840178,-0.5859675111660438,0.3235304808697955,0.2098148602355739,-0.54513853783904,0.47186031450079274,-0.11081205663154035,-0.39863396995961886,-0.4912582925589522,-0.18855354130303983,-0.2789281042743228,-0.3852391707899644,0.31817039425768917,0.5197386058337161,-0.7100240099601962,-0.6135013417525537,-0.7661273490969728,-0.37071630500209535,-0.5164169895750952,0.15034465593662455,0.3742667591479994,0.9675626529150988,0.629551154983767,-0.573785862645852,0.5641398399701247,0.38747545180061543,0.1907130704500591,0.11820665120393399,-0.2504022600129653,0.44604060466560097,0.3068997611232101,0.33531757287580355,0.37037933109957727,-0.12670681336840678,0.115765833552511,-0.8525743716597031,0.052037053152857206,0.4471212091449677,-0.37410284655431686,0.3103970394366736,-0.003026206953977773,0.04488439608067054,0.06648301269690571,-0.11277677686821172,0.7328890697105543,-0.22125902377639153,0.34466319431735043,-0.42369770625530767,-0.11080135456643044,0.21234671062200472,-0.33011722929101234,-0.7310746241756549,-0.18790615823007958,0.6550276422104429,-0.8046837175040542
-1.4131696280946615,-0.5380243562020562,-2.9224321463522793,2.9034733534446135,-0.9998295165054221,-0.5290896930845778,0.00749812955814845,0.43751411996176465,0.07240465351950601,-0.11343913861119981,0.2671396419335103,0.21965242397118057,0.4131891757157929,0.7486218006075107,0.22030751780142774,0.03967102570490686,-0.6845550344683137,-0.00227631269898529,-0.1033102594742511,-0.06624223598689441,0.124088267734007,1.0015804674664994,0.47755192556572035,0.3563672968359799,0.18565644958730712,0.28840047616444053,0.30073394555871374,-0.2546756061518211,0.3380357083960416,-0.2857916044491597,-0.2035035192467181,-0.009712759282711135,0.32036432084523236,-0.9697282358705718,0.09200297605803714,-0.6849301179998589,0.45304914508661537,-0.5666624628455563,0.31890883480537063,0.4267103264639892,0.17857293671598326,0.07839095124183527,0.7735676182176419,-0.2846024183339593,0.38483144296324906,0.23540132143921963,0.34392257018686034,0.47966046749253505,-0.1555323039973836,0.39857724352025425,-0.2559502305427818,-0.11558335974437228,-0.19436179437457493,-0.28402675894880663,-0.14159307253741296,0.48438835847235123,-0.002584051158558428,0.13114711943323518,0.7689137869898994,0.7167384110011201,-0.05426566755656882,0.3974828713329603,-0.3169298407694715,0.34882500824215174,0.5641251638474536,-0.028772130928298976,0.11378047909398216,-0.38512729874051777,0.1327857864729021,0.0321253502907299,-1.193097247338893,-0.6653889144476581,-0.2169337417641897,-0.004849993188593019,-0.14040181176861113,-0.0001598211311462666,-0.20126279338017813,0.7912769341633327,0.4212441931036735,0.053279046225523416,0.9104266919286544,-0.5811128716428696,0.6173875567732489,-0.9331484408647489,-0.36001573266523695,0.37373314811330016,-0.03740943259539443,-0.3514628387529175,-0.03351770198887563,-1.2906863674633124,0.42088489001458945,-0.3814552201155262,-0.0007776452632881674,-0.6391556270473815,-0.01627935098383391,-0.6632943732662003,0.09906414604884152,0.19183729445510828,0.4053861523236755,0.5534698178440308
0.7719877986274273,1.8885370077994346,2.0942152797817695,1.5509499330523189,1.0623558854529658,0.5453630731569465,0.75757213166043,0.11953394105961933,0.3928261364440188,0.21590571271668013,0.15536171282206956,-0.03944892736368919,-0.20638699762992174,-0.09487799927284259,0.4101750447430652,0.3365682360011714,-0.5613624699068672,0.5364595350335404,0.4192854766667155,0.3705194598365907,0.5473458515399979,-0.07444182684479736,-1.5691737372705885,0.13206712458082084,0.4470892162935549,0.22168798934300807,0.4075007256380526,0.5177059890528881,-0.057198538904059314,-0.40741256680347976,-0.0858794954678456,-0.05416451919746095,-0.42692687198935325,0.31023876867907907,-0.5395425085900101,-0.7834022308821249,0.5947691377800413,-0.7720066819839884,0.4475107976228803,0.5756574777304168,0.5609592922622216,0.0190921605465998,0.3370880245106056,-0.39157558439208356,0.08288757976781584,-0.5418246440024065,-0.004809004689206898,-0.3811753789180321,0.9603576279040321,-0.30811557713216986,0.7463953257555938,-0.08918464129752807,0.07667187347219546,0.7952540342287746,-0.17967073530422883,0.6482086640076599,-0.7387953122988965,-0.6845783580420687,0.5212896767134647,-0.14719970366744148,-0.05060498442429491,0.01675489560313089,-0.26138870313230256,0.8761120458319861,-0.11711665459656087,-0.7530274165009999,0.019831430111820973,-0.21039964481120021,-0.07055115684211614,-0.024482248197481373,0.04972750085128312,-0.3760742832096356,-0.2300645766393275,-0.39074542938740436,-0.42496756589651646,0.30639444295407514,0.011196902456721149,-0.043744471159838365,0.9385310599829217,0.6008510463249922,-0.342514382018274,-0.029541383969812766,-0.6503659859956438,0.3259508540465086,-0.3304030693632225,0.10035971377744488,-0.01937606322446529,-0.10181886274491563,-0.3857975386314797,0.5955039739902097,0.08218433091419197,0.23387747432629416,-0.11990015680977863,-0.001195198476528207,0.006700096717817386,-0.016682728685430775,-0.7399770779261019,-0.10805601885132284,0.633303734920475,-0.20395182478312174
-0.6029453763032979,-0.3853816012724226,-1.2890473104566291,1.5638720708278224,-3.3799451057677556,-0.9447536874523609,0.031104500682959495,0.3013226245368263,-0.015600434954209983,-0.33601958698758466,0.1604978133624165,0.21681510987570707,0.006361971489832164,0.08022468057869103,0.12436554716112201,0.2819353029757362,0.04720842566542836,0.5070739313122897,0.6375717040009429,-0.9722881902864927,0.15963968739074905,-0.5971222165060853,0.41117801973100054,-0.016779555075591198,-0.585169256815075,0.04024243139160736,0.4145919898375203,-0.509385640054897,-0.4375124570503138,0.45681683069851015,0.2338334699724041,0.24972694971206824,-0.8500810004171828,0.0404875081189665,-0.12903387516634102,-0.23663801814477764,-0.3134599675829853,0.13780532666001863,-0.06152336559695839,-0.08128308598620451,0.2638685905250309,-0.20418001101731384,0.34197770515708803,-0.3932417810597032,0.1155152826485946,-0.47532846070149803,-0.1614852934787713,-0.026821955963939808,0.5761742373376777,-0.35991675745363855,0.3311699077766946,0.4783218791684137,-0.18229355728274368,-0.026852183384022284,0.10496632106201015,-0.35464885233999643,0.15854686164277693,-0.22229385324000012,-0.2724556568071985,-0.5981803964662916,0.38233950117683774,0.02547803662916341,-0.6300250171906451,0.3104775372756705,0.13040277791512592,-0.006415595845067067,-0.21779622546806582,-0.34886593860187515,0.4895596829071831,-0.10157198447186636,0.3556868317851794,0.6739617068085428,0.14493632351374905,0.6377943793278872,0.1239361803059472,-0.20174784795483788,0.3476890405935552,0.02571343162889496,-0.4333127123956996,-0.10975097176053354,0.6350083164303704,-0.23443558154593522,-0.5562529107204582,0.4746152638599292,-0.39815731447491015,-0.675057319872789,0.24367099089804292,-0.2716636095699029,-1.0401235544233869,0.6606833687300911,0.14384413569015284,0.3943004683512578,0.3822945318715864,0.08767444641526574,-0.24918612276520793,-0.17974901780069594,0.30675507106926847,0.0765659171128573,-0.46088626189612303,-1.0508057609899992
2.8995431383602903,1.818489094113538,0.7956263287147571,1.363028198601794,2.35329882928286,-0.3635228232495429,-0.011580128678905064,0.006366801053004808,-0.05131452266673959,0.2998422105717913,-0.10345215056925851,0.09456264505296617,0.1911633557497608,-1.527427654809283,0.03907338494352664,-0.1454016497710673,0.6079719418941679,-0.3681650512266478,0.4749417500433456,0.35606356240066,0.8486036445811881,0.49125696963343507,-0.8414109903520671,-0.06798573687542078,-0.08662124855108229,-0.651601968360947,0.6090220512089797,0.7641975228038078,0.0838305267806342,0.8797969977468687,0.24977870202399952,0.46210567276871667,0.6445009112937171,0.6233506763145266,-0.477604865735319,0.1650442713871553,0.47871199278619886,-0.49822539450340403,0.2367380881630116,0.34914980553537445,0.020465547847993832,0.3169118197591705,-0.47968462676858264,0.3758708457797161,0.4370618133335899,0.3360222116776635,-0.06738597487288701,-0.11182754018343555,-1.1509606906477448,0.1209316409605314,0.612562008792894,-0.7300794870299786,0.4417473446955263,0.039644722625933874,0.17383175581712534,-0.31255123854364497,0.27085846235403604,-0.5346084915264537,-0.00974272547643659,-0.6879533451755031,0.1485245795143759,-0.36909775230690806,0.23802663478609518,-0.41218009415094703,-0.03647011458883149,0.39981076203267796,0.1733610355891178,-0.21108874601427022,-0.5745948654541775,0.09443852160282035,0.3522776911110037,-0.4940109425314926,0.08668313523344567,-0.6407295972236177,0.27464748997540517,0.1301030783220219,0.9181966615985663,0.14850738975072086,0.49257880100859647,-0.9257551875660047,0.4658137886266817,0.5293119092962407,0.3151469977797939,-0.04228576090972816,0.580281234426582,-0.6510028540988758,0.10906211813241266,0.006602840397745563,0.2652585905100623,-0.048631492187922724,0.2204104421184798,0.06944273029735096,-0.40189163299373737,0.18300655904891938,0.260017241347041,0.09389004630376876,-0.8570088356691415,-0.24704545402902076,-0.3173774919121975,0.25113802282479886
0.36582509405506825,-2.285848554180377,1.4434326918951776,0.8978283279820607,0.6555476417603169,0.16829862559704703,0.7979099632025134,0.05275905865142391,0.5073590619238912,-0.3878272698678854,-0.11260695328216845,0.8484802489171305,-0.15192496109033155,0.024597928873806456,-0.15002302450579713,0.2333704963151107,-0.4308388214733242,0.8860140726437835,-0.1940105008390716,-0.2306896129226488,-0.6970160058169452,0.7062896538151909,0.6634878959908488,-0.13961414882015108,0.49804369243148905,0.30131489144424556,0.2707388397660889,0.5376272427351985,-0.7436545992832126,-0.2530984873399195,0.6055447906496774,-0.4260802093602787,0.39857948812503946,0.26043987052976725,0.06377298696253357,-0.8260265367452732,0.17069898318989896,0.10112028021661998,-0.2795943115043078,-1.2356483907123372,0.08928890314816808,0.754245870731137,0.5262803357220401,-0.16570253837669044,-0.29422323472438705,0.5960859326956693,0.432996224454655,-0.60438115388237,0.5729855150468708,-0.10303292602518517,-0.4766770602998779,0.2018384985819445,-0.4226511218222208,-0.09444895236586696,0.08192639202173904,0.3589253054530435,-0.6856785277931136,-0.49176581999545566,0.016299030803986394,0.15522786633362914,-0.10331282148734387,0.46758622160924995,0.47399107997708434,0.2647667977818884,-0.37466652584047,0.37330208984959107,0.6968761422959975,0.6588760111616637,-0.8606346626118886,0.6561663709642371,0.5899759268304967,0.23192696649926334,-0.2700487010910629,-0.2026398848355031,0.26619007464123373,0.2052505570747735,-0.006089596517112248,0.38314538351557276,0.32190937713489454,-0.41031524750816484,0.5092760223212605,0.8448274230000252,-0.3914279201387998,0.44826702753771297,-0.20774169300286383,-0.8560473610232887,0.5408069683084714,0.041283852242148464,-0.209421130862276,-0.48169086180359905,0.5731145038760362,-0.1583905251796909,0.28553174732402065,0.1328084618203727,-0.5886431262429372,0.621885659654651,0.03573813258929491,-0.6429345948211272,0.3677903522931152,-0.18163721669575814
-0.8635170023302006,0.07023841569422586,-0.7759665965383362,3.9230007090190306,-0.5026608376594964,0.9474486026272991,-0.3608005306437141,-0.3719712891036239,-0.049356610539652554,-0.19736143079592955,-0.5932371184000168,-1.2259518870048771,0.6215978317416289,0.1387690922055467,0.6781897545172512,0.565313338360424,0.2373851572546444,0.18688749911341138,0.4026956814925946,-0.654666921844516,0.08941389240270489,0.42072863043864067,0.08393706811189938,-0.2783693574548898,0.3025207575427245,1.087212888177141,0.23880354222380118,0.19632818832977378,-0.36083890342982056,-0.30992893222423007,0.02558449185663139,0.04405791788666682,0.10581331863727372,0.37548803546367016,-0.7447395318019255,0.11675647379851314,0.5659110582104211,0.6016991429942368,-0.36505428155447256,0.32178694695934573,-0.4047724435088121,-0.038943350065489275,0.4305094448305247,0.39572224445028753,-0.09746811379415293,-0.21714220719795246,0.0886061251746262,0.34113768526980737,-0.37901530570832126,-0.2425143154123161,-0.06596376456339319,0.18609352359315473,-0.19621014914976864,0.10131680217579743,0.11008796486812267,0.763527270893712,0.373511868337203,0.38817002617808527,-0.15799250862643888,0.5196966736658545,-0.47052405752087423,0.35122556493390916,-0.3084477412735454,-0.3188907546135642,0.760671677821571,-0.21718921526835372,0.2529034421476263,0.4927765206342728,0.7088185957420164,-0.6432079076227092,0.09209567296353773,-0.2615668539471412,-0.052109310268808114,0.5626611004767866,0.18945518125599692,0.5395174216432073,-0.030556933435936635,-0.4032548095872975,0.1850790357731344,0.12995887387825186,0.2699159002691846,-0.39605727336698393,0.2789607187271578,0.015356218295003618,-0.557633017472549,-0.4053909418223009,0.1591995466721453,-0.03741133629589078,-0.055039356945199104,0.1709492429773983,0.039965968268544566,-0.04812475268290956,0.6874622611918874,0.5977022392767786,0.8329969305130973,0.12064529119641322,0.6116284131915001,-0.2520366407009441,-0.26561223115413446,-0.10622981794620176
-1.3582252838804203,-1.5954862940666703,-2.7392935567428536,-1.483952751849292,3.7020884052068666,-0.32824297312064127,0.7090046989038796,-0.24074781818978203,0.7363282940866531,0.1228185778071101,0.17486493364562655,0.23143308525863396,0.5029730744666696,-0.8403738593684305,0.48929329035085295,0.3835484533642515,-0.17634880104868766,-0.3355571133841214,-0.28917816817874575,-0.6322078378219256,-0.2165082691537506,0.7368194662529086,-1.1907265807231768,-0.5849125924120375,0.17241371419028467,0.47314596388652114,0.5553519293351227,0.36951688448854025,0.16187577151528265,-0.7615842506575077,0.5861511540790622,0.15942531621999445,-0.07931270000856061,-0.1281652453890198,-0.41765178998002706,-0.1397039873548342,-0.04147067225599179,-0.1513660846756743,0.44100667384440484,0.11201931842797443,0.3265463252432282,-0.4885848974175673,0.9534966116063798,0.2110890811557875,0.22677868973716056,0.1934841432180392,-0.8864100097961696,0.13237636072555056,-0.3852359204810479,0.3279100532947056,0.0582474967525621,0.15836023021681522,-0.30113847904471436,-0.09161520620719539,0.3413981800295831,0.49878411814737317,0.10127960435878226,-0.590242592468052,-0.17292624245682028,-0.2702793748674896,-0.6290887942709766,0.4183547217295253,-0.6119420513948025,-0.9060852469941427,0.20994923247137418,-0.2557935634672744,-0.5537532164380295,0.03854067680520754,-1.355568470954,0.35173105692487067,-0.15875599884225045,0.5134993075485854,0.09237199586680402,0.5775870383766042,0.0680765417065287,0.2980521343538426,-1.1219716593771514,0.45417351782566023,-0.16070033654880136,0.1019721818975198,0.6899566920211945,-0.037832702737118196,0.5012449627551898,-0.06072243099347646,0.04523101351502601,0.001631390997783227,-0.10106512612085185,0.09214706510658158,-0.38618130444558696,-0.6175724955857895,-0.41758290376601037,-0.0690563195783524,0.007747501994237337,0.5132344760725001,-0.15477136106484893,0.06103765959983451,-0.7842541833334166,0.7274242513158793,-0.2945113849192501,0.4088222701235149
-0.25385928721657647,0.4062799568901817,-0.4711114835723671,-2.1323951667999292,2.4009590939285035,0.07025547285011187,-0.3883055803179927,-0.3901329532971068,0.5643134108848387,0.6403953094653894,-0.4320585220267639,-0.48558972328098104,-0.08120464660081206,-0.5516545645509511,-0.8253572196250332,-1.3145010273048738,-0.2893600234597233,0.21030139918213187,1.0432866212987149,0.3100432299134101,0.12934431500770566,0.627396646365707,-0.46915765814408805,0.09328611334523844,-1.082188847916979,-0.08313400542786019,0.669314883758459,0.40490334846077813,0.07209929647499319,-0.3484247828116478,0.23471286125941,0.14223472844666138,0.1364675455313625,-0.02190980488447832,0.25511478690451905,0.06702417047152635,-0.354884456315642,0.43964946075805433,0.4589668824977831,-0.7578122265483969,0.14675918637675262,-0.5901772964884191,-0.21857033592808303,-0.013094298807357033,-0.22939423972920234,0.7775367469763916,-0.8012288818473069,0.4850705055168591,-0.4780216292469738,0.15758624932964416,0.8360857053961942,-1.1053113540093997,-0.6658198405501455,0.4382735199582555,0.26286159330281267,0.28704156876698994,-0.054985980585750494,-0.01128288343975313,0.4225846122729442,-0.026491080042874347,0.8989783283714822,-0.19099955523429354,-0.17010696007907403,0.2993780797015603,-0.7062610988443968,-0.06358354288264689,0.27969580977933195,-0.2607383223949742,0.5449088970470148,-0.5847180227334497,-0.5681851128846357,-0.9358109305807636,-0.12037533063717305,-0.8794876122065436,0.6869996027916401,0.26085902585183396,0.4756502706146852,0.9055969941729546,-0.16672979454787562,-0.18299827986464462,0.21141682841175885,-1.143413318046117,0.23423071172478746,-0.40924734647021677,-0.899911324676376,-0.2146570014552217,0.5593103011000378,0.060046752528777,-0.37141696959614684,0.13778781422209727,0.11451382685782278,-0.2962316098575124,-0.45367653183501977,0.39913294299452085,0.056800187663976515,0.24417018966792994,0.36942017066223315,0.2968800533320175,0.20731026811183492,-0.29618311032919986
2.8287897363539423,-5.551042894624861,1.7361744044570215,0.6992355485917598,0.046033567689167,0.15062367252730832,-0.2587820283415411,0.3182674503845174,-0.628073236627241,-0.13530954961928293,-1.2119616260667239,0.8440578919972456,0.01647871211254845,-0.00928437655890907,-0.49809599770376606,0.3344331535215839,-0.6502477293867887,0.502551757208302,-0.15554933027785287,0.06016981464200816,-0.2728879520087771,0.4600409223512809,-0.47981565496071626,-0.35165895687543824,-0.04489032277745068,-0.5423618553492761,0.1597268417471986,0.613982011534615,0.17581480039114192,-0.3902683672293275,0.5038830782646493,0.34528153858776284,-0.13476488004351053,-0.5804076262927124,0.3852984533496407,0.693618354107665,-0.2606131914775526,-0.0654266377294506,-0.4469911858330926,0.41064466436539926,-0.474480907619757,-0.7304680159215872,-0.06845203387688328,0.029975010643799045,-0.028821523488018915,-0.3012690950990631,-0.5009696442862271,-0.2635073695254839,-0.014855435239409253,0.22216723595513924,-0.13923204751801294,-0.030432055012923877,-0.029667674809362814,0.0562981843694186,-0.9944382944463314,-0.18186533451007766,-0.3851343125199632,0.8229619917318297,0.018336804135703863,0.15696466910091153,-0.25892797499112946,0.6134121713061071,0.568195025103792,-0.7505533734610866,-0.7890857537623194,-0.0902706089964396,-0.7082193364584045,0.129281822219621,-0.6923309084625862,-0.22516423515246237,-0.21766675436798352,0.4437121692275765,-0.32379469126883653,0.877242786052312,0.1190249336132245,0.07296976177574493,-0.13414155907287492,-0.2788810619140326,0.893452417487889,-0.11962538545471638,0.2454956790754019,0.35093698101544724,-0.2577799367437166,-0.8262437694974762,-0.44668893011946514,-0.984780430905866,-0.12610486666055987,0.6585445719936427,0.056588741524001195,-0.40790541331472685,-0.8455168503351881,0.040003126895935257,0.45726322556594556,0.26379249420722345,0.06269650861618656,-0.171874454469261,-0.5783343328316359,0.09219528121844406,0.18116433783810795,0.29090259655772593
-2.685533909838953,-1.0838386544394873,-3.477888679984665,-1.200828689192281,-0.17766854907535418,0.6333758345583649,0.7652854547492384,0.45447001144393745,0.08713038390254486,-0.3927682135236319,-0.33521747265049395,-0.061785902767320953,0.11536178589348671,-0.7769950699855362,-0.60400086098313,0.8230322344343931,-0.2949349886441579,-0.41331734737951165,0.6555001562520718,-0.24466296871897014,-0.32328645472957085,-0.9546426203211207,0.3802772662894738,-0.5452265507122664,0.38364261270300326,0.36754292102955693,0.012318418915413111,0.15455833584308154,-0.574837609008364,-0.5988618562501755,-0.57383350366279,0.9279514105853214,-0.24844227554891785,-0.3592005008867008,0.20493929914989695,0.18715061851169026,-0.20188219175826155,0.57929141925786,-0.26819530324539154,-0.1822584829177105,0.0846653611620217,0.3142569766321358,-0.42321790694440337,-0.2874168336649681,0.0953929418609676,0.038732810081811904,-1.2266297084821292,-0.09848302480072536,0.2275307028290211,-0.7081967548129826,-0.14589241533444763,-0.3388699078674328,0.142471214351673,-0.2832271109564831,-0.5957004335236923,-0.5866387884425895,0.27655130195877037,0.18229909076633005,-0.4943871173632922,-0.11723427855059808,0.9183611883723535,-0.26063900327304723,0.5078135434806765,-0.4603062481056372,0.7760267160456524,-0.40890123536046635,0.3863994926534046,-0.31706402377407733,0.8711214141204516,-0.10693528223797848,-0.5512487192233991,0.6846183972834725,0.14496591960209043,0.27818632541264415,0.2256506011156025,-1.036341022276887,-0.12207958171042847,-0.3913450749485413,-1.1527140970951764,-0.3802700763008732,0.2901592637536519,0.5630307018403589,0.5829966358330211,-0.615487476887548,-0.14781700218451518,0.32109311936928747,0.6404777093719141,0.13139759667144627,-0.37587853272020294,0.11429379419921167,0.001382769981829649,0.664566959666848,0.2561098682916988,-0.15570717454476418,-0.681213091534201,-0.013689707945201895,0.2537634567817489,0.4916959379195294,0.2612062453588334,-0.8147718508519813
-2.2316861330155615,-0.5963603520029086,1.2631383097466236,-1.0190072367334362,-7.4923526577616215,-0.3229294902705895,-0.9112041288644284,0.09285739955707312,-0.24976427416771554,-0.2406094543689669,-0.24040180067327607,-0.1963037934329095,0.5881183664781335,-0.2910879288399974,0.3038514382800296,-0.01606469580172899,0.3316858036944666,-0.5987818688189073,-0.12964096803328679,-0.32512979324829827,-0.4108599253807702,-0.22131103627041024,0.005262970126223071,-0.15455734612016808,-0.8806242372707017,-0.3047634967303705,-0.7247343559426471,0.03513925943852535,0.48442671482647137,-0.2967444309704651,-0.22110247521399368,0.3515048625713579,-0.039736937413917484,-0.28503618475628956,-0.8867486129835125,-0.3032333879657963,0.35773140384813573,0.15450857885026217,-0.09757332476194479,-0.5503018729978112,-0.6701238262572259,0.006746322108678843,-0.026479006214132475,-0.572432882586155,0.02349299744617501,-0.26624633291376854,0.11481425482440707,-1.018461189032427,-0.6477601250565602,-0.15793717478163455,-0.8797453076792295,-0.06497075616734947,-0.9706482334445848,0.08980493458111699,0.07828263819532208,0.3930508885690292,-0.6470947485286063,-0.11737809836116861,-0.38790524673521226,-0.25533544615293896,-0.2390213222795132,0.5929762467368395,-0.8198443828685327,0.36362237815826376,0.03719908467008417,-0.07292989483183336,-0.1697845581224831,-0.3813564028560019,-0.29984086221811906,0.08915149078226578,-0.8351572301074941,-0.5306265252152724,-0.30628663211318174,-0.4370262704688693,-0.020292211926435395,0.469010639188825,0.09943036144921956,0.08779663616229891,-0.28366383198205253,0.20364489156954485,-0.18864777711593472,-0.5979736352043353,0.6007906620956032,0.3201876140168586,0.06443759801751493,0.6776457752124141,0.23725293456569382,0.1426757638560333,-0.2710820926479887,0.1689339444188654,-0.154724574636632,-0.34865825026173597,-0.2042454249685474,0.17147781194609213,-0.22066859980466813,-0.570149682085572,0.059215029370624436,-0.10462339603285985,-0.27009425841904144,0.062316075088111565
0.4525541072568428,0.566052397528434,1.7222736971950328,0.8627115128086911,-2.1285199329818703,-0.6249553150998703,0.2139556622759432,-0.29202934313014967,0.46181930936401,-0.8712489214802722,-0.7349116781048439,-0.14585748569334148,0.49488747474445677,-0.3615214793522772,-0.08431199019566496,-0.32376299093839933,-0.3448722855886488,-0.1707876978997475,-0.1885420631266239,-0.38287700568585287,-0.36503282131048814,-0.14394085905153367,0.5844837110978047,-0.03757445977658187,-0.29315204994526867,0.20638956273242004,-0.840322619978692,0.31543625132201136,0.07508198128428233,-0.4148089991067221,0.2259915110641922,-0.6101090230981533,-0.6051212600681746,0.1139024807931786,-0.702702001820218,0.7756391072175294,0.22208517468540875,-0.10189721887711078,0.16393070363556428,-0.15563747491217214,-0.3663210602708016,-0.4440634982056799,0.05357701363335394,-0.28966767571873275,-0.34515818181737723,-0.3442409676179295,0.05033109388076904,0.3740533943664899,-0.04589712455809175,0.6500595480605402,0.49972595817950993,-0.7691462402015898,0.5806462545054754,0.4147895436732131,-0.31502990787455754,1.187588603941536,0.11552089177487776,-0.004865702038690275,-0.04525482902868542,-0.371039746656626,0.11119258323782842,-0.06630833151411694,-0.08757551852664915,-0.34242733071266834,0.12995168460118184,-0.3338895127700293,-0.18816454333874386,0.18826960663446846,0.44625335038338676,-0.15180495942974884,0.4117877805508926,0.43468383442743413,0.20469071616242843,-0.330231734102412,-1.0479298435175635,-0.43333214259728126,-0.45440835311021294,-0.12300488523865093,0.4053127239275227,0.5964814697356419,0.06119728599066997,0.08966708708043665,-0.08782323248204599,-0.827017086249528,0.005145207687972118,0.16052538963891874,-0.13696638905748929,0.08751215812451187,-0.24228365921244313,-0.15249364498481546,0.3072826110263592,-0.034188624133636034,0.8695781086500822,-0.4588224141004746,0.5906061636460638,-0.08879989016923474,-0.5452654689672719,-0.020751352776947143,-0.6720321648865135,-0.8311017240464392
1.0422927071302586,1.7366098186596113,-5.7349964071100965,-0.4537634997437885,-0.2485218216466875,0.16557924592317322,-0.6213687084908407,0.1678187807505132,-0.6070726367905123,-0.22708993911431283,0.2143235083063345,-0.564319530240759,0.18104357159636872,-0.9080623093844563,0.1437602275928845,0.3407397211856283,0.11378830373371003,-0.12177180552526581,0.04108589029067956,-0.011652355352510123,0.5499175179836329,0.8505363317983574,0.34586427348072807,0.053217582812192916,0.5323390633591647,0.5723087874964218,-0.26095159390453565,-0.41877793154646037,-0.2759995607151005,-0.196669918260667,-0.18935411626191678,1.3016562952237818,0.4901255952013034,-0.1326878651502652,-0.11929956305136247,-0.727269380346932,-0.18133922775155947,-0.10868851032271017,-0.029260719417486213,0.2412360723658089,0.04046098110916238,-0.06736519385269911,0.5151350580210223,-0.30126693626315826,-0.10375694776536382,0.20662680267498848,0.5712441601430461,-0.6564166997017717,-0.1004496304339693,-0.20499938295519313,0.044830732902140694,-0.10847580753838985,0.5843135528384118,0.019713559186129256,0.6842813056589135,0.2715814823887349,-0.15019155868365777,-0.3062783323261081,-0.027757368425322584,-0.29260376046503145,0.32430586268725586,1.2370994766375305,-0.23690343022287438,-0.09715715288929119,0.7307838953592081,0.08072979584220126,-0.23336314152493348,-0.1996515117355901,0.41611710258407436,-0.008022759643205266,0.24224291919532195,-0.9087716476209864,0.15168027329028155,0.313814060837613,-0.2859686799007835,-0.48882003371837207,-0.32411101736382547,0.27939051730019754,-0.5282463043011641,-0.5887125712952407,0.09095363060245802,-0.2961825702793396,-0.046100965834696826,-0.7492595819542966,0.3405279317894504,0.963846516219029,-0.29349960488882093,0.2356190905204024,0.709357254383655,-0.7924496871481158,-0.38272872659719226,-0.3512971008284711,-0.5253074183568266,0.18956178834353163,0.051661187724797955,-0.7826314398549626,-0.12500284822036853,-0.1475374892253891,-0.17099817597441552,0.44135017701137724
3.566314629163304,0.8379430173510359,-2.117633285691966,3.3057498178407645,2.459502861359057,0.28428268324270123,-0.6626189773775093,1.1033708284165427,-0.009242942800753952,-0.7022100005579244,0.09795449153960761,-0.1689435493485928,-0.18736536746387852,-0.5738979576623037,-0.7898592443346605,0.7563268530920235,-0.26690587359964196,0.4891910799164391,-0.31137493676282124,0.4296264600578475,-0.26316264482835156,-0.3400919922997222,0.6953474700508475,0.44154758443399217,0.5716501914119825,-0.08275969083290934,0.06630469248723879,0.0943799584452286,0.6567611593762244,-0.14123031021923257,-0.10145869947103019,-0.03569411317452326,-0.6583385442332361,0.33284470445470515,-0.304437851598083,-0.24674660073718352,0.25940406539486566,-0.19874112941106817,0.1164682250841688,-1.3423465583937495,0.0905785717489425,-0.513107289329324,-0.2670750527320401,-0.37543658813505265,0.634676377267449,-0.16700937202058455,0.7348691938736595,-0.04737461023948271,-0.7540162747108718,-0.7351548598617064,0.13328960791377006,0.030162490794636402,-0.08632069156666992,-0.4181989337282978,0.09163213770690241,0.3469744397300528,-0.1517966327002403,-0.41152944630584126,-0.4331574570926536,0.4749705682003805,-0.11562036129775045,0.353413406901523,0.7782022429758554,-0.11443173349564717,-0.6747811333188092,-0.1073524252377528,-0.4745645026221735,-0.027034486517908737,-0.31694272953028135,-0.3124677889731514,-0.07278511687756209,-0.3890936861764819,-0.28589316997730657,0.3829439081821918,0.3968657886731625,0.13896717228961025,0.377856376036726,0.3709612277793878,-0.26151163320668125,-0.21355831438756423,0.5724161801420137,0.11696778701623055,0.658265492432734,0.018956190354866412,-0.3985785436172784,0.35578793040833057,-0.08589603547725065,0.0602609525732347,-0.3620909078389436,-0.17643197453413656,-0.189948562381192,-0.07855966910929446,-0.018464733935632378,-0.44431400602041937,0.2577865543152811,-0.6001231074892864,-0.00040885061573233143,-0.36896623513480653,-0.23042713401763074,-0.3223040605840084
-2.0548157714929847,-0.3119522040712519,1.1032150500993614,0.6077438928772342,-1.0622034841487797,0.0367111804296321,0.34674057685014553,-0.6603468624210024,0.23549159285838595,-0.9407796799036671,0.013425635402112885,0.6924545732673592,-0.4543053802565568,-0.512237305994918,0.05913490721946234,-0.40138428377745233,0.17083398357405283,0.33145453257225577,0.1186241183693083,-0.46048362837809365,0.9528945812777728,0.07747254342011542,0.0363842669570016,0.0014156213623730488,0.0962729485679339,0.018602693407363903,-0.4836955751453759,-0.25455291788210416,-0.9094772036767144,0.6819264797921917,0.39486258365170457,-0.30515842810705807,-0.5897832092542664,0.037666878664498686,-0.15377376237528223,-0.16093981965448337,-0.7944711143488025,-0.6078304763147672,-0.44577667024726736,0.9914353653595751,-0.3974650845237784,0.31555239899172877,-0.18307712101069656,0.37434507265041667,-0.07775910386776726,0.849228751750024,0.026750054774842612,0.026734943485811274,0.24895732715954313,-0.14456244625926978,0.44834384629306945,0.2747853918623952,0.21979377735027403,0.5059873862566604,0.12170692886430616,-0.28831589420591003,-0.3965280642719875,-0.16401496990986003,-0.28038178504502803,0.5228438601597616,0.3216685580517664,0.49504174579491395,0.05270085010227084,0.7398279721993541,0.2815219450151523,-0.295619972377279,-0.7920818827668353,-0.7061337720185095,0.06204384869936233,0.05774240133465024,-0.0899606009068486,-0.3081243845811313,-0.02876223345729916,0.7837356808278865,0.44748136552187256,0.5915161145691107,0.14101134797046838,-0.25517252462961837,-0.04841876918908028,-0.6064458366674554,-0.5634959679637555,0.46585478329380386,0.310933360814235,-0.025044163637892553,0.25256225803514976,0.49910809726591554,0.457593431980703,0.09629979089588117,-0.2364180849425295,-0.7377009442451937,-0.24337484625986647,0.21540868753079842,0.40200556675380084,-0.2787600236363221,0.9204535646016281,0.2848714575749315,0.019179139523015098,-0.38830350517931694,0.7231291955850181,-0.4170970728835718
-2.140094640283644,0.18333036956702065,-3.498541610390924,-0.531288746668261,-2.7205635211937187,0.2516886832243866,0.11669905587844814,-0.0004709173125914374,0.142621062410026,-0.10495188194356045,0.9173105233165414,-0.41792091914394747,0.6269378870148055,-0.5954820496689851,-0.7747111875669723,0.34837083629720544,-0.3118793449384298,0.31511046692878686,-0.34234775592313565,0.6205700298126288,-0.12357393549619772,0.8099046131038186,0.34409442501934756,-0.004452880127125494,0.26506641990315427,0.5408780030275258,0.38171289623007876,0.4813061998039766,-0.9638826552978869,0.12912145543376022,0.25190860264876974,-0.5245338281817709,0.9085685589706548,0.8769089463872396,0.3434334361432562,0.2800898163879003,-0.038496198179116606,-0.5280597543243744,0.06306973300494799,0.08122229253483264,0.7215824718776505,0.40550455379348266,0.20354596061489488,0.0847961515677383,-0.11594652142401293,0.5222939894798707,-0.4278543960473094,0.21562134527705212,-0.6275886646149088,-0.05637825388388006,-0.11210402275562517,0.24138605247884987,-0.08666538960888542,0.5560814862516817,0.28782164307326025,-0.24702960587814057,0.2232545507277499,-0.5510859164262023,0.03823287683823663,-0.24350661846285754,0.5968595148553442,0.3173248065119345,-0.12907219901199798,-0.4650210542616745,0.4070990215161662,-0.45913316256739456,-0.22284522193638245,0.13261375082633262,0.15082640096364394,0.05122643890719236,-0.3657108316657589,-0.8845331521055785,-0.2291366864951771,-0.4755911567835473,-0.19078472689492443,-0.3059766201405765,0.15730610225805303,0.3240456209608894,-0.04875725194642224,0.5976758097370235,0.044196517380562565,0.18830293054912312,0.5221645205666666,-0.4082392957391912,0.2604233801042907,-0.17192124981108642,-0.41040468380888245,-0.05740480207401103,-0.6023877016262308,0.2835630834716237,-0.5998089405818892,-0.24976070005049814,0.5181869510300763,0.2981735843180127,0.03520706370249598,-0.5792234704581343,0.7939742622518243,0.7464334847199955,0.10407264968953495,0.16373898536709494
-2.929540422778551,2.4938017894076596,1.1751647339856242,-1.642974701347458,-0.19802795669111511,0.5229459015996487,-0.33875195985904244,0.5140529302144472,0.8360103713067986,0.5487727134591454,-0.05080573595963195,0.2611982761409423,-0.22895875445362984,-0.3843875179119453,-0.6063578841055653,0.2163407322452,-0.4102542765437778,-0.5167742442884247,-0.005158045882206181,0.21097237521366993,0.08876183640206775,0.3100589478936377,0.34499620607577347,0.05141022872734773,-0.18996281078678323,-0.2596160211227872,-0.36297807813534194,-0.12443815849476832,-0.4974240154042176,0.09359894492242406,-0.285934633630628,0.47173682203878875,0.3167098926500894,-0.991286040491827,-0.024894177282962806,0.0913340862793391,-0.1282206900444003,-0.11981721232196041,0.8591648823158496,0.2459667210059764,0.30589766334845764,0.05390868075474621,-0.575842582427861,-0.14323082189275724,0.28043995790723386,-0.20293349088638915,-0.7596336146957545,0.18316212613913124,0.080052959582845,-0.055522860926209,-0.2517475417362242,0.6688171649557184,-0.028881305213224278,-0.3104099553222676,-0.784091905595315,-0.6909338047422486,0.09439917834582769,-0.21405270038705745,0.5899936614342154,-0.2602770949695538,0.19572273976354082,0.46258711755106785,0.3807635975397657,0.4748070911076572,-0.3088218238318306,0.4500968260152018,0.22472472824649964,0.7948747720160265,-0.007740872142030645,0.5378909876226783,0.07492712468657452,-0.045627926466741506,-0.1930219856591918,0.1409913475471629,-0.2609273129025544,0.1547145701251405,0.006755284592884996,0.1303992119987817,-0.2562636407075611,-0.22027984808068268,0.6739107327008336,-0.34678109236978705,-0.25562211005016516,0.25481045724703605,-0.5442394886480073,0.4366362600556065,0.012530442394795024,0.33818785551740665,-0.8891632919978467,-0.5723331050548552,-0.2564080337480755,-0.7409317797777841,0.48676242164608363,0.10623276456018145,-0.4527232810316287,0.20474512984394963,-0.5192059745869396,0.24930707963748933,0.04882046534726229,-0.5955294343971068
-0.2390927238566585,-0.4475662584380186,0.0582907929229073,1.2958324874107718,0.37420364506305515,-0.008054471526493237,-0.23671433370061135,-0.400361990761923,0.6156282045959333,0.5540398965333985,0.4578035053153431,0.048763094136950735,0.12804391457971934,0.5173192346597009,0.25863261780520497,-0.996466327005525,-0.462659921290578,-0.6742633403131042,0.5487995245071832,0.11358878461545932,-0.06499640585063442,0.3125049316162301,0.3875725375894924,-0.04761745356437812,-0.10145258099444877,0.24518469554482622,-0.5089440591696,-0.23510285841488926,-0.308084736268351,-0.5176452650551259,-0.529893395489911,0.020891908117688103,-0.0405797078598254,-0.10227827220052124,-0.42701880190608116,-0.3346504683025363,-0.35243614310787263,0.04261642306272548,-0.8826684899414522,0.19738806514010707,-0.2947941045999403,0.11341424521351973,-0.2270885755237417,-0.18327032956362585,-0.41723859165895194,0.15798204805958463,0.4397093796191075,0.4765781025363446,0.270652093353474,1.0237206090955142,-0.9159104992528447,-0.7208005149852431,-0.49216751933684516,-0.265230612023502,-0.6045520259779883,0.606622663498289,0.39404136093962067,-0.09708761301385009,0.4304617563773576,-0.7191793167266842,-0.4374335848511101,-0.4505929296909089,0.6384691986665328,-0.6963694337189512,-0.6067689525978299,-0.8431544825173506,0.3335201024362506,-0.08336123630972411,-0.13734722847762923,-0.5356611509704301,0.9408688010285408,-0.25965559398158156,0.5101384450932058,0.09788118004753588,-0.2537934031609121,-0.09919771983285863,0.04713247757562193,-1.0519254299282614,-0.5586045004055247,0.6334722590185722,0.6360357858415012,1.0882203240105297,0.2666372448602905,-0.0010967486241854774,-0.24531699164472018,-0.16107063175878927,0.5400529508926369,-0.22515191980182622,0.52918755714838,0.26194743740317195,0.9080080905008034,-0.4331382864719824,0.27666098148259355,-0.015116607375359059,-0.03169664711994651,0.33529292556965684,0.19489467037055527,0.5563791542218128,-0.4763161636918838,0.4971532577942203
-0.615747023797944,-3.7816302861516617,1.4605445910333368,0.39307649241621617,2.6400480506582706,0.21045527919033122,0.7201864136194,0.4133642162421029,-0.4579819402851747,-0.19185237893412108,-0.5723811898263066,0.20791115137716493,0.7752275678366212,-0.2455516481347666,0.043671183907607165,0.32419676866147373,-0.2480020798419168,-0.4835293552943092,0.7027900229402158,1.1959919591086277,0.47123539978418805,-0.32567968627574295,0.5501428802837554,-0.8754889656792877,0.03615486368078913,0.16728769573947158,0.14077267045061018,-0.473997428925245,-0.03619138505587887,-0.21130465314201885,-0.4104379484465368,-0.6044076333496998,-0.33754855274778733,-0.320731577638605,0.24917481920770856,-0.9289376274730803,-0.12166537011867584,0.06602703359591398,0.2588576712672495,0.18756482126073812,0.32146825689470687,0.8939937546565079,0.34741292137526836,0.24071370980602635,-0.8590916150909707,0.8360339666747997,-0.21767545854556494,-0.5618045433191277,0.24122967280500077,1.2733375531058084,-0.002775089590938744,-0.28057556176195986,0.07218533119512748,0.478033556558776,0.09398471126127216,0.13234875249578085,-1.0871383949830944,0.38120241125576376,0.21878633379063195,0.38564292744147416,-0.37563880331425614,-0.3221776162486399,0.299916882192517,-0.05092329235314841,-0.06207161494460413,-0.8097586953846863,0.6358035068840165,0.12997642100185808,0.4674235703548588,-0.37354858549986614,-0.8854728635549981,-0.715166529928855,-0.05612810325231152,0.7349892034467939,-0.08445748672113282,-0.4252075882743762,-0.42012276074381,-0.18113378190185003,0.015670558998221673,-0.24651098715325576,0.09612602507475272,-0.4599656830913495,1.2847558251274653,-0.1265405039736103,1.0643350775373144,0.18401023643277467,-0.4821232518979432,-0.5701282105663671,-0.38315849529012147,-0.42808143575792895,0.8627505606345709,0.08551021445765153,0.13501665348723096,-1.0111417024087035,0.3410187151129451,-0.697156715373012,0.6956249402202076,0.29715432012741405,-0.24930639893964449,-0.3893824420698706
1.8231538443701565,-1.2719475379513943,-1.3385136370616981,0.8594086653374154,1.0074049466645125,0.3798942768819793,0.276198411424139,0.33026814798942894,0.3614739178403143,-0.37265167788006875,0.9034980042811821,-0.3060972250881937,-0.8549913704850521,0.5253855504383882,-0.008391473773723422,-0.09285236117265351,0.3978907165775087,-0.3492296378486567,0.7884440079140577,-0.16956042804643326,-0.3296979936119797,-0.2864351111418565,0.16162503025571867,0.44664512061791495,0.0009527966022417811,0.34145680687176344,0.5554932459138288,0.41569338591279564,1.0969758050455736,0.1813609043347453,0.19284049206448306,0.39315267366677803,1.2580289471189987,-0.09792272147369989,0.47838230224919753,-0.2601033974258839,-0.08074988353426689,-0.4680515076907523,0.31175290841859893,-0.12256721987476724,0.28026341259544163,-0.44510939079530876,-0.34912448239774374,0.031206803094581438,0.30499632403815513,-0.22705739052060236,0.29875007132414044,-0.26248221102761377,-0.02507878602414652,-0.5783109707910381,-0.122315166119298,-0.11335086137565364,-0.456351503862849,-0.4121851660562462,0.21800731982983218,-0.5384290553671662,0.5591422358786967,0.7786377173714555,-0.673110683712946,0.751089556260865,-0.06069305420626028,0.20650544120986422,0.26663896685092403,-0.3197798729606308,0.31329332977503205,-0.17881125608069795,0.18069066694209485,-0.3516521680310852,-0.0013068870764907715,-0.25900571847361226,0.35224333967668275,-0.33017415634234426,-0.10491677640228271,-0.8243591844776843,0.07505635074746882,0.2326714875117704,0.11846065815916694,0.47428667776048355,0.674760082758669,-0.13133022283296383,-0.12551294094573054,-0.6754081450560516,-0.5079034257839622,1.1170322518540037,-0.1941836249908202,-0.29287106090579046,0.3883128248398755,-0.2549829628522539,-0.0757353904948765,1.2081235561947585,0.0988243045283264,0.9389075680911445,-0.028755260282750675,0.029532363777047453,-0.36098980287118654,0.3443845726913423,1.0040299295582475,0.1698279702447406,0.5835536527614418,-0.08403528654246276
1.6537557482634817,1.9115845804293348,-1.591371060192294,1.3451121839544697,0.3319123145791947,-0.331691164453307,0.23192974254369486,0.22505503352875414,-0.6439378429159012,-0.2932619992723768,-0.08915451169956615,-0.16280605615732344,0.19035883190452546,-0.15921639893043424,0.09736985205110607,0.6421261366635146,0.18005944875452803,-0.838550934719271,0.7833626220363458,-0.43795807026310424,0.122888420334114,-0.8498394627054424,0.18515377495776492,-0.09167871229084021,0.43209087587987044,-0.016357389198474563,0.23884225696031477,0.08827210338355322,-0.022477377112572295,-0.1864652407862322,-0.5786977383765879,-0.8285583171730472,-0.2413046377463781,0.2677148066340186,0.015219434503977032,-0.711984638449539,0.739738132508108,-0.625604900072557,-0.09288597850546651,0.23955203162201022,0.02165750668823951,-0.24434797990457163,0.43693848385918316,-0.46910952636257697,-0.11171958330042327,-0.14453968916896875,0.6111125719425773,-0.4364798490065739,-0.2042408087638115,-0.32279878154767794,-0.17284178154608887,0.0623183245743588,-0.015073415026135331,-0.7517721706436996,-0.07218480883160257,-0.04641454417554487,0.6686914371946491,0.8746321638061746,-0.5595932661131736,0.07742190433089953,0.37512384841966145,0.3364086121994897,-0.1823810781433718,0.8784267507167473,0.48590824252093023,-0.2756483283607968,-0.6021210263609386,-0.3811478623026321,-0.6307954107036259,0.6448402585607569,-0.9905456273376245,-0.07615042932265002,0.8639537273997397,0.1254977215339681,1.0731274401785014,-0.011067370693506915,-0.28246133624870734,-0.4979046172164152,0.68618804123579,0.15769422766703262,-0.2087384533643797,-0.2023764362636047,0.3649357537811203,0.4942315412767754,0.486902987373566,0.401676234734455,-0.40436409466431267,-0.23804716797344438,-0.1372100558645923,0.14636053089837317,0.4953494319201648,-0.24895795568906484,0.9182154220743479,-1.201890249393938,-0.03228157141075608,-0.41548307566466913,-0.0460210053496082,-0.06600056879974957,0.5302971917722029,-0.40077244790251965
1.9189255057142822,2.6279571338230028,-0.6006279138178059,2.199520653985533,-2.921974465786782,-0.014712031801437243,-0.1572481749490194,0.36010119849052735,0.8584992823564649,0.6541804622459839,0.19053386953022328,0.058555086144718965,0.16258060665978025,-0.3588856750834437,-0.4315846181995645,-0.41004085861586986,-0.5356083720565866,0.05259397460084592,0.6352854242288651,0.3867071684572788,-0.445606723319866,0.163483777322386,-0.08042905615922652,-0.12383703759816087,-0.26500847576155606,-0.2545594466103719,-0.5752357498973723,-0.6351497512049857,-0.16305149806813524,0.25827792046548337,-0.9519736724516453,-0.31331002553223053,0.39817398110636354,-0.9670366630863042,0.2849374043702703,0.37956998164695105,0.45826929840637026,-0.06517668738897335,-0.7130758182937185,0.40943780413825814,0.0693118775041545,0.47515198242093604,-0.25910280579446987,-0.3457853042108652,-0.0118646901397355,-0.13297725123573045,0.26385805524551253,-0.09607464860755571,0.41303504480101044,0.22073942041616768,0.19360817470846908,0.09413094753518664,0.061374760276384985,-0.7293981330589598,-0.8252241236457981,-0.051750919744589646,0.14799345922969737,-0.5005144200311521,-0.29096767798605655,-0.3960133849188272,0.09353613486260082,0.34259257332201365,0.18059003699598422,-0.09427409501604105,-0.8022517392456953,-0.08631226437926123,1.046864583629896,-0.12422005819875942,-0.3530697548085468,-0.35959289597566807,-0.2596438382209893,-0.5760087899418551,0.13401506197438057,0.6398793730871665,0.3584675615265781,0.18065529147672452,-0.42096235016057804,-0.20115497828104806,0.02512755460032223,-0.058714056800109514,0.03720536567198971,0.283094771309575,0.05261508551880196,-0.5234873879798649,-0.19246873436848275,-0.04731106284973772,-0.2017884810531681,-0.3511661126263009,-0.07756663493160013,-0.6077514540807158,0.3295622313345172,-0.47066571897277637,-0.13959706869120117,-0.4543441493674921,0.14552597301909279,-0.9862112368554687,-0.40316024457910227,0.8760432133721088,-0.3302215503791193,0.15747179572304315
1.7505205946547604,0.4679469396999849,3.2484650311098013,0.4981196056083219,0.40247875867131244,-0.7696017862695816,-0.05582196501240243,-0.2833808866819221,-0.30799322139046775,0.022501866655609166,-0.6497583352249346,-0.38389585302078877,-0.08864282313067424,0.502982106291788,-0.11689818852178564,0.05771107981603691,-0.9322819573577931,-0.5989281540421839,-0.03979986981764507,-0.17477434827333413,-0.1183136425822758,0.7348090789326515,-0.02807598256639691,-0.08542122122480116,-0.42331018086087085,0.361841548649584,0.41485540950122723,-0.2729106923621865,0.30210858590869066,-0.1974032063389597,0.5639131191545489,0.3003372100472767,-0.5298663159138298,0.12250595084747887,0.12445997407972867,0.22444572801684023,-0.1863354478018151,0.3853708124123191,0.6043802520115666,-1.0335539919694967,0.38446801795072183,-0.2894638184665637,-0.1555051605541884,-0.17681185132716093,0.12025926416319162,0.48649900687836867,0.11552039428913918,0.08373238369721557,0.04764488614384463,0.2040424607642389,-0.3776382686962301,0.5776486508192067,0.14660909539987577,-0.29183119346334574,0.3871601297015149,-0.010245480630254893,-0.46505468034866154,0.002795315253795002,-0.2168787556394741,-0.021403906371388486,-0.4314481796464578,0.18694028291935766,-0.4366471686109682,-0.7697329526799457,-0.33341460973264925,-0.2878349430016321,-0.7175809423048265,0.3431169697052602,-0.4898595300178013,0.600177413840432,0.22249004449252457,-0.14371366796462215,-0.280647442837183,-0.11463141804170913,-0.40387477723067616,1.0905950658616181,-0.23394425329440938,0.05390804966166331,0.23336138533540887,0.41488335990302844,0.2906221853610141,-0.8909600630300096,-0.5732027580547858,0.6119243431284542,0.2572820415701352,-0.40829547702903674,-0.36343513262983024,0.3500177896512185,0.6567551718922469,0.6539351047590387,-0.7661865127778862,-0.16153411722679298,0.10519829634841832,-0.16240904926763974,-0.3365387164851604,0.060310990662355866,-0.6565896184134936,-0.2940333965855398,-0.9112986420096372,0.34250031485783855
2.443589441359406,-0.736176448454239,3.2783279108433154,-1.469221918801889,-0.06513479996323557,-0.1521169755817941,-1.183482363339741,0.1877778177976866,0.0001132971141342268,0.16982405449670543,0.6247877139408216,-0.11747711960250043,-0.3221819485023303,0.26819908852556834,0.0058919867329096,-0.1901146567339261,0.10639293098375313,0.24551540378191417,-0.8806838280489234,-0.7554561166799628,0.1099874692131675,-0.32736054428593214,0.5916268666634736,-0.13146819911939056,0.04923118250032504,0.18393917696302692,0.7476308674718847,0.007395163546648451,0.7908885194126859,0.5885755266936314,0.43683166554438774,0.3526055170863396,0.7266283581350758,-0.3697373288982094,-0.5356335858977245,0.49653845679261954,-0.1597337021456296,-0.3243310446456167,0.1356888578227335,0.933781740542418,-0.014898912029852397,0.19331054508612344,0.0023410222419040223,0.3726465136067111,-0.5496497527951363,-0.8588109160205238,0.2616196918550252,-0.2883752757669521,-0.5157916761935861,0.014262776838605397,0.5743463659942338,0.24444730166432116,0.3128540325876689,-0.3021537600040746,0.27624215644422645,0.5065384259005838,-0.24113269612768778,0.6298800326200202,0.2263130244036071,0.20145773110819445,0.6154063002835348,-0.03734100735806904,-0.29814220366290733,-0.2131479307778208,-0.25044096084170014,0.1743224130172947,0.08615104803021761,0.5842596400730936,0.5743525649350044,0.7385699570462317,0.48770003721690647,-0.4401399507561333,0.42421064356754534,-0.010243713257333814,0.3003903093655092,-0.12684462384307932,-0.15070269252630789,-0.21563378264759892,-0.6420822922855591,0.6607905679296739,-0.3982221859829687,0.554025845346958,-0.3177277495659818,-0.150042576728759,-0.5005959522690511,-0.47462490731421036,0.02402514847161924,0.47075014614229166,-0.6663586174953542,0.416689171430079,-0.11987861222521348,0.2869861837367124,-0.19179427877057587,-0.33690398874000593,-0.10096783318769978,-0.19506370358968977,-0.4867366712539186,0.034473367202567766,0.27106560007091285,0.12336013647960485
3.7597320439111206,-1.8077700085515311,-1.0101912495697225,-4.05351098295159,-1.4882608315718648,-0.4274466217933709,0.26951641170218055,-0.4336933772212437,0.2934740136468845,0.10637660380872135,-0.3150577451458338,-0.3587664589653764,-0.13632178090321462,0.4621291153470266,-0.09616387208095321,-0.44008927541342674,0.17942205648055262,0.6259376445919803,0.24110264784394544,-0.5316652522254488,0.11783992570761041,0.16344122661810187,-0.14153959418398915,0.20963433359341804,-0.2576704261368812,-0.48754157718586816,-0.07372117862237783,0.12009333879954658,-0.3191030426667465,-0.09635864658621614,0.5449684010096368,-0.1825281719334315,0.6818123308558551,-0.39439653682206055,-0.11005105228685386,0.15215610109257593,0.581154278941536,-0.29430434104538133,0.26960160286990115,0.17150070666178224,-0.08312348409209637,-0.30080302496623035,-0.6801035587232591,0.28192393502723073,-0.11381863098967389,-0.23526450326178744,0.3024372661445469,-0.19174152572858444,0.2788140527954809,0.3298632228275065,-0.3188731514845175,0.5097816933250742,-0.15672765265688077,-0.3996683450555336,-0.03754892521466881,0.11590702618265519,0.6256190505590072,0.17460463746594423,0.6538186544664619,0.49965966721757127,0.1312988141967973,-0.1215025216655369,-0.506643778315437,0.2717046050217727,0.23722205144199596,-0.37070246933294637,0.19121819279073074,-0.14825269706839522,0.3015953679650262,0.017646326101636363,-0.1255101875091418,-0.6832559842158261,-0.421249707250136,0.004196480318219984,0.30255118317366103,0.10858236744689652,0.32050005173488505,0.19319252220247493,0.549585932100152,-0.20029385933099234,0.20474720284053766,0.2100434360252965,-0.6587403260832113,0.3874048352123697,0.04260499296309135,-0.16083157798884834,0.40937073483783487,-0.09095137150024647,-0.7461123950330201,0.2593004438865763,0.04710148234904241,-0.07777674137081984,0.312104477237003,-0.41129534107820764,0.6574009315859717,0.17571412945312592,0.022129582193040044,-0.027493861830368872,-0.030210223036884688,-0.7924467077313901
-2.982667450255967,-2.4286109264697995,0.052758295231421504,-0.16344559385976443,0.23866407914217036,0.4838477040022204,0.2815820384412669,-0.12807174269155921,-0.5671189219760676,0.11319442145970472,0.2236466533193449,0.09255663567699741,0.18356014801154102,0.22504500400249705,0.8604862836100673,-0.38860887446433595,-0.11291525080418138,-0.07065974564141594,-0.6301157818054614,-0.3258769440609957,0.9615780147267329,-0.851383548967751,0.3124919535647006,0.312780930134756,-0.21997312005763248,0.19419994072748856,-0.18190391134353756,0.14370457744095977,0.035558929005586014,-0.2186706400259149,0.1757893807815798,-0.4120011774262562,-0.3420008119924797,-0.2178863530526783,0.29622902768216947,0.23014163366593857,0.3795392273855691,0.5072843494040175,0.1505108187155524,-0.02652503182002562,-0.5217582483710907,-0.2868245089043406,0.5884732505388747,0.04378700183178574,0.2282057727169066,-0.465266673844654,-0.6720178002459727,0.06247054815115124,-0.020802740265125963,0.24694392528728043,-0.1497754045348031,-0.1500865371709154,-0.29555318176027334,-0.01185275460097053,-0.676852266342146,-0.38550463532856666,-0.3271024574542179,-0.4808741460865674,0.5024509883030541,-0.6068920826618495,0.18336336180123036,0.6925783753563801,0.3716658389859992,-0.5757100564106438,-0.12221905691107052,0.6105543541720626,0.3152786115637992,-0.2823425690674193,0.1766834199946682,0.3656387409962406,-0.16303312085697252,0.2260358102632825,0.24425130057525132,0.24841574245118803,-0.5591106289418719,-0.07938583853487527,0.5526308423955966,-0.0212792670968328,-0.671045278831417,0.10124745292778098,-0.3798302175098205,0.9976741786706256,0.48072875160928485,-0.06349187677312383,0.6738870633379179,0.795691858088364,0.3773796793280765,-0.29620241469509745,0.6937482612237603,0.06273362543052788,0.33964991342547657,0.5964566124923671,-0.09089013673302593,-0.10983764496132405,0.362419090197609,-0.39184355671222193,0.6330333674711213,-0.5454588140489569,-0.17547946547058477,-0.5010372021703787
2.3713716474226274,-2.204280506211244,-0.31418920748246015,2.375285685807981,-0.7235265414271195,-0.16814418826821392,-1.16557166030882,-0.8817966105650668,-0.576293054978406,-0.3424774071351824,-0.12617069336779638,-0.6238512224501714,-0.7187147974263373,0.07588593850273992,-0.27812637254073097,-0.4330305423470855,0.23304334616668562,0.4942851659452872,0.2994613869810802,-0.2778377383742186,0.26422549423820463,0.37129063310860094,-0.444322945288772,-0.31947343438724995,0.44866726841438886,0.0063201007007226175,-0.6891723361200487,-0.316154424074189,0.4164196609646026,0.15206590495805644,-0.18435049143932844,0.34043857543845346,-0.06518196988082146,0.8902118155370974,-0.964464531205603,0.7581094420420001,-0.3511155353103039,-0.11521224201758958,-0.03402939782728155,-0.19669899350491704,-1.0412360542882761,0.11658524924104337,0.6511053642132018,0.7630989786625206,1.0440304303173202,-0.08030067670938118,-0.48561216407468655,-0.05300251923191322,-0.5908636928085865,0.08721269229479311,0.3703794740482093,0.7008806161115864,0.3492398556530335,-0.2922560670247003,-0.5438824144960587,-0.7235425534849576,0.4970909868749695,-0.7697777434182064,0.11495289050780096,-0.953586048973104,0.3738095956912731,-0.12142175914948265,0.17780434284564334,0.23662893028123005,-0.19467439277666668,-0.5985871013798651,0.22926564336695038,-0.02065863550638031,0.5336904381848747,0.09871557476625765,-0.33163093224956974,-0.29788715586859105,0.13933734027422137,-0.6683098187719797,-0.05640088228352557,-0.18161035895636635,-0.38624695203304854,0.2571446730269235,-0.5376191494294352,0.12251999073335669,0.056865280989506266,-0.11678837745766787,0.2580149513021374,-0.028728554924558947,-0.48023071785121146,-0.6162057842204754,-0.3334879883306442,-0.14522086365204284,0.17908481423968053,-0.32113462440516005,-0.1613037677968537,-0.3487449761244126,0.22861253653838948,-0.06823697548175614,0.07116515044951668,0.50213676857967,-0.011546206648187141,-0.2726381235672483,0.14755667972404113,-0.26136083803816534
-2.7754024586349493,3.3264951120887325,1.406678075976754,3.5256302690667694,0.43369121903305874,0.09514773675022603,0.5353128461077269,-0.33171107849394493,0.015131107366820402,0.3393735377757142,-0.7292411923266047,-0.05316923756013681,-0.5929196771776322,-0.2324703912656467,0.1741752208249842,-0.30668841398285035,-0.43528990136253287,0.12458272982583371,0.8888460069871061,-0.016202729852482976,-0.003921072872681765,0.3625638513823077,0.5946325406296803,0.2573358774156982,-0.011266744750992593,0.3106988744295479,0.21502169362446083,-0.440463626718575,0.3499420665217733,0.008816851245023813,-0.4038805445620734,0.4641818748431,0.2751384086957318,0.8582720259748896,0.18468034504486563,-0.6517018148859942,0.17944427739229277,0.5969419202591582,-0.22262617562704706,-0.8306001710288968,-0.09727798653185041,-0.04752927702392841,-0.25027156077691537,0.4635490678805369,0.3119829868795608,0.35803705463995483,-0.22784762871628753,-0.16625587345737547,-0.5362988286837622,-0.36587193457575584,0.31202153837825153,0.23028944836268728,0.38504230956850993,-0.09131859058278612,0.18794152898673605,-0.5862947845857394,0.4278465159687349,0.564920000204625,-0.7047250307896606,0.31681921899024035,0.7747365245775295,0.00823109884174203,0.10999035115898514,-0.23597989985990336,-0.6746375768598688,-0.5694899612817621,-1.1057448151124436,-0.14825232008855038,-0.09457489950697584,-0.5613672747366895,-0.29313844233724495,-0.34649198473938825,-0.5268549023230209,0.2858159278742076,0.6614110806996413,-0.3752585490910583,-0.12940309738546626,-0.6398322235563347,-0.6891923023929846,-0.6165425972437946,-0.12850130018074213,0.4841695136907643,-0.5512245679383571,-0.17627617493301095,-0.14293605038337173,-0.8150345488605767,0.034037637205746256,-0.1032159153276748,-0.36568285014544577,0.34648603560077296,0.2000032842546111,-0.16912765578323613,-0.5165962996903343,-0.4865300702134884,0.4224293431688801,0.35925747977163,0.1898840100092261,-0.7851536591118529,0.06831060989916724,-0.32187388575797427
-0.7456847210854909,-2.3075954648814374,1.244350054055443,1.9366345087163617,0.6096796792769131,0.06923593762794075,0.07439107310666049,-0.3298686020820455,0.052474009486844005,0.38263388469686377,-0.07930957513418176,-0.9391379185318645,0.6633985314925559,-0.38480713543776995,-0.37208695189862445,-0.16669365730236743,-0.2231407960974942,-0.13738634287396123,0.9922143952749468,0.896949038046657,-0.7391504753758452,-0.21951421707903973,-0.49438712651845385,-0.13096440633945244,-0.0979647203672266,-0.7916230649689093,0.5751368718087226,0.22269253146841075,-0.22388100559947632,0.00178373923950023,0.35428781119009534,-0.4024892528734053,0.11443274913448571,0.43035740396014316,-0.6181515235285492,-0.5711543683122919,-0.05412231074137163,-0.09098850895185692,-0.30458633698895105,-0.02903385448512094,0.03733096099662769,0.24475683964808767,0.48644294536406885,0.9782180390483386,0.2513758928771063,0.44935636764441417,-0.2516237296826946,-0.017029611868063815,0.005170585597240679,0.7931998841416139,-0.42732979774444185,0.15543684153160003,-0.5721274677341448,-0.18765801407130223,0.40119351942545195,0.4677645032305081,-0.03150517958398092,0.23150117921759022,0.1324222625337336,0.0273106597990572,0.4047432387492459,-0.023757442735315746,-0.3697812890695462,-0.33663086935576786,-0.06059188834020864,-0.05900457324207939,-0.3686661965880569,0.06446961521851687,-0.2594209291905159,0.013863174918164667,0.18298297200676505,0.4200116278904567,-0.12109256490919128,-0.05166439928460172,-0.3454683531847312,0.5760589032636344,-0.551761024448015,0.24621950936216033,-0.09185730609449448,-0.20748028909114885,0.022252477997347128,-0.09435109930448261,0.48034806913904743,0.6606847550634485,0.028719807872333858,-0.04098642861952981,-0.2447203617046674,-0.19327335310808302,-0.4795132051911826,-0.8332826737917054,0.660898791015954,0.6418974549685637,-0.17418961627959867,0.8301570280860078,-0.3191607640973231,0.008458366063743781,0.12354547348681892,-0.13486624404228548,-0.06747160956685849,-0.30130062838757826
-0.40269176984259536,4.474263197317758,2.028911689548195,2.1720672196041777,-0.7512307515631512,0.3924963776123856,3.405344913633993e-05,0.1641514838395866,-0.4344348942698166,-0.03527427964203151,0.07204218132231296,0.28606518164865274,-0.27150066180927546,0.041563804989513446,-0.6164026913943524,0.028073908161305606,-0.25572023076102535,-0.9469828260244555,-0.16158136561000427,-0.4156717235096561,0.5370914641529329,0.16355896803944353,0.21438912180644332,0.3890546594793749,1.0896132128253835,-0.24943876287425837,-0.5536356561349199,-0.06116563768173974,0.48551743442124135,-0.7470015653285238,-0.03716038233498572,-0.48744099742073943,0.20140051781841803,-0.20608014826288443,-0.1661698601033598,-0.002866160847730442,0.47940168195335003,-0.06590714409571924,0.16594577885417205,0.012970093147062257,0.24170248514386805,0.22679854706330485,0.628782972531283,-0.04490513587682807,0.16062030564494503,0.5499849588233847,0.9947264007792505,-0.724247422741132,0.01860753589884413,-0.5687002034754676,0.203749235389435,-0.10174643476165925,0.3978470491066705,-0.378210130064211,-0.059089564731752676,-0.41725115197333745,0.07622831439200028,-0.5043441603813742,0.6938547248716036,-0.5289394902863809,-0.5329685163997929,-0.3100266182483695,-1.1479284047180847,0.8207960862264925,-0.03874780865383392,-0.8412348933048261,-0.10406958381002833,-1.0289825705078433,-0.241962275859013,-0.04786012409243895,-0.6475372480389703,-1.2504821922624902,0.29574524560818305,0.530347981247379,-0.6349279511179522,-0.25274828179290265,0.022928288619857577,-0.24167061496083392,0.06163004924982163,-0.8859739194421001,0.10955503666838975,0.4001538850700514,0.2776836381231458,-0.28854201447794164,-0.33836764521165835,1.0442434786537627,0.6459153210073553,0.861158053308293,0.431160944146759,0.005462172339706347,0.29250459897098124,-0.4037493987801082,-0.023581017017685467,-0.40436467406904053,0.2246674045958301,0.05895947857242474,0.2901784669548247,-0.4910245628353748,0.391501193691705,-0.5939339385565221
0.3536074635104248,0.23051194725630675,1.0760753342550957,-0.7640659893284443,-0.011814800025541972,0.2067266521450701,0.1402748232889988,-0.05062761351728678,0.5537185907553578,-0.40458934001707636,-0.8637569156647035,0.34669432054807,-0.27035045264322344,-0.2173515174741672,0.6093819330726671,0.1461342780016903,-0.2708117523100531,-0.34413366257782035,-0.06533265209239825,0.36989517452021475,0.1876535901137995,0.3544408715707326,0.6725805758063066,0.44026099828285964,-0.7355690461753426,-0.4411938513772841,-0.45180126508829943,-0.06249986923841624,0.41821787400813204,-0.6272178139693282,-0.08162421907446027,0.8060907671174332,-0.41544474825452443,-0.6104577726553343,-0.27642754124431673,0.45416210077637625,1.121110111691457,-0.9130650662536253,0.12085342790004094,0.9208536282913369,-0.30486803996858775,0.3968299837595748,-0.5444976484831613,0.09594616044940883,0.3564597608508894,-0.4730467834929442,-0.09541097764536412,-0.5815569312195861,-0.8343343094763266,0.060913947309059184,-0.2284533146258896,0.4234754111938945,0.04272506264349602,-0.49312796131322567,-0.12574650314162908,0.7515980260473676,0.16508190558373081,0.05307116529589107,0.18051985513065116,-0.243342135701969,0.43619474006177733,0.3221928805159066,-0.09142973227477949,0.6197961406358203,-0.36747148724123296,0.27851734467470246,0.08098025961738053,0.2394924024700415,0.17826393087911005,-0.3705329944895214,-0.017168556629185632,-0.07426564892844391,-0.11230300740477106,-0.03809499941248626,0.10530577289149336,0.07027448522038618,0.05278472417579721,0.11650336733044782,0.2572472139505381,0.16569903512679643,0.08078158768124616,-0.02852125432957762,0.15061914844267624,-0.06027207075658482,-0.3279712991399214,0.4171364205520956,-0.7688445130377433,1.328401725304027,-0.06185993086807085,-0.4048003172700928,0.18411161752475796,-0.4424618198036484,1.094119819364756,-0.3841618635726719,-0.1790836277140947,0.3366579512320816,0.5328943639598507,0.6312042831085467,0.16088243806411895,-0.1387452167029875
0.8322181004105729,0.0697935122245078,0.3828624635656148,0.9772516975058367,-3.1975872430618244,-0.46343061124328855,-0.14078679926955365,0.020154510188150444,-0.5537884032005452,0.6332801023587432,-0.6782758707021922,-0.06817789256526476,-0.8838390875506565,-0.024661921968288696,-0.13106807251456862,0.6166886040705782,0.0713711681231206,-0.5702832933706794,-0.3178231381970483,0.10198703216236608,0.43022434112553704,0.21817102292185223,-0.7166432503314125,0.6157443049440786,0.2941426950004594,-0.2507363414900058,0.22969988179259604,-0.9122735671378854,-0.44281321466611845,0.14072977993896368,0.3007010099943689,-0.7988142902582189,0.12904453890221715,0.34350522711647385,-0.4610329745513864,0.4009493466945058,-0.748624423292285,-0.12013258899772655,-0.35875605591498233,0.330656061150722,-0.4536428997159807,0.11986362244667767,-0.12455513804957781,0.27465543698395334,-0.37685671295318446,-0.11258508856526465,0.7378286971387731,-0.8574399733886603,-0.4689906619594781,-0.15562048394590225,0.7262041982403282,0.48767242375858366,-0.026101301761743557,-0.044054627876062694,0.21608830696461717,-0.510501154078634,0.3678799087914022,0.5312421122816608,-0.5823185935064422,-0.6024679724807113,0.33034207891471223,0.015977861662905893,0.8985106242069325,0.09327216924213641,0.4949718888287676,0.26650161783846443,0.48810535794244597,-0.47728421101489615,0.32413897373498773,-0.9089129238994211,-0.00196434726132258,-0.46758985116912893,0.25617316797502016,0.13868419954426509,-0.9530443472932604,-0.5940848692476486,-0.18469122321041598,-0.2227142375712067,-0.31390001812723023,0.8051699462023727,-0.7467237960064675,0.6187196679355214,-1.1823163706176218,-0.34997113258357115,0.26926085461677834,0.5396238404918308,-0.6300050231450104,-0.04856340126396998,-0.3027018255493949,0.2119230884788662,1.08460922999075,-0.0689225422432398,-0.08706913758348886,0.35126483648780454,0.041758814383236684,0.05171916192146698,-0.27812844761849115,0.13911150428282537,-0.5642788285007243,-0.30452233190665473
-0.24359747293456446,2.713900368980248,0.04318890937555314,1.2955708526300949,0.37179392154162694,0.025271375637482395,-0.7627346305941113,0.026429493641027643,-1.0829496514594243,-0.6701041391022386,0.36922501298857835,-0.19527074671578024,-0.19062690087488723,1.4869382266540243,-0.6397604557064863,-0.6194596790198699,0.23364068404744642,-0.509168871053209,-0.17186514197124247,0.08065013581666189,-0.13618009988930252,-0.029716376315895444,0.46069402588844094,-0.060279726007953165,-0.6980698060400333,-0.27289665904635585,0.14079306399151026,0.01751997326530411,-0.17679194346923272,0.9477638763888032,-0.8749919564234873,-0.09197363371289953,0.9123621878263846,0.08820678197294324,-0.11734251227736203,-0.39549250367748595,-0.3265405655729086,1.038766684633399,0.42920257733794775,-0.3959960027785687,-0.10267599120135112,0.04385498587274691,-0.11302024189157589,-0.40409436192933734,0.6259267469308712,-0.4978153687599718,-0.23085196118110385,0.4864773044274865,-0.2898307528162405,1.0772809191347064,-0.39053652680716733,0.03386897445832556,-0.12617724995268656,-0.34794118025527665,0.21726552124426915,0.22966450834056074,0.22692779940594204,0.7973596061489382,-0.44664987355646457,-0.05260614968111934,0.03972177862418167,0.3050166675991571,0.540942456295161,1.1387081194824258,-0.1400581460060701,0.33968143692104175,-1.2547584104581284,0.4797461600142619,0.7853149913383969,-0.08560153798079578,-0.05720333479639701,-0.3855798742850002,-0.8522831687999448,0.004476444936110695,-0.009803185639596436,0.723067913917072,0.09740929074594665,-0.08471565186725091,-0.13604716537672965,-0.7391395990600834,0.7197931034669534,-0.06651889956057376,0.6112022246528671,-0.5425831236536066,-0.012639918975971649,-0.47596679799467534,0.27303967889654646,0.311521059807612,1.0777629004055413,0.5797290905793873,-0.14433896228564977,0.2641442803710249,0.38652078331223527,0.19821439538652713,-0.3090385430563698,0.0173590662488278,0.6190018086733007,0.3053514791255186,0.2546075190230775,0.012004664051715217
-2.1400850536715397,-1.8573921448925181,1.0813696713183876,1.0784760309040327,-3.9948757925108196,-0.21967616488961408,-0.05623702133763182,0.481566891173325,0.27297500419162335,0.3184071961349731,-0.017054316714335115,-0.5599417789749206,-0.24526759680980179,0.021829051058559156,0.07075732444172096,0.10596897799925581,0.473870687660512,0.03467732652802581,0.4974560541154539,0.022587869821008705,0.16721581334792052,0.4625330104914344,-0.6114122031182442,-0.21661675704741018,0.03159784246802007,0.1527032196662539,0.2236076690917646,-0.1647077854211595,-0.24061138504420188,0.07101867244337076,0.29802926026437365,0.10779631948875452,-0.1552824652833451,0.6432519156038614,0.062125119019573925,0.13117760559910435,-0.5034683075333192,-0.9607498722781753,0.3867787020462666,-0.5127930636905759,0.036671212204732004,0.4024334751465168,-0.19631915155321833,0.19821701273186218,-0.2440959817151016,0.19209111513432922,0.3945404727453395,-0.02383696936652001,0.3753981291392037,0.25220519724951385,-0.10338443274259539,0.1304497153755471,-0.6312803498236036,0.18759226844108692,-0.13006906178347236,-0.3025357172043563,-0.7485380068201224,1.0482020247072112,0.034953913842784956,0.4334611430170717,-0.3746050552781871,0.31496667560442265,-0.4174552956289182,0.30475650009305577,1.7206927330809973,-0.5655100993280322,0.4891928135421199,0.15748808917641247,-0.7165859075718906,0.37665747377569847,0.4831960898873619,-0.16889572112102724,0.04095543154195907,0.005126943415287928,0.6803755956621368,-0.5713970743570304,-0.6885238054636835,-0.9200049039380088,-0.5250830011450095,0.15749447537630684,0.1256016337486113,-0.6630923668657189,1.3697972360872417,0.6624546040051006,-0.17388568661239348,0.37203083497579315,0.322996277525834,0.5546441717213247,-0.2312662447147231,-0.7220940395262503,-0.5930128070048373,0.45682210088351394,0.48076211039413286,1.3015326043824333,-0.504638770261689,0.487212880452087,0.850261979037947,0.16459829792310676,-0.2497263214227276,0.46286586462516843
2.4397711103661543,-3.047667020857015,1.4091838258199838,-1.5503367932891934,0.9090367454672275,0.09264321804156672,0.45612951802923096,-0.29710419960140294,0.30640227003873377,0.11616982780779438,0.6068515934303137,0.39327121654918884,0.10231823992973366,0.26354739182300674,-0.1248905201636376,1.1200255990893762,0.13469658669734091,0.22934128578443347,-0.3092945122629353,0.049439055034510564,0.15549559053692152,-0.046449346889808736,0.5489667220677572,0.24226376195282054,-0.5391798572140578,0.6374096761511922,1.0882222248241686,-0.0033936372344180983,-0.13271879274352436,-1.2342649950851674,-0.2623457029350956,0.4046570303502331,-0.5214351243814112,-0.06001441444589699,-0.2708020359269407,-0.26120688063862973,0.2312796571212369,0.8265529660509071,0.7703567637920999,-0.7355263110829285,-0.3041500451569878,0.7121608033864729,0.20299209321231942,-0.014158374840366717,0.0927521294462991,0.5419601144075428,0.5213831135951243,-0.19492460029022285,0.26989817801608956,0.2171036337077775,0.2534983543441751,-0.4362783768837341,0.3895656813537803,0.9490235244508012,-0.11230600087709586,-0.34776339845303483,-0.5597346408914208,-0.6994428590046106,-0.8212343441082585,0.26346445769478116,0.06934242137502965,-0.1736268298756265,-0.28135685017574746,0.4761569653814894,-0.6675714743238704,-0.5017908130388418,-0.4386786104665628,0.34594212540841923,0.30149058754472874,-0.050388424046346476,0.3453042094558262,-0.06996728794322106,0.19346036769746544,0.27553471367603877,-0.46045097163086635,0.08832634599335118,0.14821859518964836,-0.12556853766756845,0.05795742152442574,-0.16103228437659797,-0.44986758364969154,0.2716652366651954,0.16726576076432187,0.23037938370030067,-0.7134045792856569,1.0652006535232441,-0.09422758942194563,-0.52114105475116,0.033601444268777654,-0.2873347005941044,0.653229469634848,-0.4533498420312957,0.13036431955846164,-0.36436757728618957,0.3382031767890656,0.35617148773331453,0.5579144799673248,0.11715887465745613,0.280598168825036,0.17284923112519654
0.09489202217683158,-2.0633340003229512,1.828926487703512,0.8982376127931442,-1.1449474191729228,-0.715804753398874,-0.13527246937498794,-0.8341746819355512,-0.46356871017765616,-0.34513025373694,0.045122216733865905,-0.13560839119942353,-0.12837729698814163,-1.342327740419506,-0.8330761703209348,-0.5442062785075711,-0.5667380221621509,0.2560641236812662,-0.06850249256427418,0.8187852978956219,0.47698426990181864,0.35654943229135855,-0.029971169296512827,-0.3053972864007034,0.25691795112268084,-0.22414125779223432,0.2697972387388603,-0.07099972306256111,-0.1661302289838931,-0.52731120257906,-0.28452235550000604,-0.1395020885757339,0.11415292312991772,-0.1070662230719368,-0.6472245453021229,-0.2306197641492296,0.12733717713007972,0.5962456468477175,-0.31403705388714404,-0.5944377566021775,0.3768015327392442,-0.6551799918403768,-0.05536304457099737,-0.24145220114145285,0.2331817385930267,0.6074031971001367,-0.2824998111600389,-0.7951142102248799,-0.04571015988988493,-0.5308117944602169,-0.5452863496208828,0.5132544117867954,0.18792366757731763,0.06489593849062604,0.43856461712294836,-0.72382986329232,-0.12905083858724684,-0.5111051210452394,-0.06379281330468808,0.540003744083339,0.09145232127597143,-0.48896884865618717,-0.5851508228193916,-0.7093970562700227,0.3532972370131118,-0.7023829075894191,0.41690944780532496,-0.5407864032349974,0.25385747607051845,-0.24951729840654582,0.6380806918263634,0.18847006931659827,0.0558682982123517,0.15156972942239214,0.3161949444055496,0.9989200599063917,0.24020356770271403,0.3627528568804233,-0.1397429543404393,0.0756152344544014,0.5448468662846057,0.11380922522164369,-0.3691954102936721,-0.6856294627002474,-0.02753035191110691,0.756009564779539,-0.12204751382109381,0.11557158607655922,-0.09238504420439723,-1.227186194918476,0.17482029131845922,-0.14839623281087946,0.6991153574094683,-0.7473976444534477,0.4665104833219491,0.08377016440368741,0.38202593344233904,0.7222458841135085,-0.512422841594048,-0.6460307397738251
1.1399902452695092,-1.0796880837094494,1.3941083253584354,0.46886702898146776,4.035313469089836,-0.26737492902517673,-0.3833209389974005,0.06800507374268659,0.6226767065206811,0.16556734041156662,-0.10693449801691117,-0.8008856805483459,0.812215319504902,0.4777695791602674,-0.18248262637718593,-0.09537297659912601,0.3655917026356021,-0.043096052740439844,-0.11185768006836921,-0.057789901572973784,0.6658399939590289,0.04640861027528742,0.18003507515715358,0.10686461622073731,0.1655663855972241,0.016134838161244926,-0.09889767758732948,0.251955122744728,0.020617780553514178,0.1362228602050192,0.27223454829334354,0.03786449795828146,0.059543310282378366,-0.8432448524186916,-0.231846749521472,-0.36397850563263423,0.9513167662523221,0.33734875176347706,-0.1916765019206502,-0.36331288112549087,0.0674662132286447,-0.22455884540495238,0.1390615856622376,0.17917658958290963,-0.10995000561066418,0.3879632600168503,0.04927393785512586,0.07119708648375372,-0.04376140346739094,0.5832625905303779,0.4054117630333441,-0.5279560212411458,-0.6185480065092747,0.06510867033740182,-0.5791758528734378,0.17014490363013754,-0.00851124543846838,-0.0784532009917171,0.5474119887515935,0.7167521642469676,0.09430468401175175,0.03635279346819039,0.1274221987417512,0.5578382611548712,-0.07518647748211393,0.0936352669550793,0.1727879954768047,-0.03685952766310831,-0.1362743795237733,0.14909141754820357,-0.1226441021359112,0.0346566033433514,0.31435511112128334,-0.7738593526618449,0.6286459379527561,-0.3094689596454322,0.6641717677634638,0.348432793856761,-0.19397260838185296,0.2728658099339351,-0.040216962075838275,0.44059835450687695,-0.8478835305122068,-0.45267235479363904,0.5474160320805294,0.10975525073761272,-0.008402860655604234,-0.32160079129199565,0.17750644416682917,-0.0768928310541767,0.6577786435285192,0.27534301809211337,-0.30328852377836274,-0.15933766801836619,-0.45917946570273177,0.08543711152345332,-0.22363158624222645,-0.33695085366083305,0.23399643453765176,-1.05996231598459
0.6654637707987239,-2.8532980790799507,4.553052065086711,3.337186081999219,0.14054892828085452,0.16473566272212603,0.062224067761888005,-0.2869235005953149,-0.29634908978412616,-0.39625483135424,0.3701714220645415,-0.875805392970112,-0.8704933988804231,0.5325038619699867,-0.6457545145690347,1.0457571762404396,-0.2879372850589828,-0.48303246966835894,0.23343167051183966,0.535880546737056,0.5775017968725572,0.08142467495202727,0.5498475285545324,0.36759116239169437,0.14835341509507113,0.6675731763622507,0.5784320939056397,0.08898181781142753,0.059761971321254506,0.03544786016212648,0.6513618692228077,0.7153268953638224,-0.24936077952303262,-0.19988014061719805,-0.22974374077388643,0.5795089096133674,0.09303442155589298,0.32230454589455765,0.006566482138815671,0.35716678788993533,-0.12441489216938612,0.16664145358095817,0.7350247959280611,0.4645817410320931,0.36865486232101113,0.13767292506949763,-0.04185965643410159,0.286331000639804,0.6277633072156125,0.3223931421461023,-0.17285399283575864,0.06847004323971453,-0.32197661889501655,0.5247580169762652,-0.11718227575650511,0.60751698235505,-0.30890402539033907,0.5430620094220799,-0.1602325279082521,0.17188090196770242,-0.1470641901771655,-0.3133928121494075,-0.3903922787302937,0.27062646679410524,0.32138476906399077,0.17067970896965712,1.0608128326920685,0.2059847356930811,0.814081266377953,0.00046598739295691956,-0.5636520699198214,-0.07893553002976829,0.8543122225859611,0.03568743616324987,-0.08011546364652813,-0.4311969981136586,0.42473649441430616,-0.3376481579368034,0.313813211092826,-0.20134871609389893,0.9381873333823009,-0.783911282651885,0.06479934234294384,0.6376773410429755,0.3751612197836888,0.22929626023803967,0.24174887885131383,-0.5805491687555684,0.2179112429031207,0.2596957846943757,0.023230388563822292,0.0064343623877455465,-1.4463537897224237,-0.6952639094100098,-0.36320808435737106,-0.06528013874001322,0.20906262326095942,0.9140107041685738,-0.7671039040360301,-0.16724319201177093
0.02299670332987458,-0.9292639971343775,-1.1079409309480146,-0.7635542251427262,-0.14370416222303087,1.0021401490238768,-0.2906009448630127,0.110136907774839,-0.041038662386865404,0.40312818363167097,-0.49989110051538727,-0.337453262686697,0.18260522999653847,0.1480423122515674,-0.4959794863431079,0.631236235517117,-0.43853738705141715,0.212374176384273,-0.22801660681189606,-0.662577861111693,0.09246705570338501,0.026838508726849543,0.1218056984413557,-0.3920193400756639,-0.9461800458656356,0.20765274219683202,-0.44636235104295235,0.31774666997919293,0.06936338510590732,0.6305922927531636,-0.6284168954882715,-0.13071820604959178,-0.11430488361832486,-0.14382846496636728,-0.191122282695491,0.017642382264136513,0.0985771031924526,-0.065410556125201,-0.5752395610545799,-0.1455085990767707,-0.3376691504346965,0.3065895620188871,-0.24505313410744645,0.810981449798617,0.287440934923091,0.35626716368294725,0.04752557310154478,-0.21096559450346636,-0.028684174477523777,-0.1136036066675894,0.21355034103984777,0.7211633540829593,0.17760683415522469,-0.7877769414571603,0.6991466800292659,-0.06727104045751019,-0.49504317332086256,0.5597993218658521,-0.8871282243018677,-0.2409523411554011,0.46518110774643906,-0.8675697510304128,-0.7231564029543103,-0.22922125210638292,0.8513694494929023,-0.7626554519563381,-0.8956640276731679,0.31360714162968967,0.9650163126125921,0.5252053468412464,0.27717389909517465,-0.336497908990819,0.4926281210057792,0.3908087584994944,-0.30707480410626203,-0.44995545953174254,-0.2647550671208541,-0.6579028567262908,-0.033392965577158616,0.5811198376264098,0.09765725958397262,-0.26187743523278306,0.01845228917949584,0.11655669777556887,0.02785555726734258,-0.29967210603388894,-0.4161504266991592,-0.6208596828422155,0.5976430752006687,-0.2930177821290101,0.12846714026722603,-0.8054426779674174,-0.20266373275586902,-0.47619003701995044,-0.8246865470303576,-0.8745278972040788,0.003030007592554757,0.6898305221624241,0.5733723989873433,-0.49759675065540876
-2.619628052741449,0.6222698739173986,-2.005931254359986,2.215699089508634,2.7571607513961007,0.22668694982120732,-0.006678792610869861,0.9005128904981092,0.3028972829778363,-0.32063782743175173,-0.06169034079780961,-0.37540806717030106,-0.31573534459809816,-0.08342979668718593,-0.5074708295850926,-0.2504979235727173,-0.021293926910494122,-0.6268275314227153,-0.0925034033877542,0.35666709622506787,0.06132902840535731,-0.5207572003289115,-0.5407888701361588,0.23940325855393788,0.16260052553891408,1.0996018119537567,-0.18092193555179362,-0.35543173502669384,-0.8363692638836415,0.008411165234877352,0.8734019233726119,-0.14274232697162753,0.3023042434927181,-0.11855617674654982,0.19693248646378128,0.21550189720020083,-0.1203640015703423,0.5195397356612443,0.13629573493121833,-0.3065871317295766,0.548084645930338,-0.06452357892780812,-0.3940745601547779,-0.48248438552509754,-0.19034994833303093,0.2967376139989873,0.5962277121546238,-0.13772387496673316,0.16470570785268587,0.4623454048088022,0.10761328132875905,0.1171185711716151,0.10812194301807027,0.010758083824608364,-0.5522264650365059,-0.49261590105655806,0.06448684714039361,0.5386713625001933,0.33848018125074103,-0.619226282322815,0.4840629413287717,-0.06043235491685672,0.3612954835153634,0.36631215138773543,0.30845639528042135,0.35639976519223104,0.24577544448657085,-0.3762697888235266,-0.09046663639002664,-0.2869525599656511,-0.39972130300829983,-0.44500003507930097,-0.019764387802061904,-0.6242124731691295,-0.09576433761635728,0.1497882255701328,0.39563639641436504,0.1338250172451173,0.3022976125672064,0.6087388762703078,0.9661913094683022,-0.22925931951070497,-0.2460159739050252,0.12486866770725531,0.9018960836604326,-0.27846061482560647,0.41448482208672754,0.14262592610576777,0.16640384198386854,-1.0603082995169941,-0.7676909225138705,-0.018131432114475373,-0.6414186058593669,0.21858946524989356,-0.2499285446584035,-0.01185569770785937,-0.1716660478565305,0.04179812449092275,0.30388589352769374,-0.5153523621881192
0.947707159840776,-2.15291843623073,3.7142255732855065,-4.211897129092041,1.6255392597142881,0.3917351654389979,0.10395306326731574,-0.5249548547101408,-0.08514829804756346,-0.06131512729877115,-0.1615940602928679,-0.2081439422721397,0.4438335800671458,-0.9178007424798635,-0.45401205299539676,0.2736246499580803,0.3266269584619359,0.38076530623738886,-0.4716253045205749,-0.14349543650474236,0.19805419077398864,-0.3336187474853561,-0.2332884493998425,0.10493076395709283,-0.8641135444487593,0.07108003445982891,-0.22170730079240283,0.48667915657522415,-0.16594492123429258,0.42231807056618326,0.3224071562477311,0.04747021267606253,0.19795789924640153,-0.078804102846125,-0.18574577505517573,-0.2217453242029783,0.10148808243184881,-0.4247643733609318,0.7628778468513656,-0.05514039608511211,-0.5946867221275004,0.07876130636986745,0.6062779327495332,0.6093259347570481,0.380207160601459,0.19351490908168908,-0.09485012401543849,-0.2914443473094289,0.15595056872884958,-0.11263878360145486,0.37404617102253757,0.0943193655972847,0.2228747327565977,-0.5573335092354256,-0.18018067808510918,0.8065349314880081,0.2851652309494105,0.03326606630065848,0.45859880207148696,-0.9648279153837109,-0.5586247505739074,-0.044251566462917134,-0.11039896553364299,-1.1622348658506982,0.24389010569520445,0.9882314008841255,-0.3678773893559156,-0.3704201515629492,0.5770020346485137,-0.15078272015678304,-0.3612784488767317,-0.09311266930119015,0.2830767806393589,0.11150812135935867,0.032537769849891256,0.3296047367523271,-0.3628685701354664,-0.4687150114472344,-0.1737067196654362,-0.029912416547571336,-0.5686590654545247,-0.027309721070804184,-0.05168739955001892,0.1418197867688022,-0.6506636260572151,-0.5538841392642446,0.2898407880631216,0.3048348717649293,0.9202812001740283,0.1714325725537678,-0.2116499235088503,0.5036684434385627,0.2731797888515045,-0.05056471795298761,-0.7919705276827218,0.8484973739986168,0.516306185938226,-0.6601955604455733,-0.21339826908958212,-0.540114922462935
-4.164020600701716,0.34100109639512555,-2.1106510481698457,-0.4032152016017422,-1.958006753160686,-0.3651619762207807,0.3034579619926425,-0.460762665500631,0.721180917749598,-0.19928787092193595,0.1422558874109928,-0.4651611130705226,0.47004066509479453,0.6285835808376106,-0.3718389556081167,0.10765141238751613,0.5231088116919914,0.10249163395096533,0.86352572640983,0.4398683377677636,0.1206076222896534,0.026152266612142667,-0.139279331610426,0.3097103401306521,0.6644128881327231,-0.272401115729981,0.3063052195099828,-0.32273035174725107,0.941513321716556,0.47868065175583857,-0.1530414128045299,0.46018838439641246,0.17741113322820895,-0.2867531580754676,0.4062864881174239,0.2581435711960984,0.08761003284771021,0.041832986753627954,0.0024136666341181656,-0.23477433223234911,-0.4497938877217909,0.3752084861053102,0.4612947000597699,-0.12254088916043222,-0.08963811618923223,-0.12136173974795574,-0.035161003521696155,-0.4506420742085593,0.3728979312338986,0.15786659150539292,0.5668686337889234,-0.5402745888708336,0.6047307988208256,-0.6283947112818637,0.8027059746060278,0.1144769930217797,-0.8262837063218221,-0.0723722806803786,-0.3308776269182463,-0.025524454690642528,-0.26374268580872845,0.008350267357385805,-0.09516293002242968,0.49351260086859816,-0.8837961225224586,-0.9375563912085505,-0.5455533270893841,-0.022343724674025865,-0.01125293844557264,-0.3803207472745933,-0.16507936054533517,0.27898994770964003,-0.17564987874286844,-0.08524056051353464,1.1492862314320897,0.22135559762100165,-0.008285882045064434,0.08856261229074343,0.9083869537368243,-0.24678633617085974,0.5709372165757537,-0.6519396450252591,-0.515840389490943,-0.352075243504981,-0.37053304166517675,-0.828929189298739,0.5471365715225973,0.38262809283533344,-0.19520657299533176,-0.14859592568257957,0.23932580880582077,0.01373036215969746,-0.41741914162963156,0.5720375022918633,0.4138565883705407,-0.018651207271326208,-0.1157982693243003,0.09968160841749002,-0.15912402650092514,-0.49983056196677506
2.1920746585716273,-2.6358118977293694,1.3574412150795259,2.5077467823210102,2.9684288644943697,0.9879005851383545,-0.856091568425769,0.489136020990743,-0.29914529680809426,1.4370527692502575,0.4043701860429499,-0.6069221612169513,-0.16495779715405187,0.18593960874063872,-0.1838387092032778,0.3950159261283884,0.2646785340494004,0.11108390201230336,-0.02087854035434648,-0.05435084608253407,0.2817541046022416,-0.3505995760945174,0.3361006262214961,0.13748430937800105,-0.2119271514886337,-0.2718536493198431,0.08258593885022518,-0.19700291576194512,0.09213383526450682,-0.2224652588727732,-0.014321130353142633,0.3652519292217421,-0.6364126510037273,-0.549383875456712,-0.026280333386790745,0.30324984266154975,0.12669427366193453,0.3491093782787452,0.3701372355642524,-0.6318237839045049,-0.3200553001650339,-0.18683484044894472,0.8266799823536649,0.14965131768875284,0.265030763828943,0.08804404408528523,-0.2688903846705639,-0.24286189345132253,-0.09385529473624342,0.3427048594924987,0.8933986801402436,0.6452021791791537,0.12761009210030483,0.48212868708108,-0.6731106459046162,-0.032673358470640915,0.20595480078273734,0.30121852730518917,-0.7040043471370385,-0.03208630236812181,-0.47944339780694306,-1.2061547523495648,-0.10354070138446046,0.2958817932350337,-1.0725557539483415,9.260491278115028e-05,0.01807334679452698,0.3333470076428036,0.5814930929432633,-0.40322796989885423,-0.347753743779129,0.18084880698779557,-0.30744383235260786,0.2581358416057048,-0.5345979654163939,-0.4218231345951988,0.018935339866814678,0.6022849142409257,-0.39124843275546317,-0.40603622203916023,-0.5684642535273291,-0.3949762251601476,-0.27830413281524913,0.0749027598302047,0.5743414045588414,-0.4054954139606617,-0.7983142178127922,-0.3088002924477934,0.5470700139353413,0.18734013294286336,-0.2228749073475362,-0.4359072061495931,0.09131319614023123,0.34975377470253877,-0.3073697829110557,0.4683633367840785,-0.6032208913598104,-0.223207175673829,0.27801019694599,-0.27036247912540706
1.5678385680132587,-1.4179364311805858,-1.705064384378906,0.5076981280378237,-2.4807094853761305,1.2104118391956018,-0.6596084274955042,0.2194315905411041,-0.18882545591120467,0.10739890786439948,0.2825661217079282,0.3478001462797191,-0.1852080144965972,-0.031310163352457177,-0.6939488334599295,0.12568331148050824,0.2648359215573198,-0.07146576340860814,-0.8755614871148188,0.21868697163915354,-0.10798476392494631,0.2076206614460863,-0.11052278337528616,-1.3400964982684578,-0.665437708190455,-0.12397688585952908,-0.5276104354499163,0.1797720212890662,0.30476593431171306,0.346140042646436,-0.029539667300942853,0.30534270688496884,-0.09505361997559128,-0.252453645858314,-0.1294452547658179,0.12282716710018224,0.05350569192788048,0.06670001102554621,0.12211011452925394,0.29505771762568556,-0.25332714467366396,-0.485677971218623,-0.3519181016977515,0.40247580741767497,-0.1920978821574447,-0.2330156108109754,-0.4617315129793054,0.11088390423508858,0.02355344102865667,-0.005518395619824488,0.11384594528893058,-0.18543699573082284,0.14401308341198565,0.11178766883231796,-0.058385750663275574,0.2489769721843917,0.2658432037335692,-0.2658775253803517,0.9939919344979478,0.3339258960328441,1.037778934630519,0.5754411266439675,-0.6304845004761602,0.8542124710762503,-0.9270217365660888,-0.6212894844279341,0.39307190973959916,-0.11468527077082592,-0.31382769124394755,0.26742522905668487,-0.8945752979566434,0.07917385014748705,-0.3683675571691254,-0.04109369504766533,-0.405733116639109,-0.13636682945069434,0.023463777382918435,-0.2545548045146665,-0.39490283189781794,0.5280333672903519,-0.27911272757688416,-0.23663293056738535,-0.481677518551629,-0.4416779641574805,0.27199060869795927,0.18220889649025615,0.041883668134740246,0.3788354802600917,-0.006355235276157934,-0.04122820174977474,-0.3267804417044704,0.624339333845265,-0.38855682813182374,0.11638825785396023,0.03567634485138006,0.3517355734486741,0.48216502112924653,-0.01682174362495538,0.45817910063212675,0.38090195713483427
-0.008689087767815629,0.9330763919852375,-2.6260316901878955,-0.5711144371726202,-0.1597560841448123,-0.770540500342412,0.777847433427296,0.37198518970615996,0.1619497605140647,0.08461071739964507,-0.10136959516172266,0.5262923702034846,0.24819608343189176,-0.18852819248701602,0.03175049475650847,0.5239513466005347,0.5916352535625374,-0.35491616105921114,-0.4333945654626047,-0.58666600552514,-0.2224097126865243,0.41286347532962664,-0.45103005265015556,-0.24626505130637652,-0.21394778780133292,0.2300941655624941,-0.47207556189854893,0.37417824474009564,-0.15571959221241716,-0.6881921939967212,0.5318210115187134,-0.3105433466286362,-0.2892830326527271,0.6929221588370023,-0.5417651797868369,0.31351252040675537,-0.44826029619987423,-0.02532594848268252,0.4948159815204204,0.2953026332057393,0.10546623354133128,0.17109623709625513,-0.4673970296981637,-0.09863041446023592,-0.06434535569680182,0.13701366948530946,-0.007943931598577262,0.7088315283172715,0.019676650333892022,0.09600963398840268,-0.7184037952624842,-0.3376370940552789,0.24765943685619002,0.20934196847189007,-0.7928440254275121,0.5306019021341268,0.3776748638414061,0.03594991107669225,-0.02809771818342024,0.4608947209442811,-0.07259384979691992,0.29804999595859555,0.23298117645200359,-0.4657039938302817,-0.4753358346860409,0.5854224373082154,-0.3639642064771854,0.6493459233996571,-0.3843462628829073,0.4038594421643262,-0.04176472393429154,0.2592678744615247,0.40948820790196966,-0.4473391820147252,0.09097227859619196,0.12529274381699382,-0.257954546046998,-0.4444638769727632,0.24274528406703538,-0.46811107636913274,-0.4096971410588371,-0.3887373454098743,-0.10965811725695501,-0.4505256564932309,-0.2746378389161312,0.027663830996820297,-0.4268592231978454,-0.10749977181377315,0.14375801744555097,0.4324197058374125,0.6069751489283768,0.5080246583703878,-0.5786811302531442,-0.33823143257597243,0.3334305752970349,0.1380397927017276,0.06905873332771194,-0.030238248451949366,0.7681847309811413,-0.32317186722496544
0.8743711173818549,2.4276686882178233,2.5003410049713275,-1.7540114297160914,0.9662546649512364,0.16912646669405626,0.6307441963007211,0.39797160157956113,0.4764080384055054,0.6859523693359554,0.024245427342347064,-0.4298815610946045,-0.20275047648395186,-0.6134525813166091,1.16001860118152,-0.013709403127966195,-0.24851407474331938,-0.35334666013141114,-0.02010554835414661,-0.01032437737395353,-0.3244190548032302,0.17114643423360817,-0.08126334134413317,-0.03726796585001588,0.12032441601649818,0.20885654062487793,-0.8226578257531425,-0.0327932239846059,-0.023767370972302655,-0.4467487008803076,0.031549926925436074,0.3334286629187394,-0.3181692946024084,0.4523138397215651,0.24383203064948897,-0.39941197560209085,0.07849192094562765,-0.8936218409328038,-0.7874243600586016,-0.6322154978380772,-0.28190307070415155,-0.3983144328764919,0.25604686360243345,0.0030565765319877673,-0.2607997505926898,0.5854124886952503,0.25933361775885755,0.5593676430200406,0.09686533051575434,-0.06546395080556332,0.22683640740711644,0.23928339909998855,0.1823458866916772,-0.1506501093283238,-0.30983876788831405,-0.1457411537991398,0.38442833660366277,0.037366961774499614,0.6855801467887654,0.15154355916714884,0.5094070275591746,0.14572313859985556,-0.5343302665244705,0.7588862211899761,0.9129156265285986,0.25845690873264415,-0.23694990013696535,0.401189436155143,0.3159046117969663,0.4432427527787102,0.3806336016029822,0.34682379063875796,-0.10194032979972163,-0.09508281118882807,-0.06187519811556208,-0.3442456260274431,-0.21488466331087927,0.11100342410120659,0.22112901537961668,-1.1128840867723946,0.5669355864466747,-0.3993252766206421,0.2921633355707057,-0.2880560486426007,-0.06677311152561147,-0.04210812599171733,-0.05007311950863494,0.3723614667112275,0.6477733952049133,-0.04218382552466122,0.10138645562600795,-0.08702004498997992,-0.689551191913176,-0.22454035615307133,0.24598598098412552,0.5152376080238279,-0.23333861141673817,-0.6030766598722063,-0.03396090744712362,0.5379466647785419
-5.06568817925604,1.3940339127146177,-1.2546206383358454,1.88667615581706,0.5699860962678344,0.47651698934504855,0.32703243684824546,0.2033805257829254,0.16500019970034532,-0.13890691836822674,0.5404357412441618,-0.21016849978628319,0.19921091488582743,-0.6587529457234802,-0.6104078571388717,0.6858376363798525,0.16857777924746697,0.7774779014371713,0.5384610058802866,-0.3988019510277577,-0.7039299697886382,0.28019519269809445,0.3688256342353797,0.6589976480345607,-0.2882260323790473,0.13085427685706086,0.48345823376679226,0.4621022520802536,-0.7540290228669321,0.2650759952499883,-1.4358580959340435,-0.48323019061854006,-0.25696112242337704,-1.2381482833992683,-0.5213909109393126,-0.3607746211167098,0.35287918652208766,0.2757023077704076,0.03448783557059941,0.041556492784372526,0.22643572676378415,0.2585056354282449,-0.7717821372169638,0.15774647497231095,0.5806592670968239,0.42320631762768657,0.2632684668260834,-0.5631793644129142,0.25807086297271237,-0.5554449133822993,0.33419159628799605,-0.11097830243839366,-0.6187315874766599,0.16865730754047023,-0.8786794043431128,-0.8385332880086535,-0.08378661187638778,-0.10101625945038244,0.30158550371943105,-0.5718601117793852,0.450453346795425,0.20221496671953879,0.4249664956819025,-0.26995002547870683,-0.3588308685999919,-0.48425612862479367,-0.5781050740843203,0.10145526742389098,0.24760013781663714,-0.2894950087859096,0.3780873197869962,-0.1866817172470837,-0.5273824103666855,0.3325464667690643,0.25664699257301826,-0.9038898485315364,0.5161451570311942,-0.6686525868849965,-0.43680931371496695,-0.4047995981352664,-0.30355348454193687,-0.6683607360369487,0.598950564386246,0.08555886901261706,-0.5835149483491906,0.16494717126314803,-0.5261902495530721,-0.36260401069064246,0.3881735005724197,0.29728363957928977,0.2686860018078418,-0.6385094210036935,0.05332753231992698,0.5206087993914754,0.7888478406493035,0.4318999697291182,-0.6153323573464823,-0.12600391897651833,0.03905175153925799,-0.27104416040074325
0.7255897081085583,-4.7186478708074295,2.1070193446277177,-1.8547274645574479,0.8891698210299479,-0.7343794752180094,-0.1364335006254693,0.07663084488037825,-0.554356915386515,-0.05216840138964666,1.2442070062988824,0.1925988662342809,0.29605918170714923,0.18090792449052986,-0.3080184778583433,-0.493108685569974,0.24589458950512552,0.1717711666057357,-0.6743510613242982,-0.845594283411835,0.409386782813931,0.026299586991728643,0.5776302790500266,-0.10932149193759437,-0.34042885158888136,-0.8956724816251161,-0.17087835793812134,-0.35548935378026086,0.03861757317638096,0.25723124670565034,-0.02436327474323611,0.9388987299775566,0.12945832764377826,-0.8503891175581676,-1.0876952234631652,0.24603500325691288,0.09475171378388249,0.28671575507348684,-0.6624506185424297,0.6398758891384221,-0.6236048116354943,-0.1659780858320512,0.14629429815154474,-0.47208936350396824,0.9267553441515467,0.14806636734035344,-0.08857090809897676,0.000382885414379971,-0.1631976703179181,-0.5167289112326536,-0.2988932938839268,0.651035318785884,-0.09561043535980407,-0.30554387023815077,1.14471956733322,-0.62214244848478,0.35341186165202365,-0.5234678452121423,0.14978738156931812,-0.5565314997376424,0.1712597134257561,-0.577240771030123,0.04757929398515369,0.7694085181728927,0.23460987468517086,0.09363256996014292,0.43370310822105196,1.136500954278899,0.26394923956931327,0.24122168577581776,-0.22514945337220607,0.6411606462353092,0.06489480365099147,-0.16042834524901803,-0.08552778957157013,0.21332392872962086,-0.48476967090518547,0.2973050140477832,0.15922502472463423,-0.7645937230832455,0.6326474571871279,-0.5264493315198827,0.14538849930003533,0.4419425891292935,0.6349432041463006,0.46208713745421887,-0.5543249460564695,0.049309396047515934,-0.2952171165371174,-0.4307249486164336,0.5274277090383596,-0.6169137448102312,0.42140947860076,-0.29027724036220687,0.3508891666581913,-0.38681503994261035,0.8700003638048758,-2.3266805531536308e-06,-0.4003783843105034,0.8409311826168401
-0.06183967432972798,5.123375833352547,-1.5964802762739776,-2.558054783232545,2.7212180619336186,0.3385137558959453,0.3628534381418179,-0.3496348986530464,-0.12737610414652076,0.25290117503281817,0.36529554913829126,0.20327198686182443,-0.31137229600752986,-0.3664752832182503,-0.23365210833011174,0.5102709489579877,-0.3452503894425739,-0.3645947035332981,-0.3775096556210058,0.3413609368047579,-0.008690661607294821,0.6956532067098389,-0.22124508566304119,0.21033696479537042,-0.08207266012353674,0.3446183712969437,0.33309758495899605,0.5549619145474466,0.3093497712029299,0.5992113228419226,0.14424001439058529,-1.2434773073111869,0.023938962873496422,0.5032129110595759,0.7067666673017399,-0.5648280791831956,-0.8164875453965361,-1.2312268273723097,0.3838133451740004,-0.10942401405334594,0.16057103861250768,0.17201074729147373,-1.0380776906284328,-0.17313529402141623,-0.333853537548956,-1.0255266403377776,-0.10597612920609223,-0.28603174094006506,0.2907412262465166,-0.26143777030510396,-0.12388251910495886,-0.1113914849555536,0.2973966953716797,-1.3703101400772923,0.7704111319962923,0.30824115450570494,-0.3206577799379792,0.4422845263434875,0.695473088024069,-0.29673937510916815,0.11179848372222281,0.3546931470398784,-0.4248869235569562,0.0839230019773971,-0.2983736125548141,0.13703829785216737,0.4334503849281626,0.11369847158078043,-0.08102653595994944,-0.6570137813393884,-0.464238489028832,0.018473681685906185,-0.004218761425060873,0.17571353196879008,-0.4230286011604751,0.061703144244329135,0.486542800994797,0.11583882272831704,-0.03168557757275004,-0.45350528308113575,0.3458851708602042,-0.31293890459889706,0.5452222223695546,0.9117769200030468,0.4839471846620798,-0.010199769388526615,0.8398731782852675,0.006741574681475355,0.3380970335669953,0.005457716277798055,-0.3762575084381558,-0.4332690808638696,-0.01950808571797848,0.29663647913508145,0.739513796544458,-0.4476130036586463,0.15059787406297687,-0.10160621900192493,-0.16841614693905568,0.1501197244284545
-1.3265336070736962,-3.766141888776143,1.1033626789590767,2.4306828915121264,-1.8309400429014406,-0.05683399547723868,0.9753524189332602,0.1916176772149929,0.7283635115055775,0.254068613497245,9.92907066322514e-05,0.4812852178836946,-0.1962093744878568,-0.015092710188429904,-0.3932551351193592,-0.05058105183670079,-0.2032565096782144,-0.2317334819635182,-0.06350014317859416,-0.07517245434668846,-0.5343607393176394,0.17786770653909711,0.35742256501301606,1.227525139247076,-0.3146488350551355,0.10509738238538209,0.07573500493648272,-0.6153265649065467,0.8287179214743516,0.09662460078876095,0.9263038994205846,-0.2632585618907124,0.5335509859937506,0.6670586791408196,-0.07397633275354418,0.22850461399078473,-0.39867431929314867,0.24428000899539015,0.9043627786672022,-0.740861069397547,-0.5505626416234599,0.39157484452758035,0.39165560848548236,0.23140100262798885,-0.13242409637026767,-0.15542045341558997,0.09210053615481578,-0.238025671370267,0.21480905577827306,-0.27605188878450965,-0.1905976383978959,-0.08985226299062987,0.10202466385303655,0.9447474731461782,0.36573644374019076,-0.15729040965438332,-0.2570265545110939,-0.6080617522430206,0.035476411805573115,0.05107951773975219,-0.16999809656067175,-0.6503703749046509,-0.5543474129060233,-0.9376832703691005,0.3657442039690868,0.27713118853774155,-0.2921248709953787,0.11622551037396375,-0.7687017925024261,-0.0996476085595435,-0.19469469212334217,0.01415693544159236,0.8530900637133034,0.2730238178644699,-0.23958120932326793,0.11254149613831406,-0.30967553728225,-0.48270987607722726,-0.6825701108555153,0.1186236506488074,-0.13740032916398853,0.19762881263226645,0.21166930120883692,0.2305841450409317,0.31282644438467094,0.01044203562914549,0.13635935140372474,0.6360568436775658,-0.17078037687820943,-0.32222276320396204,0.21276338455931204,0.14160355466643323,-0.10562028703492439,-0.35942945996943876,-0.43232908445417895,-0.4312586176497382,-0.07997770588417429,0.04914394323222791,-0.0656787235263824,-0.0003837715834247458
-0.9489700509272422,2.441308700750983,0.3337696850864882,0.6287168959091107,0.06615591526704206,-0.48177529460512586,0.41309493802788516,-1.054042635985196,-1.4521815444128456,-0.19616170968500146,-0.23699310840313578,-0.26891843561786577,0.4969198458283257,-0.17339047763159351,-0.044315614573150953,-0.13433397480164,-0.07855712146467149,-0.639904586474443,-0.0822118915448626,0.8574930497031961,-0.11988773127150582,-0.36802537168014376,-0.3349256161484175,-0.8575509410580977,0.08549816713798515,0.14973602287121968,0.017786459718949155,-0.19184168752004246,-0.00021352638611681882,0.8021638131867562,-0.36544589986697795,-0.5425020102326764,0.6843957095426773,0.32654102761131387,0.20696983324225177,0.33473250330877435,-0.12878717352150557,-0.2737382190262887,0.4845901679677234,0.18100186847372013,-0.26847817733789514,0.0958599163173025,-0.3262221121660164,1.1260018865999228,0.12269204724205963,0.1021652584736896,-0.19828386769292156,0.017482513533463175,-0.09331166970514257,0.5808484028108478,-0.01329883751572889,-0.3842278576127214,-0.5024411930904219,0.3390387776767443,0.2443290386216075,0.2848014410097644,-0.9553938917771638,0.14465125268032378,0.24539578579202692,0.17587689983102142,0.8197112247919297,-0.30412426023913525,0.13079175504478585,0.4539863490405783,0.8533277680080704,-0.04907301242694488,-0.14246119223902998,-0.5696716785670879,-0.7410422306896551,0.12522809172104873,-0.4720103362428366,0.3773352109216059,-0.056790477517752576,-0.15576703424450997,-0.16976711680354492,0.4706421737030178,-0.750167934980912,-0.27210764924543207,0.4578875586692619,-0.20439638981125188,-1.0274767783863636,-0.05970255588107686,0.2367443020998052,0.4237458612941946,-0.8639104232029343,0.19371442744703826,0.4041097445669784,0.3430810606087966,0.32823049971916773,0.07273117833556152,0.22928256080190956,-0.11976286189881648,0.09001652705294089,0.39639224357857883,0.7779901588855755,-0.33240063968726363,-0.5084645280934319,-0.09953642675673934,0.4596826192622749,-0.35557401742854117
-0.4288703725629751,-0.6120379069178933,1.0310108939415248,-1.8467067931050756,0.5877183055218984,0.28936102986996914,-0.4394204112110988,1.0974862747478806,0.6218726713433802,-0.09568137855140588,0.7354344364314915,-0.350601040808658,0.34892316948184304,0.6473388300930664,0.38766910105816604,-0.46490628896672187,-0.30732499274869424,-0.9038896510847606,-0.6037684752936113,-0.3752243502033225,-0.2726818571762399,-0.21044125098798805,0.10065455942391915,-0.6727959277792399,-0.3756412135672531,0.7709085461011485,-0.21442525391725492,0.41962719541196,-0.525741233753748,-0.9852386807135104,-0.5277566798468171,0.32301147475503633,0.765928653096168,0.10018765205340324,-0.30776119134169877,-0.5160999836447915,-0.537066257327535,0.3117692094976663,0.897617537697859,-0.4275590693925682,0.3486121946216989,1.2190332444220302,-0.27352830114821697,-0.9355002059693794,0.22460476558229878,0.1609191136709057,0.2188001874654813,0.08175490622927205,-0.19663050295106982,-0.24301657207209604,0.15475559349340287,0.07155132270687932,0.24972199870381417,0.3674349986709449,-0.07192336640553852,0.7052432970576815,0.14117316161879082,-0.1892535571124834,-0.47450133113434095,0.06260729492358984,-0.3329507437561028,0.6462051067832715,-0.10438379992404014,0.04936090331932467,-0.09361063653984165,0.20650242552826617,0.5059216756280585,-0.04312180705648518,-0.48069550845228215,-0.03670130052177143,-0.06142660574083776,-0.13095930456967717,-0.5566970166546281,0.30024187086357557,-0.6212687432645602,0.29944364118178557,0.6178031221187658,0.408780669527144,-0.38121160077536087,0.4209445804923283,-0.6075172192092997,0.19080440356287273,0.10905065694967085,-0.054361223221743686,0.8465771966483633,-0.16500296254311753,0.575706464547955,-0.6531267387273604,0.3926501214843586,-0.260883295333873,-0.22097309615402017,-0.38758362578111144,0.11530773875495781,0.8210455066446908,0.4998674859303991,-0.045042035633577414,0.12654916298635743,0.7577036444549824,-0.11651851086459271,0.3629318557882973
1.5882133754088636,0.6803559255527258,0.6311503836657452,3.0023207496513615,-2.2755264261227754,-0.13892418339696716,0.25205197574803156,0.03790299667541764,0.21318109451006778,0.10124991636105778,0.5246285096438293,0.5043108419377559,0.3443878708749803,-0.35638489429690795,-0.16983350663423138,0.06508389031204681,0.004941275154274558,0.138528840712155,-0.09181944356678423,0.13010396695597526,-0.5652422371912993,-0.39843156716240186,-0.5845820584850068,-0.32373219935252473,0.0022363394379445816,-0.014895143960547008,0.3073672680623809,0.33228362993063937,-0.2972585528047706,-0.30129135390309214,0.13413017040134773,0.6479275679784173,0.5360135378673032,-0.1283612284686058,-0.07608592292438215,-0.5290884802887804,0.21609563813474197,-0.22807878096435286,-0.9883240340637227,-0.02767359213291876,0.3174331312102008,0.07371743872180642,-0.4404337251847022,0.3175460407675847,0.09108227058624274,0.08973937343313029,-0.07883345271372384,-0.1257013732738649,0.43633093790373584,-0.035788738557387054,-0.23568630283560613,0.6103676995021194,0.5023397315223259,-0.06043509986524528,0.2234609934671597,0.43537228804186406,-0.03294425909012234,-0.4919072050712924,-0.09147888180133475,0.14004935407214078,-0.180542194332387,-0.21269626711863088,-0.3760722572481525,-0.14579492051703696,-0.5000204375493594,-0.6114574786889206,-0.1252874598663667,0.834160984998999,0.8849159465701851,-0.753617477272849,-0.35120253833868503,0.4648460497946359,-0.7692965610575908,0.13193518105922794,-0.21850299601494902,-0.46704023698151054,-0.052417264257090056,-0.3053949111476247,-0.08546747447195985,-0.40342282811135893,-0.20334259066383545,-0.18660841019901564,0.007672815767535303,0.40555216777335806,-0.29760598961070156,-0.8510762341501399,-0.5438527267765796,-0.0736445209593557,0.2389404411478347,-0.27450674127641456,-0.21524131335374994,-0.09138317133009817,-0.22078315689213282,0.9178505172292317,0.18152894029579728,-0.11913847583542202,0.2181089763899856,-0.3186058819774366,0.35826576716818,-0.2114658486631223
1.789357963702011,-1.568974832918521,-1.3971194329275263,-2.534221027271313,4.549860863978801,-0.6306751743981817,-0.17378304781343196,0.2919107595669807,0.24229008984671974,-0.04403912863788316,-0.619467369961909,0.06982311104716642,1.0916273657307765,0.5813751667146164,-0.007456385556227612,-0.3427479982854402,-0.4534309944723088,0.2309363980443772,0.4961231984172603,-0.041369160332244546,0.161347116577039,0.07270743051983981,0.2818705357619021,-0.1625348104653136,-0.3090739192795741,0.22975565045012655,0.47276250340243886,0.04604968846141973,0.30270843626552235,0.5046789660314462,-0.10355118515132858,-0.39320396901012394,-0.32126423011955696,-0.09915769866969906,0.14260843053543007,-0.5469423749535719,0.17424315378902025,0.4174322075596209,0.015245503067220622,-0.2698299054038383,-0.28327194682286594,-0.9222306426881608,0.005420069687985659,-0.10594228638249376,0.47409833366526666,-0.6323734485597113,0.46652277110818013,-0.3914469365334075,0.8680542299156078,-0.22438295095456268,-0.3689806261047592,-0.18887276597768374,0.2924279799960132,-0.5061775736645772,0.08638235387459466,0.9356900366158765,0.49705166617058383,0.7770683219643011,-0.8854949902268545,-0.13457770370205158,0.09721864784297043,0.27285075178877877,-0.15707785125430143,0.4041785076204782,0.46907873692816937,-0.05715681740992428,-0.3031931128113497,-0.06602590303979772,-0.031948783378209326,-0.33289207233486257,-0.1542060362235368,-0.3316853402788458,0.2933814096725183,-0.21553554053220772,-0.2039295268559796,-0.0023012294246623744,0.1453305983680517,-0.45409964551848586,-0.2638678948586558,0.7291801269500678,0.009077587968204365,0.1338275577345225,0.36049703339201455,0.2704775251530503,0.8708891285968446,0.9387554140875018,0.40217428155497725,-0.22294497204281966,-1.3348865642514671,0.5569335973107509,0.11816883998107183,-0.3719552503650611,0.3408459734613495,0.18429796747314728,-0.7141323678667828,-0.00966318992595497,0.24980601252606127,0.19760510822470784,0.08852420906877626,-0.4248905615777648
0.27627827890441076,3.1254494198623517,0.3291652730216204,3.28453557082705,-2.327735559663747,0.40804744900151757,0.3329230422902687,0.5797008869343969,-0.14783150250069532,-0.2621309883408543,0.6999201664565488,0.41778775768428383,-0.14560263799983691,0.17147542583306902,-0.15931177288608966,-0.34628033974322914,-0.4837196241269364,0.05193383720898108,-0.1577029068350863,-0.13796282514011196,0.28621654813854064,0.14058991594279982,0.08846206353980579,0.2777113524271439,-0.27982260447851864,0.5754047986607943,0.7319883376560468,-0.20261988848201315,0.09255791376497634,0.17622865021978476,-0.008978588825539117,0.24771583904516578,0.16480261338443436,-0.488995996389185,-0.13319814934802013,0.2580480835172217,0.16978590568506452,-0.0715349591706816,0.6281990560143577,-0.4820600819409653,-0.7252221195259958,0.6017463601544818,0.05603714475472698,0.13719489023659015,0.3870124791963649,-0.06517043273315683,0.5873868689192477,-0.1606591382531104,-0.08047955064061285,-0.35331964891008977,-0.3026841201088954,0.24605664517779824,0.1920562401388169,0.39041032585023333,-0.1835247348047788,0.20098191485674174,0.5966612554709334,-0.2737915029886376,-1.014404290988575,0.03355733303830797,0.7509489840740199,-0.03606663165765397,0.4423593506240815,0.10892414129454571,-0.14318476695322344,0.35321021104950034,0.12904945905386225,0.5997596669432371,-0.6498919370227373,0.3065525203767095,-0.2594481788089782,-0.27932684886936754,0.09338208424990582,0.09939101105603645,-0.026934363220350165,0.007294522265826163,0.13265203811871448,-0.4545042331132305,-0.9121975710178823,0.08881193385248436,-0.07916181293800739,-0.054554598548710836,-0.29324835558753176,-0.4210080650740402,0.13267146972706056,0.12133111319327654,-1.0529573674849748,0.07982329332342111,-0.34804437625934626,-0.1842982197894475,-0.63224361100241,0.0529509792099438,0.25606837432340485,-0.08015600755964651,0.1437282574145445,-0.19972470064280887,-0.26174996793092936,0.891751669672887,-0.21970934363999453,0.10397520378257596
-2.1037532160512846,-0.6251002917189548,-1.0070824259317808,0.8978634764147972,-1.5744302057636066,0.18826996717725705,-0.12474578105600424,0.2139851568976793,-0.6262921676325096,0.40522111869669314,-0.05017486332072405,0.813765214264972,0.38101832352586507,0.15026230030580692,0.45508758999679083,-0.26435762514587635,-0.26082402978729097,-0.005871558208711982,-0.2918193443746157,0.39036561819814963,-0.05801188033970074,0.19800810150722903,-0.21513791607034688,0.6336517589597469,-0.726882284179609,0.2139789761675274,-0.5082710290778744,-0.8150650129043195,-0.20657715946333702,0.3189352119812012,-0.3391526135889696,-0.07652172290749887,-0.586495989367024,-0.03697312969549075,0.0626102188803488,0.3230108504399118,-0.025438044157849726,-0.8833681459250439,-0.1429244862661812,0.17979872122610577,0.17640221990078844,-0.005257612767621726,0.5719018380734119,-0.4028140145051708,-0.39072696203444107,0.26843375647650053,-0.3240304917108693,-0.25368417405666743,-0.8499626905336549,-0.5668625911844102,0.4888742986326338,0.46634083387881514,0.31928884004359753,0.15017413125881893,0.6210104065615629,0.02963458978382742,-0.4473045898505922,-0.19911296970966402,0.2459526771759504,0.5187757848262373,-0.2701288365006177,0.06812211756641909,-0.27379739150307814,0.20278072780839485,0.15509102368781016,0.23681655191069723,-1.0727432442724434,-0.397695362721077,0.025978538718325447,1.166720124266471,0.5525683718876699,-0.1433991402000014,0.44326935501811504,-0.3675949747013621,-0.9342795093343563,0.388704591743206,0.43920771183634433,0.5738327722337945,-0.4349143180676199,0.1725275698823384,0.10585224121251308,0.7047919495634529,-0.25193250389949795,-0.12353949996685776,0.1945656022076709,-0.4003750568873815,0.4866663884794607,-0.40233792053058204,0.0025871574950957826,0.32577242409372925,0.010543045189046368,0.4053106529149265,-0.3895066454690648,1.277712516285583,0.5556629391830193,0.029945822949764663,-0.6743864504381414,0.9651738747748735,0.46774490807303326,-0.2721707814027779
1.545423615571031,-2.1443399133770624,4.749242038434346,-2.254673732906018,0.6460478351853439,-0.2243909007252692,-0.31842985623926995,0.8900866596454463,0.07774104918115551,-0.1284473269772178,0.13645808169421825,0.41356556348219775,0.440556160930312,-0.07604114506312985,-0.46893564629058754,-0.15106314354336642,-0.20195459595293128,-0.0485893104942779,-0.09852349147399043,0.029962229252393897,-0.49705848792645646,0.17922363541825936,-0.349980235124947,-0.09849156530364492,0.5248164584134881,0.24930997156212525,0.18199988258272712,0.4044508822102924,0.5088122664918389,-0.30148710398132456,-0.8610608161022224,-0.06079880413167654,-0.10527442500711552,1.1695712976767114,0.009122183521745446,0.08735198065063472,0.8707960410506956,-0.5992891843507319,-0.4864765344596048,0.3680752313939905,0.02784714776515602,-0.30441036249626974,0.8512724040683615,0.12649988713491359,0.08890446050057844,0.1424795590226149,-0.31058047281325973,0.2963376637467985,0.5797965557222432,0.9553175091551702,0.08572690252172373,0.2907897078278238,0.05939302856027539,0.792932526116781,-0.26139646716817316,-0.0032690428371679055,0.6684296538510911,-0.46412336227978895,0.553364991623053,0.04615488297464476,-0.8322133895094157,-0.557176438109161,0.193070846778674,-0.3490487484451013,-0.622486568732283,0.4486056060902142,0.5258037546370385,-0.04129302949431831,-0.13699434764301807,-0.24705845440707747,-0.05584074236365829,0.39748235041505714,0.21964108513798358,-0.14583275641954238,0.640300202614236,-0.3391989644234806,-0.4505560711894295,0.29360402815976766,-0.1268252138276343,0.11526596672049716,-0.13868846969447585,0.12649936340312884,-0.01681518069842642,-0.6484040100933293,-0.12927087241169888,-0.857788881307576,0.07351930975714206,0.1449211096735086,-0.17482034760601364,-0.6908551172781865,-0.05101462069264952,0.6065336048654396,-0.21839990227105197,0.1178548616955229,-0.24170542822973334,0.5807667554441248,-0.06663933442427591,0.46782773023743,0.3901744012306456,0.18553531412490643
1.2320457040452824,1.9797465182564826,-0.20983354622537276,4.802427949352269,-3.2732516399235783,1.0718092308515113,0.5219523510851365,-0.3941069522598193,0.5418207074304656,-0.15887754479730884,-0.5639028335586608,0.15619351822300076,0.1309887719016366,0.2875941421861244,-0.24032120504711973,-0.7955127587705566,0.4705619871757447,-0.4651578728891288,-0.8010153715933443,0.5741480718392833,0.41283679514872007,-0.3163006417822027,-0.6406965477706003,0.275949946403304,-0.005860726920495722,0.5994594989401255,0.3271910779475573,0.4214174160795853,-1.0113851144198263,0.46458655315700903,0.6428211673433336,0.2297252362975127,0.17509626328517586,-0.2843726134171147,-0.32033788610886543,0.02159411534729104,-0.4188611169496902,-0.7028468464391274,-0.13571168341242626,0.07379396504452385,-0.28297518848875247,-0.44388865251884657,0.3585734765705348,0.1111757674413853,0.3840783215271758,0.7163495671526435,0.16364795614493494,0.15249289412067799,-0.2516592894492291,-0.14313145585568465,0.8367841524830755,-0.09915391469279992,0.15996125171360526,0.14487663949187235,0.5250632486823655,-0.46352874527248483,0.3432818487612406,-0.7570835738476652,-0.5715426935432701,-0.05747767530175011,0.05823556058781225,0.18537372640780123,0.5558651174944164,-0.17302064457595936,0.8700136831416534,-0.17386347560075438,-0.8868098376018,-0.5338187999382028,0.26499775917778745,-0.10452327894180752,-0.010664397484475797,0.47072498893713044,0.3806872162003197,-0.1323115336267094,-0.1536891347423863,-0.28233322884573514,0.72117324170036,0.2193023547169991,0.03905442335714705,-0.14374521126295572,-0.4223645945927862,0.39076598164461157,0.5311453934472878,0.5242012171949808,-1.0736820157238072,0.01350262897342364,-0.5498954776432052,-0.22065828466331935,-0.14324213617405648,-0.6418961098031839,0.25844726516124816,0.04443086721186852,-1.107044406752109,0.06969031416834245,-0.4246812109939273,0.46037574200830284,-0.2589559441971312,-0.3766814205740742,0.14771877030595418,-0.9621200374202522
1.789106631591877,-0.41659467480393075,1.663860257847764,-2.3479801980468338,-3.9796607131726724,-0.12708284808927325,0.018900093577298622,-0.48961064021581296,0.14505585501619553,-0.16807098880063714,1.0014292958659492,0.38189098616873973,-0.23719616227453943,-0.0927576974503291,-0.2015887653185821,0.1841428650066502,-0.14502472836539096,-0.6408957802595325,-0.15241996358627347,0.24921345774274145,-0.6021184894952866,0.28372185227678615,0.00120036186551247,0.2850224866017213,-0.7181554671515853,0.2485101983172316,-0.19492521982527267,0.17402254845798898,-0.35234943493037874,0.015800585811479445,-0.5983400900838698,-1.0821646560189435,0.1229402935886471,0.3331423848567406,-1.1074511826812978,-0.15865195575720675,-0.10557062774355153,0.40551151151201015,-0.2261160547068229,-0.41574521449092805,-0.8528857211722399,0.457680590118082,0.27373161807635404,0.2553219909415094,0.03559054901992946,-0.2724593147448691,-0.08328629780365587,-0.06624589585698809,-0.2100799177761644,-0.03643246927645966,0.28494346787206204,-0.29557826851591906,0.353200876254755,-0.1378662161141309,-0.07401873820202183,0.20111163253922132,0.6643284687844848,0.06508201347224032,-0.09617944810149089,-0.42731245813894264,-0.07772972196160773,0.3329262987816019,-0.3370964634427501,0.35057950899767537,-0.3459085894717118,0.11158097458584453,-0.06764933743944111,0.708904630561295,-0.2677126854653089,-0.33958701297212385,-0.09033263474542585,-0.05389646932558296,-0.21834378275327676,-0.5582532156501149,0.08808432161638059,-0.30792530134960083,-0.7464525595118321,0.12109406865348929,0.7887026153424277,0.11794290284078876,0.4629190348116949,0.16755142333696593,-0.4574846379265607,-0.6154018264109788,0.1638055597593304,0.438803702713476,-0.34678471156143464,0.08431414989552687,-0.2319754247250352,0.7580912331357741,-0.17531498989890648,1.042143122254242,-0.2074150116617741,0.2578779487532109,-0.008048917215619067,0.3566091099594041,0.4008591113601933,0.5932264056080722,0.35569632854396777,0.027848925606467623
-2.7620676774006596,-1.5479874455987823,-0.9233371737199509,-2.031687711612663,1.4382542684795598,-0.29803597531264076,0.9771239894068435,-0.8133884488635567,-0.8767301820998307,-0.3461801198198475,0.21352547230548152,-0.018436532486606146,-0.44312243886187475,1.021398655520256,-0.4568858725384546,0.103556350091674,0.6620476418329814,-0.031351217019500194,0.08186945929104708,0.5946187842136667,-0.011446299513658657,0.542485041305631,-0.45437025980665224,0.37208338947302333,-1.2422598411251444,0.4570837905592184,0.0990788521164639,-0.5265696141932616,0.044585652035718966,0.43070013337328406,-0.41938667417723924,0.14632390856615507,-0.40141708269928356,0.08716624970558542,0.04089952151164748,0.575070987775584,-0.0659464538552458,0.6836383674288868,-0.0678555861670589,0.4247458626934619,0.24674132770190077,-0.05027925043472635,-0.23540048912554834,-0.17618734963704996,0.1240018647692378,-0.30908551089935227,0.4432538174983667,0.3290149668413614,0.35587642981737205,-0.18386697335481364,0.12943487891013794,0.6180219793385814,-0.4950994605696761,0.3829892457298905,-0.15881368396929924,-0.4823058807391302,-1.458621819065564,0.7038416359981252,-1.1320599746203923,0.15589167361434797,0.18061460171277424,0.07358591629300626,-0.4236056007482048,0.002453592633775007,-0.015872215678533662,-0.6109174355707443,0.0379305310878688,0.22119684067802983,-0.321038827789041,1.0239314644372515,0.04216964916347471,0.1241084361464756,0.3337069806116035,-0.07175279178753634,-0.5244119062191481,1.1100450296165736,-0.22541636071054044,-0.6209748059834881,-0.2679612087786783,0.03217505574012331,0.13824260846090716,0.018715879838888703,0.34482508518496735,0.29759805122415445,-0.38156571341193807,-0.04196273798042709,0.4481373881001836,0.34044844578895395,-0.1642999028388223,-0.2188337458576054,-0.5803363791366541,0.4373190890279118,-0.937834664420547,-0.979939418677047,-0.07312683188056605,-0.26509555374277116,-0.062293706843598244,-0.4309358468727124,-0.14487399375719498,-0.5089919161106284
0.8544665696637549,-1.0123790717096894,1.169736973354876,-0.17734876936878213,-1.846338349192248,-0.23772807076604532,0.11405849226210014,0.17759586767186275,-0.03921682099223743,-0.12125102863583828,0.8535863619103734,-0.25583928392111316,0.7939026850566498,1.2167253214961444,-0.9322047080215137,0.7556817389323631,-0.0166062422530412,-0.45817194754398527,0.3630797215995417,-0.41050662024234175,0.18769513098386637,-0.5428607125959609,-0.2641814226747333,-1.1214021651823973,-0.10168011392422976,0.2133356275742605,-0.02130112154445637,0.16457385832326785,-0.4251485540734787,0.03734150380338383,0.09846243714108321,0.527041584054585,0.5604104265683233,0.11056936960090955,0.164581046828624,0.6611028459012522,0.3178255407414929,-0.3204215177510846,-0.23891222945143287,-0.1190323445912161,-0.19005015026081878,-0.05952816559822278,0.16203787743586637,0.23852717740453705,0.33182458128657627,0.22472353501454345,-0.557433365747713,1.0802723399083882,0.8624533749751083,-0.22601224014521934,-0.5106688517104179,-0.2750819591073321,0.3119972325519474,-0.03882910633006058,0.19888231831114123,-0.9690377755459749,-0.5062943698636518,-0.0053874968460364304,0.6030953094299132,0.30513697944933676,-0.524086271659462,0.45444691445896335,0.11779577081145631,-0.31339984370214113,0.18081472530452905,0.9343553343383942,0.255038876559549,0.21593720759843985,-0.581260963602607,0.22010003500765218,0.048954803589251805,0.02719359117930441,-0.01194888953144421,0.08612774759289141,1.1378460143216975,-0.3720034285667719,0.05411358536871997,0.17120811842785313,-0.2490796937962021,0.19243571986627783,0.7272776780043279,-0.13400896120303268,-0.4884397415583097,-0.7622730398161893,-0.04134733668954131,0.7807783052882309,0.402932587464348,0.583907926416218,-0.08421723127799301,0.11817560114238622,0.13721016270649214,-0.25125174080455903,0.3117718305987888,0.28745281196052275,0.1036665462560086,0.061378691570011266,-0.5024716239535214,0.6252149213149368,-0.18919008889160055,-0.4869400801157057
-0.4097087549717887,-0.29433130676297536,-0.870842554027635,-1.826450455539965,3.1493142661202502,0.4734285351729703,-0.7451645669037118,-0.3433804254277391,0.047017771144450285,0.09586747361581115,-0.5811307432174398,4.544609459209904e-06,0.3268233613065735,0.3706582534799715,-0.6032072191348796,-0.4487469246116329,0.1623212199228907,-0.3188875165093796,0.13514844575659543,0.017648492306272943,-0.5246595090267172,-0.1248079549345301,-0.22577520188362415,-0.227134115381912,-0.06147278921751617,0.049373672769636036,-0.5695294866931638,-0.05393190022584993,-0.15413360824221767,-0.10686357063288823,-0.07250196808128306,-0.22559092674662523,-0.5841551232115687,-0.05261998332877828,0.7405951845150492,-0.09244327275604382,-0.08749461077452557,0.23081445539766007,0.4166821960553121,-0.01746308729249093,0.3903746718653241,0.47692364146669775,-0.32393389597834776,0.01955298667184505,0.333469729850663,-0.34113769595405247,0.3374154984970487,0.30327079629748516,-0.38397892660585375,0.488939436017153,-0.18404079761930525,-0.024311600989870882,0.039534224743578116,-0.5370981949196584,0.15856608927561494,-0.01950945130705324,-0.6113841637205129,0.1525896956218689,0.0707087846740909,-0.0951960364239658,-0.4684249969264894,-0.014095972496011943,-0.21353135162270032,0.7766493131491357,0.17980799731111952,-0.08796766529022779,-0.9443968641267868,-0.02137597905245123,-0.3543165223690439,-0.6806395643942966,-0.07710272094219789,0.1036428519806006,-0.425050808399007,-0.3166549152396445,0.2550754590843354,1.494787178126235,-0.5403075534237683,0.8540912067728025,0.3456702296244433,0.15953198914582364,0.15945246229422283,-0.08080228841997475,0.049593819350713754,0.3215842487677853,-0.215835275492448,0.44446243022434395,0.14780058425910847,-0.23471343027981686,0.7332090727432048,0.6956924390087854,-0.08772964541445835,-0.1540487566277836,0.5594941322458485,0.45248889344705057,0.8531294312786359,0.32205813144106243,-0.5502113267891344,-0.0013328704469135453,-0.2638122160657573,-0.11506609967711785
1.8442363995412445,-1.3043950866005667,-3.086979003528935,-0.22815057086272186,-0.4228505394217744,0.016666368959950398,0.3553051789282228,0.5549198412659778,-0.3850447286113647,-0.3421617094675608,0.07486034160659225,0.2655101905046067,-0.00989924957657206,0.5895678515722111,-0.5296742347086254,-0.38680090355882185,-0.24632373369380936,-0.3102123991337959,0.24449192979757595,0.4583154132239624,0.7188711652401226,0.5589555389120348,-0.8694195021326625,-0.2556023784526027,-0.6079803774523242,0.5090517803600404,-0.2795811874583985,-0.2981319162113853,-0.24933641598566003,0.017482909470002618,0.7983346784286763,0.19078694745401928,0.30919182366156667,-0.9465745866563547,0.05468003400847028,-0.6655094706924739,-0.24105369032603866,0.765185342582511,-0.3208954642599613,-0.5272107199394965,-0.5698994210740829,-0.44274356664651243,0.33490881291918123,0.40893772841239606,-0.45368220889080774,-0.15482409259386734,-0.5286619501447943,0.5506556928626846,-0.2289685032975433,0.07207339898276983,-0.1712557841471407,-0.8985439408625692,0.3751752332830539,0.2984990246179933,-0.24108215308087552,-0.09632668033595493,0.07273891853571997,-0.5156866189671259,-0.2728020038496595,-0.04386353462372223,-0.26604788993224454,-1.012122694136922,0.7247906212109242,0.3380964807608015,-0.09923276339391407,-0.27549446808720923,-0.23765888341501032,0.7146189306749974,-0.22599556568803136,0.2688714506377557,0.7002713659285207,-0.734827487806874,1.1635946585984107,-0.29800032955327943,-0.07093957249065937,0.005869236694337134,-0.05419651473881332,-0.4610131746925211,0.4729307512186578,-0.439108399518915,0.8100897699652263,0.10950659870894812,0.889309914800658,0.41796745521642537,0.9622394423406191,-0.11820986038772066,-0.1543540942742709,0.41945732165107585,-0.12913861041344196,0.39822018632278766,-0.05921434950156987,-0.23299197917308062,0.002960258175541677,-0.032348161296675566,0.19195512080469354,-0.7516685522873506,0.036899859560663,-0.12338537235379278,-0.6952589571399568,0.12349269161003064
-0.9820548548668785,-0.7351664430821266,-3.408986346960357,1.6731907405460653,1.7401148686884493,-0.07167764815694434,-0.9356058248265315,-0.6307152726175216,0.3106072076651107,0.0685148558899898,-0.32356745888913424,0.3516277076731001,-0.217329684559087,-0.07321730305142292,0.0381708291684835,0.6042222452135028,-0.2939333782883795,0.1562626310209569,0.38570978735686595,-0.012323020635570446,-0.05728889806336684,-0.8421387316350384,0.08557005831775913,-0.1632595583832895,0.4444428458874353,0.19860444576936004,0.7448886237048461,0.5353181962067382,-0.0968821044714771,-1.0315236401738053,0.04474652455524658,-0.12010963064440285,-0.045912698228366744,0.5231220352803274,-0.19178623197147243,-0.1704085438098346,-0.39464995225034744,-0.34795022749758975,0.03662278648482227,0.15264224605033921,0.47127213750200037,-0.10351772999952699,-0.41993669765779307,0.2248502912108767,0.6511555469998054,-0.396211652398626,0.6850565266187694,0.06870965433282762,-0.15971429743831295,0.03312786358365487,0.39354640916002426,-0.4556212101743791,0.14229197439356087,0.4699967705715124,0.04659269212879475,0.8801211029963982,0.43800400627882663,-0.7570481004646389,-0.28218050835982805,0.06409385271051654,0.7007382745230841,0.4012322176480059,-0.48616198118455983,0.8303298320555028,0.19021691064910615,-0.1525329582608908,-0.02226895066779972,-0.020751693191719763,-0.19396224955925215,0.08902762989207012,0.026681745629288236,0.8511619259874909,-0.7337326326075747,-0.23391645465025107,0.03518473912062551,0.02108170904451099,-0.18460408983434326,0.36845329818673334,0.5428069874634008,-0.18130340034643544,-0.6656219256130741,-0.07230512107742215,-0.034991626097202834,0.4660380368492648,-0.012916314826320724,0.2095119456633555,-0.7620692746778177,-0.07596220229113589,0.19845293620384627,0.22061593000274105,0.4448604439490854,0.07376812487557613,-0.5150331592834582,0.44093328602713355,0.1456362801108231,0.9609395767798944,-0.05327201157717092,0.5778408323865023,0.37294026738831365,-0.6732175548362825
2.1124532769369826,3.567628805488189,1.9550573556598545,-2.4133150137695063,1.8384563223718327,-0.39009389798779714,0.14792174441724365,-0.274975190452515,0.11376609406394353,0.6170606583976014,-0.08211620772380641,0.1800815646466118,0.2633583400355292,0.40085731637995303,-0.041596711389806244,-0.11246142936698926,0.29545593477019755,0.5182720069401361,-0.43940678066380634,-0.3949436511660673,0.34638829049174524,-0.08175524941341941,0.1286587920584311,-0.10606115473730593,-0.19872710443615565,0.03160350118406256,0.18322402702420212,-0.1077028099950752,0.04966844167380148,0.4059705136372583,0.025147134594556284,-0.014994071590825516,0.9135884505455794,-0.7595455681027333,-0.3279631613027161,0.17859285346863255,0.209404087276093,-0.17584479295945887,0.34982505301233163,0.5399038326718918,-0.018861619769769803,0.4260007362341832,0.4728920044876855,-0.1813754902644374,-0.42748446732777096,0.1109053778531796,-0.12132720148500829,0.029583382097641855,-0.7405784958614992,-0.22579638761447834,-0.5143200163229182,-0.2025829978477816,0.04514259764574401,0.4633122586624087,0.2137240106988047,-0.16305781370694572,0.14578879927048216,0.6029219189750825,-0.06552762164263297,0.21515209241020467,0.5252945527377558,-0.009101511032932792,1.2109279702558853,-0.3253180850314981,-0.13910101725178353,0.08936109533978531,0.1268008311330634,0.10046123333488113,-1.2213678748039845,0.23996645477221937,-1.1830465361629587,0.48048359293226633,0.31622121605811765,-0.23226651879761162,0.08382790913674652,-0.2616448782953237,0.8280582246046485,0.5133859010404803,-0.7522962051359722,-0.23493407917779893,0.40177949818414316,-0.2219463502771119,-0.17382146991866487,0.17994745740821286,-0.6406432347270965,-0.05784476159225921,-0.3802800771686541,-0.3788133587388203,-0.19770827828555568,-0.6259188814931411,-0.37190491933481656,0.29455734093273445,0.38827917425735753,-1.0875657929967735,-0.4361904002525089,-1.4361863747589794,0.32666741696083346,0.1852837375593795,0.5969343971478409,0.474225546273903
2.5618263129867125,-1.653453659506794,0.31767657976129493,1.009300418351635,1.504899844034575,-0.5602338347875928,-0.24227524431447217,0.3087466622639614,0.07225845591785904,0.21408921024569505,0.46529077669917135,-0.2589872373929772,-0.43723940774906683,0.6728214107871835,0.31188205311770373,0.2861560734004087,0.08981827079484929,-0.3421083021007731,0.710622558682979,0.7304357554877419,-0.9362273653671962,-0.3644580951309326,-0.3042691742993997,0.016712630630107278,0.8830837692880279,-0.5779121481272942,0.3204380529075647,-1.0772343608864103,0.41247774086019545,0.7201361126581719,0.008955885794034404,0.0624899736952574,0.11071466676308522,0.1716252698806207,0.1502682231213839,0.03557750720201646,-0.10162500334149506,-0.5413304777540457,0.14796041700176274,-0.47147278959535466,0.2077043755933731,-0.7624051286207273,-0.39739094246783396,-0.12234129825170859,0.033774200540307844,0.977611159604071,-0.658040874053138,-0.6579460680311402,0.14900182972486634,-0.4195558188105788,-0.24453819552017314,-0.21477383946943915,-0.36839303818520214,0.5602371644400865,-0.6998373509553664,0.1710124612316793,-0.6784548234778451,-0.2391694842046594,0.13119221661811312,-0.31345455969862435,0.3081203703586205,-0.5207331869896222,0.2943944711774948,-0.3912619185283987,-0.5037879483074842,-0.1406103269282754,-0.8573436219453318,0.1428336852631833,-0.16201194249282924,-0.3829735856066074,-0.27542355760201204,0.04695759083463454,0.3726800459146269,0.09573191799323066,-0.17516533926906952,0.33333633588226746,-0.3102847088751626,-0.4736048067736025,-0.411180101615335,0.010055079767028487,-0.39542174643265077,0.42115189211575593,-0.6354735692607999,-0.17321244162614202,-0.35114003467702265,0.5352334407671583,-0.5910687871332326,0.177339297430958,-0.2456147429204647,-0.20560244011230597,-0.311809597447426,0.19795567039742298,0.24743751312297985,-0.3142473871525078,-0.21871143976013938,0.13741447026824383,0.12245236553106881,-0.2456212177510207,0.5100467871091667,-0.271683614782922
-1.7041914253735657,-4.0516300297493375,2.5204594172113355,-0.36191766494720995,-4.963254951645906,0.3402129558186219,0.24832620447131207,0.00940521347134387,-0.7860733982312251,-0.5267326494424069,-0.0062233015117127725,-0.259830840948397,1.2301371836904644,-0.00944381168215944,0.14358202334591766,-0.17359687379138908,0.45956498032105614,-0.061518219992918836,-0.15516416733745655,-0.4088488903687209,-0.05257931974901438,0.1365319466642322,-0.13606859283397404,0.15882326623720083,-0.010694076408124704,0.2788661307704542,-0.03355539696302915,0.25648462391438426,0.07160111864231151,0.5757483593677634,-0.23204201914451317,0.5407574415801758,0.3811349554395948,0.0481197722500275,-0.7002533293184322,0.3902113242218848,0.6505726025157493,-0.2976221226782178,0.607746466854579,0.2811613751413666,-0.34385549843234575,-0.14166263326961487,0.6166096565207251,0.16356451123781782,0.17392281279008232,0.08683521784736802,0.12493291110856355,0.07725458082721952,0.14591689443410777,-0.12038121096153845,-0.5544539839530752,0.6166722285857548,-0.4434004238943972,-0.71000713785658,0.29910815206093816,0.06638369027282484,0.17738152123217155,0.19522199367036908,0.15785209080426318,-0.001625859661230269,0.2835518290045863,0.29038175489317725,0.5193675268362957,-0.16683393791565512,0.19639514090691418,0.2941633351873523,-0.18683237774421016,0.16956585902766688,0.7487000446240252,-0.26078227159679845,0.43948336715059355,-0.6775718577545317,0.6985719602688356,0.18109134906438445,-0.21759587344484752,-0.2578195393947791,0.008331027416300216,-0.5379733002128168,-0.9742273924407463,-0.01221035067347503,-0.3401373816022007,-0.21476070375161668,-0.14988751859922214,-0.6100721909250336,-0.08368004945487809,0.36902480118973763,-0.4914579806842894,-0.4682868628564585,0.1761317274883044,0.22130933290456747,-0.3165968810173695,0.19975557915479578,0.2617901047279225,0.949662813362709,0.2838586302664499,-0.05757200784624998,0.29573714164462767,0.08554902829486603,-0.12857217725343872,-0.5023479796936061
-0.5762464346969217,1.2453509081608582,3.3099546855711814,-1.3031223419142721,0.696417570205211,0.4486403230348529,0.424323495123914,0.0926354441791757,-0.30353295851155154,0.40331341387381614,0.15733501299892938,0.24387842441633836,-0.828031254784556,0.3520357229495196,0.06291603330631776,0.3373894355162795,-0.27007653370758217,-0.12378068690607648,0.021576721278824457,-0.11268589770686016,0.35103071200898056,0.0008206761982692709,-0.23455878000966196,0.220909577427979,0.7939771262549292,0.6515593407685475,0.3024129244792493,-0.8960511016451492,-0.5254153118757884,0.18959608246353507,-0.00198475414621248,-0.4377590655019641,-0.4014373658810861,-0.14278080503144908,0.45992367120678557,0.4044171204844516,0.9730207250143232,0.4014184604945131,0.28087981028359693,0.39188536387077594,-0.4251704730155827,-0.549551908010863,0.030933922833534,0.924646865057096,-0.008143182120296504,0.21606251177189373,0.5095926414317419,-0.4433356034983685,0.8109680396747228,-0.16733889719995199,-0.4959277204548088,0.6238000140326008,0.23648764369035993,-0.7415103151315376,0.4122143311569902,-0.7119602547422865,-0.32052645165149635,-0.09285984016177629,0.14461768976204506,-0.013332872607113645,0.2438558199347924,0.21111138901539597,0.17966893372915863,-0.3113471528103449,0.6333924443641619,-0.189075954623745,0.44340347730029256,0.23760806592775355,-0.17363330302673421,0.7004040222486912,0.6795147452113195,-0.3339801099952401,-0.8532852248577912,-0.20597401441212684,-0.21053935640892288,-0.1343944970129897,0.19556095551647937,-0.33896470992018524,-0.46975056631343126,0.08020058377415644,0.2428724444879697,-0.38973299477164075,0.7095282584779586,0.38162111458373127,-0.3347636924653349,-0.3781512828974633,-0.08565999152662877,-0.5747136715413589,0.4356593539206819,0.20990981618146212,0.18090466635033425,0.41845138615764643,0.8859181306491664,0.6766738467949155,-0.03741514574605044,-0.17029774856756932,0.5524607765908864,0.24134153990798676,0.3974081211644329,0.4315271596992742
1.3517111383281746,-0.9391583235093062,-0.25164157799783327,0.1576683685048208,3.1321968746065,-0.2549281676097786,0.38940057945836193,0.252539309325687,-0.6296210841560532,-0.24457902582299665,-0.718018994141304,-0.38557870807620903,0.5971247907671055,-0.7189654996466213,0.19830757604389898,0.11101750906960262,-0.07011012635403922,0.767238471414178,-0.3647153609298075,-0.3096469777329397,0.39078987291424444,0.4138166951583933,-0.047894935670836046,0.3953643928664795,0.12849525428382166,0.47169742891197414,0.049065606359856836,0.4184407010267026,-0.4365373116420194,-0.03953313340486609,-0.05405098100466043,0.33524078781690353,-0.2628857982072434,-0.7098421035291611,0.21679758841797367,-0.09269169699393652,0.15114205258348706,-0.16553788274036624,0.20502201783301083,0.01608903863944082,-0.6450326373597768,-0.0647004496965874,0.2877517755797104,0.03196275243682452,-0.48798111635893016,-0.5672835243211499,-0.08841878649425927,-0.5877473035031527,0.054236029443490694,0.16788638845443468,-0.431391009441323,0.39553477875379717,0.014733929572680247,-0.07146708986366133,-0.08168516080979665,0.24040342237421655,0.6155663751852171,0.4205558009132739,-0.6859609712548069,-0.30956178774395576,-0.5987055523939042,-0.014892823071739369,0.2625131270915593,0.09846395077196549,0.44894105337163576,0.00854972770239383,0.4596475353855696,-0.14329978046123626,-0.025355652914895693,0.17793266072115438,0.7160241686247487,-0.5639772328554459,0.30412455478383094,0.29796377425204645,-0.03734176638439256,-0.017482597583922392,0.22788023180221367,0.49144745267224127,0.24882174720999933,-0.5599259139334888,0.10237235807334502,0.4361771937732053,0.03385545756272522,0.3415526349318435,-0.31867266297498464,0.4557699527595136,-0.03842226157399985,0.8730559545750586,-0.5260645225241558,0.5865385294249515,0.332142619980769,-0.30215685992668745,-0.5846167486322119,-0.9658360751740783,0.42941369546589064,-0.38452461864191406,-0.9720988558634203,-0.5914297602354064,0.3836157259983455,0.444435017559678
0.647794584908734,0.13703475108984975,-0.527570602100192,-3.4579178863240094,3.6299305951616874,0.1757668161340281,0.5424819026396035,0.5002905741317125,-0.908085054571312,0.10725321033335153,-0.1827970152964323,-0.046443951257861896,0.1797636695105748,0.16955315932002366,0.2930906627778676,-0.058743418142149575,0.07383890473088249,-0.5082604493063221,-0.44183709839972035,-0.22193390291564838,-0.013472188293399566,-0.2018611254232994,0.4088136406150248,0.2826211488265781,0.315937424653126,0.22485557825298735,0.3375349478082261,-0.01928071895508901,-0.5160883285134847,0.18917242015345964,-0.47242149911037284,-0.5557997101571923,-0.05458895097222957,-0.4588726389979361,0.4213168928826872,0.34533066072842616,-1.0877278546386284,-0.028043258655994205,0.7436102365767315,0.5778593831623678,0.00101169181149539,0.287943907414059,0.43407241727992973,-0.3965579768512253,-0.10403053608160666,0.7546690741776542,-0.19776278888330126,-0.38440297714850896,0.12255264665120337,0.7644994215414457,-0.3564924098429696,0.08644115970932394,0.4111437811516411,0.0462240969222629,0.26212501987997483,-0.08036746656544497,-0.04351277077468772,0.24850458586662103,0.6662298634664335,-0.044770688982380014,0.2305998777445049,0.08178801660876216,0.2953411348966252,0.35101915113268983,-0.6204893998675246,0.17794018584591093,-0.29183237505138065,0.2797756985099675,-0.36631387415741756,0.580589334508397,-0.06292854876326577,1.1563233394781915,-0.5045228077422229,0.5191386237832026,-0.16269593145995684,0.32540737673703274,-0.6040814704195739,-0.2176695861281453,0.16078266562917984,-0.06517065869753004,-0.8663652317750764,-0.438551332103563,-0.3694581493011957,-0.03368638356177726,0.4705049569054975,-0.585624872339268,0.5002198218983543,-0.0848040221066315,-0.15673607056628971,-0.05321612478331058,0.0012143706605355774,-0.5527322387659928,0.04599899783891079,0.0318577160894246,-0.3561914658863313,0.26981860154126025,-0.16588901741722334,-0.6828686711297489,-1.380033957026974,0.3539462942053654
1.3035936366588028,2.4675903648806474,0.7206794440368829,-0.9402187662689586,-1.8901628897897103,-0.2601537099838057,-0.6252168186235828,-0.37725030327450865,-0.4306209006259941,-0.7522224132105629,-0.6084871709235419,0.48921875475565096,0.9019577481031047,0.2526877804854216,-0.10797332913179461,-0.19720289246246628,0.028681017571625875,0.3141778252505055,-0.6831713139677692,-0.017455440143291544,-0.23707815100671525,0.6265291354860807,-0.1216727415049318,0.6806575522228887,-0.5051548381284845,0.11569080946149961,-0.5148582993945241,-0.10414805720782455,0.08971228447117596,0.19137306430864431,0.8184551738070802,0.7146741963946134,-0.34210716875689445,-0.3756319311107229,0.31192982680816234,0.5000948730455603,0.2744237283422045,0.8828317618085713,0.280225879610321,-1.153266267786768,0.6220739391567338,-0.19480441045061625,-0.48495606857878915,-0.7515283134419403,0.6609501431968313,0.5445552861477124,0.1371866518304261,-0.27408665508153807,0.14885618950938517,-0.30422757896292246,0.11694503647571959,0.21900780835874414,-0.47189411036921997,0.3577198483889075,0.18157029263003985,0.12631002538519923,-0.40175357878531287,-0.0443325400284535,0.16140405814996464,0.1418459751426112,0.14234046176766948,0.8206758220497474,0.6570470528807871,-0.2811570931254247,0.29272474869756904,0.5090840021784515,-0.7005611546251671,-0.16531404361485785,-0.25587048869697954,-0.18147480108319325,-0.06936004260060696,0.26280994072663255,0.5321138368429812,0.09834969251345863,0.4645861545264585,-0.5049170390753829,0.09968422815975392,0.01872470620496934,-0.8531600785290401,-0.1305751107249614,-0.016102194231512015,-0.16238714390104061,-1.0838962941555375,-0.4201741644425877,0.07760838169410933,-0.6732508952758779,-0.369434828111506,-0.20489908419593356,-0.22176608675812332,-0.22993747924825161,-0.30561057730471386,-0.07663937621250384,-0.5771191499624625,-0.44236295374800727,-0.40593012417360147,-0.2821227744796128,0.22100745488619306,0.5358155079885365,0.30561760084821493,0.2520929573516293
3.421530363277368,-2.0818866958386484,-2.2339098696959545,3.032799419896537,-1.3138265655407708,-0.3832067597229681,-0.038586542396118834,-0.15505124584613098,-0.09193657991665535,-0.005981469002774214,-0.11857796956211128,0.2676716541242249,-0.19408388199016371,-0.37068239441234596,-0.3637019975981003,0.05791316073004219,0.008093461182689929,0.24694700933873986,-0.3948576798766701,-0.3178849192086565,-0.24580629932395398,-0.33809630550540587,0.17706137623029541,0.060907586472087716,-0.3853175815036562,0.5430276876260536,0.08639657523024312,0.48363017726051877,-0.5299670122190041,0.027122524236869748,-1.4648483977971056,0.2230645319075558,0.6715253928320246,0.7141021884999323,-0.004578674495687067,-0.117388997179069,0.3730730623659489,-0.37362949580891525,0.9044792584044699,-0.49658841316479946,-0.6662425425390821,0.46676779819124553,-0.5603415216496135,-0.12526897465713446,-0.21306066706841809,0.23154438332381347,-1.113341138534743,-0.5427865514044447,0.5147887365859996,0.32902299308006205,0.3544489343328662,0.2800048216953336,-0.4306379390142508,0.026513785703635,0.08787023156099819,-0.13645218838855872,0.672733892164278,-0.1338431858604981,-0.927982674772115,-0.4020071932362051,0.23079740882168892,0.16729767506441698,-0.36343302480374845,0.29967556735474765,-0.07154257482903098,0.5149792272294871,-0.1951224870782104,-0.22192809087684515,-0.3753953135653324,-0.14447125148493134,-0.19042335886525627,0.13308562444871758,0.08836666302700827,0.11081026510808746,-0.28013962735210546,0.17968384821459715,0.02421059139300996,0.011037561847878548,-0.3056840001799556,-0.3736400301771153,0.1292392201897182,0.34070421164668785,-0.47756131841765903,0.8416296989452887,0.3531474028278761,-0.1655725470404953,-0.5975713735956745,-0.7017370458656018,0.07794776752120308,-0.7902208522484585,-0.39136097171746137,-0.8322700510205799,0.795294460261053,0.24797440909807641,0.03456611352485752,-0.3478978826267115,-0.7230630155753139,-0.019907732070922272,0.5525016353209296,-0.09246819513139022
0.11033534348574736,-0.592356487682964,1.3437351792264653,5.749981873743234,-0.5256472421900703,0.07046460286847223,-0.17770016316190546,-1.2222984246974524,-0.7487245869860235,-0.481319754361952,-0.4340077897800138,0.02530062881026324,-0.03532327769677708,0.06419216232361838,-0.2120205363407218,-0.11969524707942475,-0.2937240713420174,0.1638889669914763,0.951497220306583,-0.8750785352691983,0.1697790185167102,-0.4705673739658916,0.5932017335199428,-0.062270973129731504,-0.34274723426701276,-0.5204674647473726,0.1612467447458038,-0.3172159639509895,0.10238986033548884,0.13514408628573638,-0.37181582666555624,-0.6429813011016277,0.5940985003681444,0.5507298952604107,0.2905937467808438,-0.200559836872823,0.9802439452916936,0.04831019038438052,-0.24404924934220018,0.00153576669461898,-0.07354860109670873,-0.09211223285123521,0.35515605300252184,-0.1850332318369294,0.36795214655567765,-0.11705847479550376,-0.38437832553537826,-0.5690267402715226,0.8603087851676294,-0.05994888867284276,0.3033331623166266,0.11978469838342051,-0.7432838701346932,0.14244924825654964,0.503565366466352,0.7130030095051157,0.06802145657194747,-0.09689858876014038,0.1859358908350191,-0.5517081901499779,-0.2893263529047252,-0.15600476712806163,0.317765367608826,-0.03735903648770836,0.003663679915815174,0.4805563760152898,0.22638730369837382,-0.026847134946033552,-0.23970878194693268,0.38762422278093267,-0.32639091518783286,0.3043468435492052,0.4524103105427377,1.0446716300341756,-0.2629857796326111,-0.17029993252580908,-0.16862218886237296,0.044098855366161205,-0.5948520527516663,0.35769510324388276,0.3197579394147838,-0.14423883728191528,0.49541431497387345,-0.3300703414066838,0.22322915549360925,-0.7043772954527542,-0.008657356508434126,0.1683073379089789,-0.18728501768857353,-0.07989109410520574,0.19430711089731115,-0.3122281485035447,-0.770549181588329,0.36925035284715707,-0.6312737616420713,0.562626833012198,-1.0190554651460377,0.523658977778931,-0.046026820819531244,0.4081648887766944
0.012908612711348244,4.3874992951949086,1.69284017390628,-0.21630473709970577,-2.259229984694893,-0.03292533604245353,0.5605248034968261,0.3494132147249708,0.0015981696143599758,0.16295684537164734,-0.6516178618280513,0.3745115675192877,-0.41666758389282343,-0.3533696907632281,-0.23992406453305387,-0.4308687461205033,-0.45684146146300053,0.09066801992777648,-0.4788439714118637,-0.15362381652634644,-0.10892760107614902,-0.23668341027120027,0.6037800971178028,-0.021385151447768043,0.08233444522895508,0.16332157203670555,-0.326606479452858,-0.1991010759538669,0.0328443967522248,0.00971557724237092,0.15420251453555958,0.6953193868526086,-0.18482358648435504,-0.3022209277197368,-0.4446636929022952,0.03042734333009488,-0.2569542400075312,-0.544273097760674,0.43064274169605105,-0.1975641534290838,0.1599521214141932,-0.19255981922034585,0.4274868235510926,0.4108879374891858,0.184218051445995,-0.14103235472029732,0.6968296940659413,0.008845458986431036,0.3352448061362102,0.33082828942211995,-0.003318637157690025,-0.3039125815715403,-0.041222935153245314,-0.19258259322999127,1.1268349373584903,0.7162557181069213,-0.21515158977960888,0.4796239617068419,-0.21823744250724603,0.6761906811739682,0.36102862697519,0.7159680270010533,-0.018383510126962217,0.034881442881267,0.6324459379895991,-0.7537640169368603,0.6370018832895801,0.3628624096151904,-0.33155802637671644,0.27978439746378814,-0.006239552208799152,0.47669012123623117,-0.09306993652383863,-0.25593360723664055,0.05431242079647881,-0.2588460541010418,0.23000234297448258,0.26196215201422574,0.01815687370758658,0.04200265696707597,-0.22369278156368208,0.12877545962279863,0.482461601424179,-0.5108567479628688,0.03094658199479166,-0.4467949410841738,-0.07128731228083955,0.015818986639140324,-0.6810670809605824,-0.7494831775375131,0.37393285757707945,0.14985151727305315,0.09496076492010504,-0.2654495155050562,0.06685531200298765,-0.17512972123210163,0.08902621966836642,-0.07442036064784607,-1.0649939433108562,0.04684724550280023
0.24022121281342074,-1.0384135208983905,-3.1490521343446116,-2.617155145921541,0.24339602238396052,-0.05979567355802826,0.1048784817976063,-0.48009561886215885,-0.2410607621020636,0.7005428520800571,-0.38339506842404436,-0.5800806393133754,0.2622922235592853,0.21389985073331147,-0.27183016719329456,0.5467163677662403,-0.8121713900034905,0.09819161345873849,0.02040008313335713,0.21820254954991214,-0.44844466670075167,0.4862434153764891,0.0010638511015761013,0.5788929220467095,0.04502594148632905,0.13900603035447617,0.57820604569689,0.38334889149455875,-0.020217113961645522,-0.02059718011589382,0.09295561235640115,-0.4791718711013165,-0.061035095631524254,-0.14056170864172568,-0.510544911538623,-0.29742951900447373,0.4414456526648549,-0.2980898964447309,-0.2027968700785538,0.3202988913424599,-0.5825716849190468,0.011585491920367412,-0.1460059507541221,-0.41754306967744903,-0.842662828396374,0.17229284576260198,-0.5491262819602719,0.35312353568886484,-0.2681774444969341,0.04212294411146548,-0.12696199535110075,0.3190426721081157,-0.055899672309636335,-0.2170646943165793,0.44086777337218414,0.2096371935283016,-0.08658741372383245,-1.1696228694601436,0.3618162486240702,-0.19772621332306467,-0.42286259008890537,-0.3643879820548018,-0.6136987345035722,-0.18682842977077393,0.46323597681420065,-0.5412734803642878,-0.43249320197987395,-0.6947186644653648,0.42951410031877535,-0.09023415919495886,-0.2898567682774593,-0.09265081816821757,-0.01421587283523228,-0.09157167221926092,-0.21381147631704278,0.6515389516170446,0.5020679115616585,-0.7014762948983577,0.4177127917587036,-0.2214468059524457,-0.8102757437057547,-0.4286154387016324,-0.3484730753149598,0.09389481710624027,-0.1889175688283373,-0.161577448384522,-0.3169354832385362,0.565713903128238,0.4780453827431253,-0.7624159662524201,0.48465799300910134,0.3569315613150156,0.151542865015447,-0.1711611773956381,-0.14237990188472868,-0.22640943128497446,-0.1398614507275504,-0.2812152986722427,-1.0093422317485325,0.278707327417558
4.010477678126775,1.9438999088588003,-0.35489936524249466,-2.498718026913093,3.2887891301990693,0.04680985360348416,0.8855736970227085,0.13381549428599007,-0.6462695839128824,0.3868534574152594,-0.27997630431479087,0.2248317084616575,0.31395070131757735,0.7722325620397779,-0.02815632606534275,0.5271455321833239,-0.5659183471571919,0.21469952503587156,-0.6001178149930271,-0.21918485146038924,-0.35838129317295986,0.6122052918621899,0.10687943443190824,-0.18812282543443526,0.1899620796446349,-0.5147480597212826,-0.209072275968584,-0.6168662825408887,0.035833180314666827,-0.6722320153005419,-0.23576833395323235,0.09316997120514421,-0.1986106075368232,-0.4589237052317169,-0.07721478357159736,0.517366886335555,-1.0384407234172954,0.22026959509074298,-0.32418612879526665,-0.44651897171801946,-0.23820172868587372,0.11205322170804113,-0.005676759534248632,0.2561393114441675,-0.06031235889579857,-0.5623681969218164,-0.5800365675912186,0.26464466816533116,0.1851982482118491,0.3777029475712601,0.07490169719202178,-0.4470710108845636,0.09681995587621944,0.23702534356193414,0.2131626518854708,-0.24405105807021438,-0.043594598369721564,-0.31294809756113084,0.3371966661495951,-0.557401516547353,-0.23325115232570598,-0.816880082626825,-0.17678659290415005,0.22988761009609998,0.35748636388756877,-0.06375225066529881,-0.24081818505284544,-0.4739241300372308,-0.4837718904198909,-0.2608186043691928,-0.4190822154845396,0.7286637753550863,0.03891345759688785,-0.4812826403086734,-0.056724260161022284,0.4462419693601313,0.007452849058321218,-0.16911894566304725,0.604989809193554,-0.5477742688261718,0.6102368049475709,0.8327368921903417,-0.036851206984670634,-0.0018052636164479332,-0.11545308096739744,0.19339928682775015,-0.6424237109329638,-0.5242668270432738,-0.18160695830853452,0.5485022302098358,0.5027716208669598,-0.030770416804090442,0.6890842960621971,0.23354256445781568,-0.23753831474065715,0.28129035978709155,0.458902378593718,0.1968849633684178,-0.32924912320285643,0.026790181067883282
2.2529727865398996,2.541583509888942,2.663698791645716,0.9427002758613661,-0.5282704022151575,-0.03605094602556406,0.12348042167421618,-0.5923274652213765,0.6435199498402893,-0.0007361207223518877,0.047180192422160566,0.10367944629347325,-0.2627888625969174,-0.05744880030485627,-0.5049597330668725,-0.19355391606860722,0.22726637546553896,-0.27666817098251373,-0.06901732933875206,-0.3072917732703118,0.46889955804621836,-0.03162016134444089,1.0744247805042584,0.33009849601230506,0.32761525361811494,0.23686802214647046,-0.34430103077212215,-0.21426860470874856,-0.018860078286017,-0.5231068681333415,0.21077331662184046,-0.23117749711953045,-0.06878909116082386,-0.7842730950131036,-0.3937967151053032,-0.7582806903134799,-1.0448079398435584,0.014474475458414316,-0.681114967761872,-0.27997163596538194,0.1906460911097252,0.012495405020342467,0.6718143720900227,0.14984606717401291,0.7056813036323869,-0.6956815852875337,-0.12290757925767566,-0.592963735227524,-0.10003671767025696,0.45500780062754087,-0.1944314837752065,0.4799078797593464,-0.14006889408774445,0.46018228228203667,-0.007084441789653803,0.06922414338269826,0.03941702467326892,0.30028451917966464,0.7914053820392833,-0.7274764966909947,0.08890736823398872,0.1017565572719934,0.3602249403527223,0.7393102630388484,-0.5559263734539683,0.09312377224100048,-0.43247961454903766,-0.12799052060832822,0.2089636858512546,-0.006506947429847331,0.34772005188552985,-0.1881179595981887,0.41318868293489885,-0.07541291986785009,0.2097722042547193,0.19119285041098344,-0.028926054547408507,0.6036850040783717,0.15846732787942802,-0.27123144452426695,-0.6083803480980781,-0.5064293535539846,0.159634465750626,-0.06352194547073767,0.29851868456514435,-0.48812565111370154,-0.5927864953357127,-0.29403658806740635,0.6173115947855733,-0.38214221858838165,-0.3971747328018012,0.4441845500552494,-0.13865157787675264,0.26714864768495444,0.2487776417302894,-0.008732631886874455,0.4715188753382289,-0.36477267334626845,0.28221417829632556,0.39804092178084893
-1.0292090817273352,2.4115859144036063,-2.1610000726300584,1.6391285828142212,2.2314860895191204,-0.7374348298615261,0.38402741144232355,-0.010261053739266245,0.5034441780110516,0.43857949425427184,0.7489669346594212,0.22385274377702521,-0.49569491389779063,-0.15138518000100995,-0.12875105557081237,-0.8340603003501926,-0.6001358141608459,-1.3070973428361832,0.2493580149608864,-0.25042655289336174,-0.44683852946825947,0.6010685289002212,-0.6021594822017075,-0.6651132599513733,0.16910363821626465,0.3586682844681025,0.2820828674106814,0.6525077930551754,-0.03850603169838264,0.19340853192383456,-0.2974738450434155,-0.0038980230783990013,-0.2773297511056829,0.08251967577058592,0.5245744115257056,-0.321053471158238,-0.5375998906627999,0.6933002608014116,-0.1950088030513432,-0.41566077573691057,-0.37306193961492373,0.5580326968071856,-0.16075786314082083,-0.31711593016503226,0.6569196233754981,0.020269478558662412,-0.07627825891792518,-0.49596133902567335,-0.9672394212001094,0.6190008596731149,-0.29503430395149594,0.06310604601709914,0.5620670573599236,-0.9778722616943692,-0.3085708683789091,0.13252341197953765,-0.44849418308349115,-1.03423330641335,0.6063400457128891,-0.22048190687684766,0.14026970299106295,-0.44735073350211485,-0.1466317807954206,0.5204499151855766,1.2257009460212296,0.3253492485720415,-0.33959493550376557,-0.5143764519397234,-0.18790953009733638,-0.41427252708066137,-0.5412813318654435,0.2082238815048177,-0.06789075474898038,0.8295352430747949,0.4189054462620348,0.11574917035157536,0.4619302439844765,0.1510228758598525,0.2146749837126249,0.5787503767660042,0.116470891313366,0.669990327690054,-0.9377779087685512,0.09739496148437711,-0.12533129247074803,-0.16154460069240953,-0.049749531418402104,-0.37064676165141197,-0.4682959270410263,0.28258711285620586,-0.12799020795098112,-0.09536375932181154,0.6727263579251013,-0.35048069263268944,0.12078500668123919,0.3430002111818498,0.14990900274162097,-0.18105156517306736,-0.013129326177074125,0.5010143600508059
0.3762946496086502,-1.020364052574361,4.6347903259077325,-1.5028680921609912,3.118905352806276,-0.06232037503818556,0.5333089512804202,0.4192061172077176,0.7519566514711692,-0.003285579777264051,0.0674858715545536,-0.33425211731531923,0.7623110154689571,0.47395192841736256,-0.3453404462717174,0.04573624191888955,0.011094428217469155,-0.015737157110992363,0.01778901414061884,-0.07062924571323098,0.21349989638568156,0.06896141496679542,-0.4614829594079559,1.1049214870425126,0.0763293142103194,0.3352293267615592,-0.0933684781055672,0.19504982372913926,0.542225875145964,-0.029976279746308516,-0.30623559506552667,0.30973628839624423,0.9900285556129877,0.7685296049419154,-0.41625522803460535,-0.40020197070187663,-0.3342350380566781,-0.16055606579009463,0.026352871342185502,-0.5352681990526981,-0.13430021758453214,0.9168900315399899,-0.2277773811956171,0.623649493562224,0.09331800201937052,-0.6936743266611153,-0.09368350264150366,-0.22027804037071957,0.03149438184988898,-0.11648474994957236,0.7692946144948961,-0.2451560574564091,-0.9309582814623932,-0.6141319895627178,-0.3083704419386186,-0.4950470929674867,-0.036961234530279115,-0.22464339654052773,0.07172188835470544,0.10140984718998577,-0.4520904100041694,0.10747884656777092,-0.30839488675868987,-0.2268915618425118,0.21166285456812703,-0.08816255229890506,0.32511727621078007,0.29457205112387536,0.04182297409846246,0.4152317359967919,-1.176578426396442,0.6745172677951841,0.4670822211377265,0.7633786247035007,0.6185861054144658,-0.6610549723037699,0.40033236967416697,0.29625423520839195,-0.147201907709249,-1.1345927614927094,-0.37489738307321424,0.39020317175094243,-0.14733512128808715,-0.6397837384117409,-0.4016753035714259,0.7012267137994087,-0.2973423848649207,0.5245771742561789,0.23477359303301717,0.029073883737312865,0.16170532482090344,0.35643963775286747,0.3871066062208134,-0.2757972469768733,-0.12907861290741476,0.05317271568745407,-0.329390072816328,0.5109562170469779,-0.09707940661006877,0.2906314880032837
0.857557056670359,-0.8926862691315838,0.08053490401267077,0.9490706899569766,1.4362872007783025,0.3544978991890351,0.16793569186852003,0.2482144633241819,-0.7116390294738417,0.5764028148114321,-0.03674555065877405,-0.39827042644304106,-0.5248523184017364,-0.08182788897229794,-0.42304583540319296,-0.09169019601701657,-0.2415112618255676,0.05369929326594335,-0.13998975201879194,-0.24495081709464028,0.34249383139805556,-0.33222418020711225,-0.14815885070652454,0.23565329740475502,-0.14787444400506433,0.7177496864799421,-0.31293676704602436,0.32360264692647367,-0.0761833726358202,0.5424805610666761,-0.9489885105345547,-0.11243976630695192,-0.7477734580721922,-0.2596809913497253,0.5976786578434276,-0.23988355598916414,0.6059779130566145,0.12516472842478457,-0.4948459615184675,-0.0465645009987431,-0.7111008770346118,-0.11841627146001661,-0.6859036045831162,0.7607330448103505,-0.03303285064380248,0.42240287024854206,-0.4319995826714986,0.09432656583061354,-0.13513623487105814,0.6923381144408658,-0.5377974316287235,-0.20734163987250978,0.19838012032207752,-0.01660905120938072,-0.28563236739348297,0.14880102903017714,-0.5230739465250871,-0.26207695512785023,0.2530864166155297,-0.13999956275296294,0.16032792592844136,-0.7340066704492025,-0.2571221923261952,-0.4647870066658734,-0.270451284311387,0.15198438506045417,0.23200972312440554,0.36556906763981245,0.5957447854061574,-0.29883290815710106,-0.34265692133374587,-0.32882699928907017,-0.024832497114030242,0.5949734005046283,-0.12430503732353738,-0.46147020994713606,0.4375837135106612,-0.6049034373396698,0.533228218808509,-0.5803463803501154,-0.2315629578739404,-0.16020577119239346,0.23135529850059236,0.0008019953841236608,0.21038045214102322,-0.05663630178870739,-0.7215504147098583,0.20096431049355062,0.39744912061595145,-0.08807710918962487,-0.0038893630062230167,1.1480195194521274,0.18593525698517216,1.176653590690023,-0.4850995917484358,0.45455687030734704,-0.28433620943445315,-0.34675172695043815,-1.1675595189317514,-0.7356062367936033
0.2922128032671297,2.2964947231029926,-1.5497587349368729,2.6406682358945597,0.7624560010687845,0.18575379409401982,0.1323251236948175,0.46262674263375375,0.06018189373437211,-0.5422446217844088,1.2258453162007201,0.00507151424326126,0.14055847496280294,0.23441416900316756,0.15461733951091997,0.334869915252184,-0.13540609491346509,0.18904297915780355,0.2254184622724564,-0.5033453790756043,0.16829260862720974,0.7817477804634169,0.43994364978617656,0.22666482945819508,-0.11759764049410158,0.36466875314965386,-0.8199265908502922,-0.5668197339998636,0.039284154377572475,-0.18311700039922613,-0.10916692487069217,-0.9502345925478289,-0.4116620171131496,-0.4236140645475984,-0.056678534897601406,0.8603305194052432,0.4960085550312468,-0.10923471198139505,0.8517498374581727,-0.02329971888885392,0.2501703131554149,0.2808770048211538,0.03204175784407402,-0.2290514097794141,0.9198549919309924,0.9579806144996325,0.8044341246711799,0.8628262268579241,0.32428617208236554,-0.75577795142275,0.8059392630745007,0.3755977014669225,0.14396057199357246,0.5113151355396187,0.48896489199622123,0.6152094357287202,0.5481306076032668,0.2950026240218149,-0.0428650213321863,-0.13640876166829083,0.10246815520060545,-0.5343464675095584,-0.21301972471605293,-0.6049172001885986,-0.9477413808249562,0.0075032478768557835,0.17728553295318483,-0.44409355804920303,0.9388089242929172,-0.2898376620470937,0.01549342720831955,0.21340316919546015,-0.1269985325128396,-0.13886123444779847,0.3494526376178701,0.37892916977988733,0.37821775766697374,0.28738773655551897,-0.022970467134123814,0.7313214751303488,-0.5829019938252574,0.24543616989800107,-0.3283030226287671,-0.21401783614903758,0.02987085398979408,-0.3034876211366067,-0.24265249119562565,0.2725395547038744,-0.21482061487541848,-0.039060526790490095,0.28359217839923634,-0.10288774713919031,-1.147420871092422,-0.3782711404129477,-0.2204044641609824,0.42916414163075123,0.4551435397513703,-0.13991118548313053,-0.10144420065851892,0.0739006026644055
0.9998770847550316,0.24150532426497606,1.8726081914197534,-0.9414629796826357,-1.13657086354443,0.1904883315213003,-0.07117863754837232,-0.2230596074421448,-0.7754868331772524,-0.38007632117845075,-0.42690749143406126,0.10826281061827218,-1.0346900627428042,0.14899739499588371,0.32163025081674856,0.09009077304162035,-0.32553388174845566,0.07731302387373888,-0.7470154830258665,0.13260579468444056,-0.3063563857069935,-0.18972179319971427,-0.49326204481087316,-0.031851335199535466,-0.3192709433796284,-0.2792173609242388,0.05825573876039967,-0.3480657361026925,-0.6824071099023198,0.09448443062020649,-0.09457478738059502,-0.5001917971310041,0.02170956310342164,-0.7660596887170771,0.36940939595462363,0.05154489475966922,0.48551487018498746,-0.2651020516375669,-0.05988022726683597,0.4639092797621878,0.4690589208415481,-0.4059732646584706,0.024579733850825885,-0.3192709383061321,-0.34043836848993264,-0.13635937634227588,-0.16166201634550018,0.02117449629952798,-0.36567978476006613,-0.28401948929200366,-0.1877710434278407,0.27424244376026596,0.05350450354698924,0.048688959085377244,0.3606510752468058,-0.6348065616757734,0.1362604998399202,-0.4814408749773593,-0.675494261325574,-0.4353833070792637,-0.2833046065268907,0.2032594229405048,0.31384099761091205,-0.624083069163681,0.6890623320069327,-0.5227190314471774,0.33285247527167616,-0.5421692114892432,-0.41125265909140624,-0.399186921373007,-0.5944962666003081,0.08616784050957715,0.6396255888808234,-0.5215478615337077,-0.4553127597269315,0.30892704818591515,-0.12109204481037857,0.47018606962587495,0.33995332784216037,0.4444569700852392,0.45893636314481995,-0.1697590626694856,0.4835522686011053,-0.2360847672799911,0.21086443283460987,0.37277342142670283,-0.2507200256150926,-0.9802482022553196,0.5046182826840853,0.3608055642304712,-0.1909308765401979,-0.9076175823307371,-0.5389775035141456,-0.4037637980083084,0.14632477623734658,0.8154277680658994,0.23559740040183302,0.661580150287421,-0.7104073774212057,0.3413673479339272
0.5802200944884893,-0.7270228555508296,1.12922602554669,0.3186198923314207,0.8087624975249883,-0.3508727321307191,-0.17034176234073822,-0.02121759342020689,-0.002879321162541213,-0.13017517900778,0.2446602779030824,-0.17841423669100873,-0.27712009280457944,-0.6951555981790408,-0.6794570247787428,-0.32118707217159886,0.06374144873111566,0.9637226839142122,-0.1977828044126442,0.6001798405519784,0.7024564249846015,-0.6562215984781677,0.10766215715972977,0.02356777665285608,0.7595324790998985,-0.05855604163587568,0.07560957934049749,0.7304353414558283,-0.23651675475315354,0.018699110283390587,-0.157918929082587,0.6208486685453248,0.9524092704390561,-0.7179283920314006,0.43308424430740705,0.3403881309481649,-0.3377295465730321,-0.42321094923584646,-0.2757963137365946,0.21327460335395224,-0.45010755744468184,-0.04079907795155962,0.274074903759462,-0.5934999989180728,-0.24115915163651663,0.2838156224609724,0.44781859076952074,0.7830348401831583,0.13254467180291643,-0.03367746709298653,0.6568956273112584,0.04551452251238034,0.4628723442126679,-0.6177582286522659,0.1983301937445254,0.4377861311640237,0.042995852756082906,-0.4942310806543,0.8608276673007005,0.4275221909695749,-0.2211514521044242,0.02441052719954298,0.1201512885569682,-0.7795233567552955,-0.022675709477868643,0.14678090781527678,0.4810679068522925,-0.38686268682333863,-0.11091354375266074,-0.0618233570548871,0.4638884859431553,-0.05185499926437354,-0.6863189634850934,0.620331670395169,0.4335777149354457,0.38065078109359146,0.04187914603010331,0.46729709778674083,0.0368626901022934,-0.6802409420751103,0.24632352957848996,-0.2532952554840719,1.0626642342384458,-0.061080386661960154,0.367548473163173,-0.4490538994822799,-0.10202785171580574,0.12726321064811374,-0.3003560624303506,0.09359755380363048,-0.09508991936193918,0.25783158897825376,-0.07073430881255464,-0.5444068864234992,0.16856147535717148,0.35755336100907587,0.499628492055073,-0.8926652063549831,0.4727000425484013,-0.24574512049734015
1.4230913939036431,-3.599748794614424,-0.5670912141521232,3.99704891232353,3.676404249623036,-0.44711995827747153,0.29181611088987663,0.25603038522676624,0.03218094882327047,-0.115746337288021,0.8011542888797653,-0.2552378077801341,0.29909129762574005,0.6510023744613029,0.41777622890071875,0.7625335604506589,-0.04799552152809618,0.5823788368437415,-0.33882861872559444,0.15335512089039108,-0.5552093386909821,-0.1284282267910769,-0.1784179530932562,-0.5327490614864693,0.49562245152942136,-0.862959833861034,-0.47372531638785476,0.08463390610101121,0.4789135720965776,-0.6099258072828512,0.6501438854334864,-0.24061363226252175,-0.39813677867667596,-0.3582208146925283,-0.13510687268363303,-0.02359177955422966,-0.07668905200016585,-0.27902410535395833,-0.3738770020979268,0.05116085107085499,0.3251881566833536,-0.9502540396679181,0.7596942920851516,-0.2903737448965321,0.2794414414138714,-0.10639982674670605,-0.8183273533551172,0.1409553068928807,1.0233954630810351,-0.022131130959830374,1.098599372414055,-0.5912552626674924,0.22066636163014705,0.2613802487571682,-0.20091126974523354,-0.31056913597226427,-0.7086740211232131,0.11035283074728101,-0.519586547893361,-0.7681387065824006,0.4705532274019888,0.20646774884629368,-0.5963468434085131,-0.27680803639042373,0.27987293400633206,0.560198421359184,0.3773387236615084,0.6304706122733597,0.34883118816536685,-0.4065326043096766,-0.11513268011990276,-0.027132386450958848,0.14421841853897902,-0.2912669765580382,-0.28783455489875087,-0.5913714542640106,0.5898828812989431,-0.17337791202070293,0.3122132294429698,-0.6208838752505498,-0.21358713742388313,-0.01365151826800369,0.28408373791204655,0.08560483703972223,-0.3510413072061166,0.16440806546515416,0.8624505944288333,0.35251852005355083,-0.8386775855789154,-0.771168502541659,0.22578827661498224,-0.04725063830785928,-0.07682614989068892,0.27063855298620826,0.025945207300890165,-0.5336388982606729,-0.1141280304237307,0.015882434851388922,0.49040514223142906,-0.4022528860255156
-1.2669630644154906,-1.3306569705751559,-2.870285906481966,2.0042928700633587,-0.5196992440658141,0.027975797038798142,0.004297585796854307,-0.10910257475669202,-0.4004889800031403,-0.0024092963802676806,0.4802404712357696,0.32660507297086316,0.8730164381420396,0.6751535594664169,0.597461626049855,-0.3546817441439531,0.2691921467970319,0.3230261859971828,0.6045898636646979,0.21379497330308464,-0.37710566134584494,0.6224873321459463,0.5747988542944319,0.9254016631512055,-0.24282420791021533,-0.14133965378588806,-0.3868321674278007,-0.4286483394632071,-0.01047879416622527,-0.8150960207693663,-0.05892360491507044,0.10183042447099908,-0.9938107210006074,-0.08529122543422149,-0.3184990000440215,0.09754278258183559,-0.1464392349936386,0.2758408756771152,-0.11168932770347818,-0.6280939599511286,0.4679587000427431,-0.1352450587589995,-1.0378096302747561,0.23296009113086524,0.6246161923699721,-0.13951545202389187,0.8941018940645236,-0.5519970326837911,-0.19082216139773903,0.04579433914722761,-0.40157583592770735,-0.04891066067062356,0.20794131591630943,-0.1226769177989051,0.18205005221117085,0.7006397251844936,-0.4795166318099033,-0.16421070097356005,-0.22429362327367502,-0.5083123303041216,0.6296590201543377,-0.3460449169958414,0.3467157252584484,0.35327834955659215,0.3586688346969644,0.10252189503977502,-0.26492911670234615,-0.3872588751890204,-0.03222901498198238,0.7412425550893191,-0.44795014560652313,0.06465012631813151,0.6340948286178774,-0.16175502200441483,-0.14019728539702428,0.3626138541092615,-0.6012936398488391,-0.1414996025501011,0.2964851194555439,0.35538274248845036,-0.025329499804954685,0.6310017281030166,0.07071434559930694,0.0033904010220686944,0.23587086195909004,1.2660501045738062,0.13171799242477908,0.08645274148772276,0.07511708429166322,0.12309633225362968,0.46079329297582833,0.4146219543129887,0.17680373902465513,0.45851486446883394,0.14494807521593886,0.7576468095491682,0.2622299764007688,-0.19522342341532728,0.20611411138296498,-0.09518799230518282
-1.3504897710624735,2.9339233328463434,-0.09748749983472027,-2.4364952091322487,-2.9199807755669744,0.26114127591437736,0.10432627050976938,-0.0380541100052076,-0.5358696768914684,0.004497336355234838,0.06732473653606752,-0.06755512811784836,1.1428015890800063,-0.12029382828325078,0.22018792315429045,-0.1537653997769195,0.43846107064156825,-0.1386110820789321,0.16549062418409033,-0.2359995521284395,0.5029839476089004,0.7105975884884868,-0.37546235516054954,-0.5067745467813384,0.6923681722981067,-0.5662651070075354,-0.5825570480703747,0.44869129914878103,-0.313349863288371,-0.6253200215757206,0.13756570261842566,0.17117130710840703,0.5099584535011711,0.0003120804263685495,-0.14714026436889976,-0.4323308217328822,0.4563521174257151,0.394339662837783,-0.5735280124313932,-0.11083640704372724,-0.6243786031168942,0.3860601309746006,0.12873738220578035,0.11619624531307618,0.32367078140263206,0.01712059543930161,0.4062170947569903,-0.2771020311353437,1.000320783635576,0.5861458147912775,-0.7736771382554903,0.0925253551963686,0.24273379760683844,-0.14840055902080995,0.22297583938584395,-0.11876800152710874,-0.9993822581510463,-0.33630746515581744,0.05836479986952196,-0.02182936588101419,0.22264185195687541,-0.0033500929209426184,-0.13961052770083518,-0.021918949275555173,-0.23258538527361217,-0.6455375930321118,0.1433743601482686,-0.3358182022035241,1.1145627498592026,-0.1697739374014671,0.23687961277739214,-0.41454725647036833,0.9999203755474393,-0.7305852555046825,0.37618813541775176,-0.3317956457248951,0.634558680168245,0.3606345197506896,0.16289270115767318,0.30296441647822386,-0.27499872025176086,-0.2010834657196221,-0.8195769524389465,-0.06508949915784767,-0.6079702784200315,0.2959645030651641,0.044721053551909855,0.3346526913290057,-0.1191397487563238,-0.9445224692008737,0.9637398348581755,0.399297347816364,-0.5936576927397126,0.16472050769317984,-0.3248226415815097,0.7587456517742559,0.39882795326141407,-0.03580472466380597,0.14694561165663622,0.44736491726138305
-1.5178083244517584,3.775772011437006,-3.0833051331210486,0.6714754059128017,-3.404413823404271,0.7206882107425812,-0.3933741403469368,0.8356903788652964,-0.8238667692548198,-0.5065968464712535,-0.6136432179986088,-0.022715596465845027,0.6646954294992439,-0.6626299508356632,-0.3577818422280372,-0.3851901701041568,-0.004823691715132457,0.6247376043602806,0.07548484133809229,0.33224972976538203,1.226331208732139,0.25873802501847026,-0.809386991692012,-0.012325628894606665,0.6270144651280357,-0.38777314414154285,-0.018809148089123966,0.5032387533883406,-0.17269958617055867,0.19708614519474363,-0.8832170874322112,0.9633705119209361,0.8305450454996021,0.3162304367813357,0.8936845706889089,0.5185932898465783,-0.3672423221122042,0.350213982068205,0.12023468360697771,0.2230241114248894,0.24187007052829093,0.6358252508168303,0.3082646542353896,0.13225066143236516,-0.526863247601519,-0.5708760215967963,0.3126139139685284,0.41456358890959955,0.18482239085417984,-0.31312707271544904,0.700270902163956,1.4880870272368585,0.1524757428338074,-0.10635934884081569,0.035472148428105275,-0.8051755061948032,0.18796479088891777,-0.29990247412876325,-0.5422425417638055,-0.21066690883925848,-0.35175470017450156,-0.38437549114578,-0.2442854804290547,-0.3350779637784733,0.4330966406101097,0.18525377960681344,-0.20655439978527845,0.5579912964379093,-0.39204782731300036,0.09355961807334841,-0.13024900625973768,0.04718811808121296,-1.0113904475793531,-0.17903546643902274,-0.07983978498273274,0.7073122986440714,0.5323922487353691,0.5406978166425785,-0.09476994746470865,0.37832422673429345,0.17884347307422918,-0.6009158188079171,0.21796374401788332,0.009700147715331526,-0.9102197173864471,0.002567916072409607,0.3629868653387083,-0.8700097928351191,-0.4690026413348368,-0.27823540923417095,0.9402779035708386,-0.4341878951996731,0.62262969995773,-0.4003980147504449,0.05008708186577601,0.700253311772025,-0.4693447000772666,-1.0525204074714836,0.28783507144695175,-0.6619760938897495
2.4068090170617435,0.45540670229035884,2.238168605328613,-0.19425143746313878,2.876712617237972,0.12499750254303002,0.08103377383878324,0.6628283732593951,-0.8150634533988402,0.1972285535766106,0.1323959042445936,0.35587001322339173,0.07601436792545968,-0.1404568269107585,0.18925189547296903,-0.41802634302023234,0.15762213364989366,0.611734724973909,-0.08258139836098828,0.16514695896878734,0.1588650705493782,0.9436480092621594,-0.006077075103883875,-0.48331655331379386,-0.3459279894520572,-0.3915488077662553,0.7152163101654154,-0.09124665918365535,0.07253147008622472,0.5391915271677433,0.12720230934559645,0.678777331546908,-1.1200447344179925,0.04195277461875849,0.2937047282463085,0.2369416495471284,0.172414597195836,-0.38800330302570246,-0.2696733826881904,-0.4516528782665272,0.5266071551851945,-0.736285880110009,0.6639864247464687,0.1253357171145133,-0.09461831880719304,-0.1468545804439168,-0.5108642687382247,-0.7164781453645346,-0.19561448103712561,-0.4121169427470265,-0.6422904840586072,-0.19626342843792471,-0.3711320548030804,0.27203923522049595,-0.29425117383123023,-0.09147914362913845,0.033746000838806925,-0.08154000660439044,0.3791185617328829,-0.09699562686782771,-0.08131181470400732,-0.5348086700164654,0.16457928143811598,0.1131043583469401,-0.6459285680183258,-0.1655532095525149,-0.032663207155864335,-0.32111369842260135,0.3350026645178039,0.32276129858199104,-0.11023714332173383,-0.41658646696044915,-0.1543447402191788,-0.13761601357929606,0.6428446240989784,-0.1849363686404397,-0.569655451778969,-0.8309952118448143,-0.7928113437755607,0.4490369814204435,-0.24758469481947454,0.2545344113622794,0.09778509204454135,0.2345232062623309,-0.15206105346078425,-0.19851550543874008,1.3659137787606737,0.03002753923947334,0.18085368974475943,0.027096939996100525,-1.33329983143776,-0.02329582076958081,0.36012297284879097,0.12495640204452448,-0.08420455539119498,0.11557878573095484,-0.17101474596403354,-0.41968277115320063,-0.5816680135274879,-0.33777436831036023
-2.5865910170880007,0.5518076115421965,4.224929609537787,1.935983193560498,-0.18815625590087584,0.13643680795218008,0.3514894051606944,0.5413528664183106,0.44254568798748056,0.1462286660030133,-0.07341677211072956,0.21030556338940393,-0.23396879834484463,0.03498676326479323,0.43865723202787243,-0.3881221101040238,0.5879758578825681,-0.09070915240205756,0.1163763254630431,-0.23506900017446367,-0.27783604097212733,0.8825159547557968,0.05810534947549933,0.36452706144916613,-0.6143965509468368,-0.9533175607019542,-0.6589334598919616,0.3833494130414742,1.01700792103335,-0.30895223492211127,0.3750434511337259,0.006927920466736945,-0.2708723860368498,0.169781834255362,-1.403296394011114,0.45836651001102663,-0.5635777386064876,-0.012929224657491224,-0.12273800337036603,-0.7949159277679332,0.6239540846585565,-0.08089337244677038,0.0317908299055792,0.8266799463020554,-0.05034577132270025,0.4841237557335994,-0.17382776862504973,-0.47117096878967457,-0.3892227941407779,-0.3143788960982952,0.0050248023065897415,0.3863210638636846,0.7209390068415397,0.602002313349168,-0.6385014707394893,0.19415748897585738,-0.0030755575451558125,-0.3029581097797268,0.6205971927313387,0.3690625653887585,0.48997080019563904,-0.28895392850768115,-0.4099779313394072,0.37190555426671457,-0.7409538805103587,0.2522165923458547,-0.11606379684869375,0.3323325177684473,0.03812695668942162,-0.5189356413605469,-0.7423795888876195,-0.048368557759892426,-0.03961842588675139,0.0056263574283154025,-0.2693083961678611,-0.5012257714975349,-0.36282191424500915,-0.023148386479867788,0.6095853369708139,0.14213295239127358,-0.24420875644601364,0.43077531288219334,-0.7674032382198865,0.3479207656110363,-0.007565369472475475,-0.5377245662108504,-0.08391052606114444,-0.39714961121010517,-0.6909238262900288,-0.39998766818029124,0.7097511549936681,-0.20142014640264955,-0.04188186112805122,-0.40596056866019187,-0.22213756030591927,-0.17721645936884475,0.4583225931103608,0.26584599279914756,-0.7103898194211421,0.8747455837915007
2.488771802684882,-0.14931580812883297,0.22292313367915295,2.5472091841476345,-1.1102038044891744,-0.5167734206924154,-0.27756454702656236,0.13284604721839147,-1.0884044891832114,-0.01507938218545379,0.4269185376079164,-0.3108245304860206,0.08704251356620853,-0.17268941743256025,0.06816366637520813,0.27183788541661796,-0.6104755219316068,-0.4333808008585653,-0.2601487481414788,-0.02900823240601456,-1.1109461731501786,-0.5037088952535399,0.7550174201918056,0.20610047148013774,-0.6474630919639607,0.28386015750075655,0.8064200154739494,0.5387088629889194,-0.5165188663601561,-0.28830288387462105,0.3436652171593259,0.5575114154600903,0.47413078486984916,-0.038720477246110344,-0.5090765565018529,0.04334658606752925,0.19322373261365067,-0.9426607986878137,0.2722984417971147,0.7354163970576171,0.3317339962866977,0.1828981892219162,-0.3463038057032636,1.0384805897507057,0.02470933550976814,0.5477492188140004,-0.30347033618917935,-0.09999595626694929,0.9527645169900664,0.8657216190505047,0.04589200908402921,-0.5925650982301867,-0.5125086832934806,-0.29775138089128217,0.04827572299994759,-0.05951523270938477,0.11130647274732447,-0.034974179231474264,0.35169146705055826,-0.029420459814420066,0.020093370018638486,-0.266461261510102,-0.16339461215264203,0.29260858933330275,0.4707390619141284,-0.9309174444900451,0.3403943589689598,-0.4179589954145313,-0.12233039038211771,0.5430983913708007,-0.3353452312089808,-0.03384405456901314,-0.5178028270765205,0.02383615944826071,-0.24029459779050522,0.5653767017499399,0.24272884203183467,0.1190125822208985,-0.7538275341254221,0.4507657340861584,0.154428439814794,0.26221434485233336,-0.4379877802898734,-0.1052360017887089,0.0646955684965213,-0.2845952987082054,0.3431543507530071,0.3765462178022067,0.5201854220116215,0.2724891770244203,0.6942944565123177,0.02430888429489645,0.20723257898370712,0.10761354394896752,0.5307186524601283,-0.1821819099954343,-0.14416822930121848,0.5812415243582566,-0.42179424047057734,0.3475713116607576
-1.806032387892611,2.32194780759251,1.5350589102525645,-1.3319796275614604,0.21066190964393125,0.431994795555915,-0.2887882874299953,-0.25093249441056964,0.0859064105219646,0.4770523638948603,0.03325826320494959,0.7758096475750447,-0.23316328654989343,0.6024139059829458,-0.9614954216943149,-0.323565476195103,1.318434434382318,0.21402087099253647,0.05758244262601107,0.9956590641484285,-0.08480348762579955,0.30607441005954034,-0.4801477308148649,0.5695790631448953,0.01606811129034661,-0.2624667021625069,-0.08696406994447926,-0.5714584047349057,0.10235979968226112,-0.04909053122482994,0.3689869105463716,-0.39685918992253355,0.044003789490998944,0.0009879588459613885,0.3442445165551154,0.030919339100397254,0.4663746285116427,-0.2583200972057794,0.508053700201249,0.325661109991483,0.3873518220741854,-0.7471376955726627,-0.4749895520396574,-0.3378810280138448,-0.3554888999255274,-0.3812646901587314,-0.07428982122997443,-0.16770859151053058,-0.20471670330669192,0.4449937674664706,0.09100439638429472,-0.0033711216516376066,-0.4490979668591834,-0.13589586484715066,0.17864455304742463,0.5881831599696663,0.041281795157554334,0.7663291481774275,0.20076884172704382,0.7023720476749331,-0.08867142439080643,0.45295774759779917,0.4126933841338619,0.06709188943788344,-0.3531834591375648,0.04076537650982015,0.09530050277550497,-0.04749882170860612,-0.33411345164682676,0.693344224360521,-0.119285548017746,0.07994888376920854,-0.8619943963099013,-0.5946452356697874,0.29587804000551055,-0.18225252802315256,-0.6481676984560103,0.22161626666011508,0.3225503965310643,-0.35058460795674484,0.16943792636248828,-0.6348584490766607,0.25397463699561895,-0.2273599167844269,0.11916699895201929,-0.6527175724854952,0.15908544889214937,-0.1628032251793356,-0.18237800078240812,0.29751767883138147,0.2173200277939817,-0.17313225970060858,0.544278571079244,-0.35779553498244643,0.01493104980697734,-0.2069772004071988,0.8577251169844117,0.22358120561731357,-0.752157660229642,0.18056991373969994
-0.9983278217729028,-4.044938386316687,-0.8035052449125317,0.730262500823587,-0.7709950530434364,-0.18628732066678716,0.4543293759944117,-0.12670752826167564,0.6245810709214709,0.18771420098853525,0.2719074481523887,-0.15131323995447685,0.21144464575817992,-1.0478173549497696,-0.37135333522773817,-0.5716387477570153,0.1333763301334872,-0.14033374717317196,0.6421499204084473,0.24948673337711078,0.008131668532321612,0.5094074906399424,0.28528357772098606,-0.911794119767556,-0.5258899143253376,0.023820192644953997,0.2226115770174672,-0.006990666662032356,-0.3873737391683922,-0.14897035601276393,-0.4443629387207168,0.35851626581699997,-1.0159620367929232,-0.8375093395155823,-0.14579631987102687,-1.131670346058738,-0.3929852022799109,0.08216007456898218,0.18840741184141083,-0.5750773316622045,0.08554751930224253,-0.6274012606318186,0.3212960296560873,-0.012027039003815614,-0.1426251809806905,0.765141701316938,0.30469648065253535,-0.40358341195940844,-0.03280646031241119,-0.6331070155310438,0.3671625262605093,-0.43975882201324273,0.11260506295239947,-0.03425868915429806,-0.5739249553136402,-0.30032127663367286,0.11993169891002482,0.6719347442469954,-0.37367327227102276,-0.07878376357310471,0.17131727795233798,-0.14233170189972408,-0.5554093498725264,0.7033872053576021,0.28037623972549,-0.6280529096380477,-0.5934411725024457,0.13268115376968104,-0.40301777672429007,-0.11659501885468171,0.3988542023582386,-0.12432095422696385,-0.4797220026317631,-0.29431898685088137,0.6594791608223748,0.08736060328526496,-0.027473409272770775,-0.3818473224081943,0.08500577537007238,0.24552845765295866,0.5264565525791538,-0.18302983495319702,0.3873069020512944,-0.39405010689280323,0.8564114883185013,0.17681573447311524,0.23983702626786604,-0.04864675341778455,0.27075077969903205,0.49854345899272284,0.7319679004624875,0.8947134385229407,0.8392478954897887,-0.5898224764037575,-1.1783959934430628,-0.10519819098292274,-0.030586570389553494,-0.3726096857410613,-0.3363515910981495,0.6117264217058824
-3.819217050145344,1.1616180529624298,1.3568543671512412,1.1580814188702475,-0.25792065255795593,-0.3524787552140716,-0.434910395808071,-0.4277237077340869,0.4244625999062481,-0.04731355970473239,0.05226766100463052,0.4373946998666701,0.7966033551760008,0.305382166208073,-0.3662250586130153,0.05657393061759993,-0.16049295112041356,-0.25954958215625107,-0.7631720703129327,-0.22768879717534485,0.20881478070407156,-0.05267045973967772,0.2906764710979768,0.07486598090752535,0.5684262451580487,0.10482852290480822,-0.1155172458950461,0.24505247392567195,0.6640386164368643,-0.5495002629481198,-0.518384927039321,0.7439303655759676,-0.25829324605874704,0.2691941927572049,0.12584314550557008,-0.11843323479909987,-0.525180769570914,-0.48574695702110543,1.5020323141005245,0.08367918070772266,-0.22483270753976559,-0.586763011946081,0.12607970869057594,-0.14007431367882742,0.47733480695070024,-0.10652076625593222,0.8637377294203652,-0.4321824624458585,0.007210352772917184,-0.018328582577165065,-0.49704036698610105,0.5570549004843289,0.06795883141022716,0.6843834652311965,-1.2522550626378235,0.5188934386990351,-0.32540574262700617,0.4618853565734413,-0.4980055728284671,0.5259554684162598,0.009926535023735824,0.1887414772916207,0.6391044822158463,-0.43929742799754395,0.3858448593179868,0.3795701379544601,0.3003002577626359,-0.10725468085616056,-0.3037491558889179,-0.1976988942936949,0.31941589464809544,-0.2058414955011166,-0.15827978277700813,0.11140815902660467,-0.3265436114926461,0.38174983921096467,0.23900077836308792,-0.26430934804225326,0.21469972668261553,-0.1324633551700753,-0.36700135797617983,-0.238592993747199,0.8020786473478068,-0.12273674203745445,-0.27691567001450446,0.04245034436670099,-0.042934271685068054,-0.01913318352534985,0.660252309250471,-0.27575938822560003,0.12349807760254358,0.669584347931555,0.3023520695498172,0.5652083957362705,-0.19631494387770143,-0.1136783621798014,0.7049508538756963,0.5149429309027846,0.4507484601967034,0.1971731680601616
-1.9725089991009825,-1.9704520987735248,0.6417709645508182,3.6305993714108302,-0.11918951942437994,0.35494619512169195,-0.5666786079137444,-0.16055958917384158,0.25471308877234805,-0.5325141956996182,-0.2805386617488266,-0.20052307537567016,0.3025011810198551,-0.19948029739473844,0.4066494803726452,-0.2594018911489626,-0.6674791692431765,0.15146255916652018,0.05323021588584566,0.43555775072259934,0.480467351617114,1.0121565597580053,-0.4645769626496343,0.37118359582283456,0.3888204307564217,-0.27115888014485956,0.21913026584427034,-0.0940435547214887,-0.19980938911014873,-0.028626918060130242,-0.2028322884238257,-0.4560224667038207,0.2915355450310546,0.1675779000052827,0.48810917884626526,0.18520951331810753,-0.007782959153231517,-0.0769279710715098,-0.6556966736712402,0.22248405812611238,0.7977309272680587,0.4816057317331731,0.12364729636386514,-0.22905613857511095,0.39586305101719205,-0.008439579976966443,-0.1205272621992493,0.057806633065394596,0.39346575818117924,-1.1273535231907974,0.6062798841417122,-0.317660184505954,0.09631033877119786,-0.578470410557074,-0.23731369279602046,-0.49901497332932404,0.37551915624423243,1.0933274752471236,-0.20124338769273642,-0.06582573787949947,0.7615769811908651,0.3913797434194035,-0.3483562415252337,-0.08580262256986665,-0.34873443351080363,-0.36145445512514013,-0.021613632536240334,0.37870009006885347,1.183368487299841,0.03753258988647866,-0.20191470155500743,-0.4797798474778759,1.1144322516569425,0.14302283999139814,-0.7295349615955377,-0.11948719004686971,0.8470776084025116,0.049851724842797186,-0.04709090689076934,-0.24334709629781684,-0.5243813173509524,-0.24600290889272933,0.20192186835928158,0.7058888920537241,0.8173967047795936,-0.03688542710776829,0.04915650701427322,-0.2732256197498534,0.24902948924158433,-0.5623780343193959,-0.41816319962522275,-0.15801470926871616,-0.24723571428670285,-0.37727313252002176,-0.4929179756968791,-0.1633718668552321,-0.6612431142815354,0.47869574368317125,-0.618834205753696,-0.10529517379393709
-0.16519638401554088,2.4333468394873616,-3.6278461064665395,0.09660578281414489,2.185953199315766,0.3439387282123123,0.6460680690583336,0.5109992409912023,-0.5308100195859247,0.29196846419369055,0.8045996594699729,0.18979735430851846,0.8018068706318172,0.018896621300812416,-0.33758660597270124,0.8402692675047738,-0.19362254085220018,-0.04781733897628079,0.41221889443748044,-0.11345553821361261,-0.16608592931598506,-0.1047213899278483,0.6052626823100837,0.15155050873570858,-0.643475492651607,0.4030707536587244,0.17900927582775156,0.36235139525042626,-0.2598538398954526,0.7065234225492342,0.361983488519156,-0.39910714917546003,-0.11964678674269077,0.2991529099424285,-0.2507126012768271,-0.4003512309858762,0.17836711899586635,0.6847608102383874,0.4785560746327575,0.35857296605979966,-0.09583781817872174,-0.07117251468159363,0.9300289541730443,-0.15364277281556127,0.010656517849470758,-0.4016897678363703,0.22073001232331785,-0.10146040564545449,-0.16598852402874664,0.07891823824953313,0.12246052135450175,0.35329202017878303,0.01745719501023047,-0.3416372530531906,-0.7734348868469294,0.18349191188249003,0.7753823085440399,-0.014529462172621023,-0.26991003967590876,-0.2917198838041387,-0.01801736486608026,-0.1296525480056288,0.1998134451627876,-0.3913112926062616,-0.4117301398513473,-0.47425416712827606,0.02540080150437042,0.6518843487499681,-0.10949106416153644,0.09185134161579286,-0.8928795186413695,-0.7921714817120442,1.0341261610784864,0.3979824764805819,0.10789763124405866,0.6821616272236917,-0.3887164866699308,0.12561699484123034,0.9187197553558215,0.9302126663044722,-0.5224013803930377,0.09632907011918095,-0.41522566444046294,0.08404812485147502,-0.68510921271834,-0.030983491575082928,-0.3625577081782698,0.3139436983573442,0.683315660920871,-0.8676577923961555,0.3346215008582329,0.08178452558701792,0.09896387893893072,-0.05759661760396695,0.0913171493642815,-0.15145653894139308,0.16936742959638612,0.34215110551277905,0.5400003712162036,0.23031599841466557
-2.3616018851599723,-0.6040781322154973,-0.0527913094290694,3.298738533202729,2.072108228348089,-0.0829567661613927,0.19749663027640765,0.28784212304187434,-0.6010377102380261,0.8198955053145327,-0.17731632743842837,0.8663252209990133,-0.7792998533877069,0.18010738997705616,0.12306209984880731,0.16465229931620723,0.24973940606708364,0.012769375351626545,0.5459021701597578,0.8457862614018492,0.9176085992596604,0.1905295042092863,-0.054369283621023376,-0.4187172658649468,-0.21651947376786196,-0.5765205344293045,-0.545416138766866,0.6562634556758967,-0.26354987683062325,0.021617130217616496,0.32388297846739655,-0.2114393247718769,-0.17457352519474725,0.12383865607205029,-0.2846075154853452,0.659293646610654,-0.5408251647332878,0.3768081174606439,-0.27381830944403446,-0.06613864366180026,0.3474025231161315,0.38251581824846853,-0.3149927095875363,-0.314546823063164,-0.09195219945299477,0.5389834592967249,-0.7815419315144362,0.4582187731995205,0.02398923880134639,-0.5795631890027667,0.19153422659153857,0.4962076506818941,-0.12481811643668798,-0.06814006123906861,-0.7333710354784694,0.0709406329879527,1.0481198162948704,0.3100085457391368,-0.07953407144732769,-0.5745584623123917,-0.015851873990409753,0.31425198288051376,-0.1827656251576081,-0.5322425826797269,-0.058940594997352345,-0.4160832777895365,0.8105667504405739,-0.44121708024075157,0.1990352517672545,0.03465052436149396,-0.06770501864427686,0.297069722887436,-0.9761255895986214,-0.44024242047100975,-0.2574429476734579,0.26971924139434095,-0.23519938378979802,-0.14525982044535887,-0.780889646793359,0.04314415931960955,-0.22453936018200946,-0.9591356441981331,-0.155451844895003,-0.21244769267923835,-0.28008297656549275,0.12902924754475767,0.22782014530798256,-0.5259677111906108,0.34245674034006085,-0.16944670736536646,0.3221901459426177,0.22870747691089804,-0.37087911547613556,-0.3046149645599227,0.27181664539430395,-1.7122878816649574,0.04340179338386757,0.3431751113648163,0.4087316982459251,0.38752857897000975
2.8837731302120897,2.0448088431411766,-1.3731528989214747,0.6552482471560177,-1.0044869506463074,-1.0129079890891164,0.3251216970883898,-0.008631125555391887,-0.6284551497376225,-0.40453930846028674,-0.4296405378636329,0.6046565323166225,-0.3665310940875744,-0.17867931422633787,0.48455871344216217,-0.10197835501278565,0.6368539857456483,-0.3909909249368074,-0.01890043109482989,-0.23098361162177058,-0.8434708076522761,-0.3761337674429215,-0.1315821506065955,0.29898457805201967,-0.25801471288789624,0.07320496741064549,0.48460896166720163,0.050594009048232795,-0.09303327224140494,0.6283747906344506,-0.608807779333293,0.346445874279925,-0.36688222156371597,0.12394945941567971,0.6863232904052905,-0.06743984897249883,0.19282343933781054,-0.5440858457838277,-0.08529679506416349,-1.117014683428236,0.019381129413173808,0.1162611000423696,0.17188634714891615,-0.24667739443471864,0.5112294599265789,-0.5954495471415663,-0.20267754417777395,0.21741460431555545,1.0095279850837886,0.22565841211872778,0.514490176849085,-0.26340598825668265,0.2848732353886215,-0.08107929538303392,0.1760129394732339,-0.28840312238217786,-0.1353911372603324,0.292806144235194,0.005208739789240495,-0.6292607071309253,-0.37741695115176693,-0.6118985529112307,-0.43797354313162684,0.23832688939506327,0.3372783914271495,-0.010530645790406822,0.06957082718486383,0.3063875285198594,-0.7202282923355271,0.38044822925035554,-0.5670120361827686,0.4032262223572063,0.01099570259510691,0.12500251323387568,-0.23575696785450934,-0.28306231409191074,-0.04331841847163023,0.07146266224176628,0.6953850339633273,-0.19216107386109604,1.0670466695832348,-0.2652786215640057,1.0007856967424307,0.33768000492694866,-0.3408886002522022,-0.1548809633424416,-0.15375579635528538,-0.5245071391748435,-0.30923682166279715,-0.3531113575156023,-0.7327067258262682,-0.2398465640006359,0.17072211748427382,0.10064133258621143,0.11474085853557628,0.5482048398264054,-0.17688228986274968,-0.5994416734055408,1.1034752483412311,0.5498540721533552
0.8974426380104465,-0.15036144659957132,3.713353738222811,-1.8341117237156708,-3.3610543057603723,0.6857430705303913,-0.45663564400910933,-0.21075344791161604,0.6820247566114724,-0.29912858047796936,0.8522339039771425,0.44217640909709116,-0.2046854999226064,-0.7271772342538823,0.39035579251328895,-1.1787746495737321,0.15396297579601606,0.21705967118298847,0.08034216150409418,-0.40356485825360955,0.21421657391196078,-0.9733988251898066,0.10407812134426214,0.1268590188627597,1.0271105911962388,0.7460200318359302,-1.3791918279184936,0.22630102301349278,-0.5395248379557374,0.5584584357879977,-0.27882535316219287,-0.4046155900579366,-0.222804839292547,0.11581355582202549,-0.1258324227465015,1.0113486087387267,-1.0377981230659032,0.3988136029432156,-0.013910185470100938,-0.525151390983132,-0.023504122844716493,0.470438217992682,-0.1997916118339831,-0.3177150047807372,0.13094992494808344,0.35568855335846544,-0.06411038115381591,0.16842758655418377,-1.4397228273164093,-0.08604844893107724,0.8243655949877089,0.1984906354932053,0.17596527596094422,-0.29596324955610237,-0.24506954433158934,0.061992667492241256,-0.2858323754139509,0.27380908830917167,0.1475229560461774,-0.40219196559515297,0.06193847967468278,0.3635366194628883,-0.20289068016206752,0.1647688340007163,-0.007792090107345609,-0.015023485172461723,-0.6424296527097559,0.8861522569715744,0.5504678057605357,-0.26416509899620405,0.03898175538142347,0.34499121709877484,0.4282537188978519,-0.013624034297060847,0.4430574009123064,-0.1810409050622497,0.2939610363656683,-0.45132967218078207,0.3839803450376152,0.2190158006755465,-0.08622009326080281,0.37110536162174745,-1.0034217543286077,0.7788007525189227,0.5060925681019992,0.7658016975303449,0.14145880809983088,0.3899238290107847,-0.02432768899286986,0.0209189950517294,0.006869196876496202,0.5959059231156919,0.37360368591335763,0.19678331561394682,-0.02455403043451657,-0.30960041363207885,0.19305361607659463,-0.09263525703704656,0.7194560562581649,1.4754132284361468
3.08200136677991,0.3948253032967669,0.11083935007368037,-0.36424197958368887,1.3587161123078082,0.7321435357246081,-0.25840648206607714,0.6404376616060672,-0.04854471288279372,0.8195231926670417,0.21725055035015903,0.3976029759873003,-0.19570416647702193,-0.6774660573262397,0.6314601700389785,-0.17055568772771698,-0.15899839973409502,0.21573661956190995,-0.7931233157055538,0.0690178967334544,-0.259563435375386,-0.56161141646323,-0.7167193918387175,-0.17736697414814429,-0.16430975189532576,-0.7136907443852012,0.23922238730952142,0.8017793637138624,0.1409474861493655,0.2308260304960891,0.024114768003210715,-0.4024804454314523,-0.763048387718252,0.40118820839483205,-0.060835851560097874,0.048022564784005864,-0.7019888744438411,0.20890841205537045,-0.05099306462871856,-0.13078205962007336,0.6196241430791967,-0.0628841570134559,-0.3823825059007466,0.07162762648091184,-0.026109110652979398,0.8912680703235819,-0.012043332144292845,-0.20024663248520658,0.15615663124678206,-0.47320978632507343,0.08020103820946216,0.02326158370859764,-0.2153638614779165,-0.16941873389092338,0.09925411747039362,0.23223255726577474,0.23153427537284646,-0.45434153314825165,1.0977143658435085,-0.14153826813304782,0.051565026773864556,0.2758980254894841,0.3447046828096631,-0.6251690761575489,0.4025466757314949,-0.03277426973263749,-0.19432523586119743,-0.5244976989311381,0.2052861119368643,0.278361894214729,0.42567087564828254,0.5404552331824104,0.9618457422044961,-0.20164042937813068,1.116263049566194,0.24536279174445627,-0.3806861669155719,-0.2329739946519006,-0.3546693218616899,-0.5898955048393147,0.43883859609039916,0.33981912230915534,0.2848232386814144,0.9252446438138666,0.08186669024647707,-0.023102245019590458,-0.5054383592089876,0.5207484510952305,0.12378275277724958,-0.2563208594655617,-0.24527231370899163,-0.4870147226937361,0.12364412055289065,0.64598292014444,0.2966679350395617,-0.2850788368547482,0.2546654861954709,0.650384940269174,-0.8453560679407748,0.3318609498931269
0.8116641276236043,1.7185263541683815,0.01091169536861164,-0.336020006036393,5.886001096426598,0.26598256397032594,0.6257661591379249,-0.3036278543902378,0.6212896735995933,-0.25924371036532556,-0.3753294388050249,0.3376836928386793,0.5066538835204075,-0.13428829293365935,-0.48075673831230464,-1.1939965706667124,0.6279943341731216,-0.06636918025798771,0.46086743632146243,-0.191526962588327,0.3311357132445727,0.03955661092961575,0.7966906465073955,-0.3420253628824784,0.703737008388642,0.9312469680882335,-0.39460884451519335,-0.22757718352908943,-1.0012648570473475,0.4381375684763318,0.22037809221576946,-0.14262677934365778,-0.8280960215730859,-0.5689570435414033,0.265885346471902,-0.5834131957852209,0.2313550908758061,-0.4110959848899603,-0.08194364745083267,-0.7476229202507606,0.22696138818035347,-0.4748059958047715,0.30993440520904125,0.8768037653945491,0.333981650375153,-0.19014577146345266,-0.2397182074214156,-0.11474968210209834,0.11963478272249238,0.36468622180247784,-0.06421713799050024,0.7320114955610237,-0.7254819198494487,0.33480123519518856,0.16456443289832154,-0.5649400554690228,-0.37651747086049897,0.009026218485392274,-0.20586910257737043,-0.6532725231842234,0.4437295161084646,-0.21094485416619815,0.36063776719567614,0.3052451342008551,0.04789946817213919,0.13612038796550538,0.5428285567806359,0.30248245650890776,0.9307142531467312,-0.45223418565442464,0.534748776427283,-0.42473501452438134,0.009267483308451046,0.5258161929465782,-0.4400242874671901,-0.2490640287971379,0.3122863238323449,-0.09501950256657028,0.010359829117003802,-0.4309222775694564,-0.17697658687509027,-0.24608420910025167,0.40892450451724727,-0.3255218708872132,0.8063545650063979,0.3417367859399038,-0.10910245397214738,-0.13452623270113184,0.29994163722651507,-0.808583098780498,0.15560058934271254,-0.36219663095018867,0.704086264687141,0.7271791818394229,0.46778800626610045,0.10503097585215784,-0.060057096098550665,-0.2887845377446586,0.374341726409568,0.2766645454332351
3.9788135265500295,-3.1538208885981946,0.5458328301209694,4.522869529500578,-1.3356040291736762,0.028213356030254846,0.5756235132038575,-0.3094203902471325,0.4677068391211767,-0.27331773004266186,0.13643769458036378,-0.3591550819888317,0.6438627823623552,-0.026972819342408253,0.3859444444955814,0.19636706297777523,0.4658607405493253,-0.40690498764669947,-0.4561594745508309,0.09062212706003415,-0.34546092581930815,-0.3783762607603759,0.429286537133822,-0.2477255519571494,-0.1865265434474115,0.5976817650994356,0.22032024602313624,0.41111432353150273,0.10440145070574752,0.4691150068233343,-0.06696223769895189,0.20388619850226203,-0.6856153424389876,0.9205570772007828,0.39713104668620147,0.5997819320610887,0.4227633293303369,0.129127118624218,-0.5300048844948262,-0.5739491172164387,-0.11151738358193695,0.0008984021947705067,0.05032966079050424,0.0448822327887922,-0.5264449250522885,0.006572346303486765,0.16709285765316892,0.06633899457585986,0.001748664744480629,-0.6641840781583187,-0.6589750023418817,0.08691609200711167,0.03946494595902229,-0.006236509818259909,-0.17268250860868237,0.035865339229130246,0.3360885178295703,-0.16473803908615606,0.1782127228596182,-0.46319350042113655,-0.2943823391773441,-0.10953615623399905,0.35517018813009105,0.3973761734661266,0.0834620229374267,-0.2779452772255487,0.4677880572257471,-0.14921418524475988,-0.9659260109278934,-0.2166990381763095,0.2631687867118671,0.5870664270788735,-0.24204254236992354,0.806762084346098,0.2377536725543538,0.6031311601209993,0.5381393180537112,-0.16631213061927444,-0.6904155180406185,-0.67827776926156,0.12154771275362342,0.005676778078648212,0.6416269102770901,0.21758072042018267,0.4098230212133965,0.37213907885085507,0.20509841957598376,-0.7441342898394026,0.14910581979362783,-0.10552543508256648,0.26015995749265636,0.6214737727618693,0.5532233012249411,0.8095883731242135,0.16552461253145145,-0.7103902047117194,0.028064690966362032,-0.07672327894203963,-0.30057438306754614,-0.20620231232233374
1.5509458603272481,-3.3524634255099715,-2.3557424245254857,3.9029095138774466,0.009984098796712165,0.14731633784103368,0.18586499047494362,-0.5521341738545766,-0.12481586452160617,0.39109432330656907,-0.04452081503822578,-0.29359154750228283,0.5008783763719675,0.7674445278290176,-0.22013938029521596,0.6716072705311075,-0.6261392278911675,0.006717122317177937,0.2646719801776948,-0.20844328794879255,0.1642835863958128,0.346540860404954,0.003912074607322772,0.890140224381601,-0.7999604709660827,-0.45272936462206087,0.021177092167379244,0.19561630191143847,0.019143518899927898,0.5015411536619326,0.08011910419021658,0.14819574399756769,0.07743557229344268,0.08618846858437015,-0.4099583528389587,0.13315451875680542,-0.10015175638105944,-0.06113532588645438,0.29019511707358053,-0.5506172297618178,0.018060866991805872,-0.5508934096771715,0.06770343727686846,0.28351227464900636,0.35647985206776256,0.8237037713451664,0.15805654786077142,0.381832776683932,0.26294894185824774,-0.10386719200006124,0.6751206937075007,-0.2167968521893606,-0.18758307162271182,0.005179101290295015,0.27204574870115145,-0.02533104499207235,0.6158377223400732,0.3236891902845068,0.8163035941478742,-0.2618674823569021,0.26612977766512236,-0.17088333506674847,0.22723915614601178,-0.030514069852194063,-0.5621852298564105,-0.013423683902528037,-0.41134416173064375,0.1883682320208285,-0.5894747584228992,-1.2174501580892572,-0.3560227320840761,0.045336765971741605,-0.0019887795939044998,0.20535653630107575,0.5292316673340521,-0.1404449110658727,-0.15775115620149988,-0.12521908768054182,0.3019184891894804,0.12592826075779245,-0.4256707947452939,0.12604565440126997,0.2635570802126062,-0.6332037718565238,-0.15143159549020793,-0.17735286599318714,-0.04351970380920778,0.01110369524021974,-0.3010567229725103,-0.8091822157065693,-0.5460408450884295,-0.7944308479030532,0.8139582466227057,-0.3071982303362022,0.3688167198382454,0.5188513615547306,0.6941387457727727,0.4704878397569149,-0.5288931289858257,-0.7891275943324306
0.6479986377104109,3.4229405188868123,-0.5200762549598924,0.5413758587557077,0.4850067103463305,-0.6020146146188354,0.09352938077982302,0.013238647323645245,0.3317769627803419,0.24197127310203154,-0.2660671854517614,0.13633466281278406,-0.6306122665771193,0.27755374553091877,-0.5586939340268869,0.021146467418405968,0.5801979145241046,0.1249427786224441,-0.43344870914083516,-0.36458245213724105,-0.1968679635167296,-0.37394851157664016,-0.08067273553083913,0.4089465770802426,-0.03205140135221385,0.27362124149089884,-0.8678869963616235,0.3061349070623632,-0.8193897798166563,0.398923430364465,0.09825231570370507,0.24855456810845597,-0.5250673906992992,0.364188434585058,0.12273540499583219,-0.02165519505115562,-0.3240464273930567,0.10334761974366562,0.04637110471581432,-0.2165187998922603,-0.6967588082637497,0.29368261231790826,0.201012498371796,1.296493933565793,0.20924855033558232,-0.8473749478638054,-0.7869423313517341,-0.2283217582755437,0.7601529940875426,0.2412582101072358,-0.1384383035788403,0.46300014832143355,-0.7875729569474043,-0.10268848444931934,-0.8298968990823263,0.10642342652620586,-0.32956869658563537,-0.4276366721607451,0.6934478561259003,0.3304924421732384,-0.08768516541691865,-0.04006986050641374,0.09786465853356402,0.26046014477662827,-0.28770598295646765,0.537243194442322,0.03808516757597747,0.5724124942832034,-0.4249631594257397,-0.24045549493725796,-0.2576823658937517,0.13091706508536147,1.044277147124276,0.1635502013165449,0.1785243368349677,-0.3216726542741671,0.6018731079974132,0.25932127870958005,-0.006144712216970658,0.8158187572659782,0.03484879288166192,-0.014884629630279433,0.05030435188969034,-0.5638629080706417,0.5296256207466418,-0.006956690408381835,-0.4367291955658249,-0.5991826482947641,0.06258486785609291,0.25940451763638805,-0.39297097894395033,0.6785208583735822,0.5615479955251796,-0.22493500665129812,-0.30671162732093005,0.07666181817642587,0.3587971713706924,-0.2750201763433316,-0.34171296120571637,-0.38714142266306895
1.6806970936611205,1.2464424902266815,3.311406779457016,-1.7997084827716454,-2.4064091118504605,-0.5918083576563175,0.07945472967074181,0.6448189322951914,-0.009544656392621044,-0.6122447192142385,-0.3393236927294246,-0.15034875533902486,-0.6079710784952362,0.7666560454459591,1.0755213250953553,0.6153261944428086,-0.1184252141906035,0.15444686787262285,0.05685769013019652,0.5518247945146555,-0.8359172421215423,0.16362545109646384,0.5821532085491493,0.09075271352506402,0.10969619846039151,-0.27960733675435345,-0.009951848282210376,-0.5309606488139389,0.16009454310304094,0.23953615203453726,1.0295116792358836,0.0880295345143154,0.306004454153394,0.44008102146073735,-0.38199778332832696,-0.28439921255402256,0.43421063082099626,0.46494672921019775,0.10541633361022365,-0.5491442591871105,-0.006428713215778448,0.46141712913338806,0.14181835733797013,-1.1374540918814975,0.3213127895073143,0.5357154094556392,-0.5971148300792696,0.6767662814755447,-0.5521076519378509,-0.11611375982931102,-1.1606163648097172,0.49774739797690304,-0.45058337621329625,-0.6208443842868004,-0.6285558665356384,0.6783474065937364,-0.8588655127317981,-0.3787326045934941,0.17144293733922042,0.09988125362737096,0.277981907483969,-0.0776659794009694,0.14368120228176756,-0.6310736722298576,-0.1409395564923663,0.9028667401880381,0.3239610567741479,0.09071619366823717,-0.31085461684953947,0.23849838816715938,0.3414491808057889,0.03432111717849574,-0.23388045771827123,0.1937967816455437,0.600197449993947,0.12945847951045517,-0.08411363214717572,0.15017002320552617,-0.0937058391434867,-0.47584138610442134,-0.05338609593840729,-0.06563214272932237,0.6860753776037712,-0.24728672485937184,-0.036213942221621734,-0.023154526747259863,0.6288043956835131,-0.6195659836164191,0.5581012184930442,0.08564296379189763,-0.6661800257668671,-0.6014152606007919,-0.15661218963158782,0.008638925635788034,0.02323980147070514,0.2658789953483679,-0.6528348200395163,0.4630587642355546,0.1112223758001505,-0.8472987595044267
1.7322738029848366,-0.6578240013456503,0.999116237012645,-0.5032144726463816,1.9939765075618494,-0.10520354107366871,-0.759180021716781,-0.1149147168257832,-0.30348626207600493,0.41522916856450653,0.204701665390974,0.8046651386128982,-1.031317251807069,-0.27907943105425836,0.07542001706234083,-0.14161207350265237,-0.07687116878815525,-0.9992790310015712,0.0644675930932599,0.4856885892816616,-0.7105242356238806,-0.24359590681224008,1.259855927473398,0.6903234303411206,-0.2607569379244088,0.17662714349776026,-0.5314847656364945,-0.06085639539905605,0.13819436732919324,0.10415247100726344,-0.013671251708066864,0.5784366463529393,-0.6905551755253048,0.1023541399495358,0.10159016721692982,-0.06820552267243969,0.20894461390367797,-0.07798152681699465,-1.203211226655219,-0.4856504676281848,0.24476620411182978,0.03180055266175334,-0.3971249104088068,0.07919070250612605,-0.02437780135572364,0.5821574022146212,0.9416942588091209,-0.6503296840148839,-0.7632439501432082,1.0076428805520647,-0.4990614815470657,-0.8699839347386631,-0.037083457422071885,0.05394411343278434,0.9995059031209086,-0.26406196531950765,-0.6356950708392887,0.05169305334583006,-0.02845528813591431,-0.4390172082705919,-0.7110976527720684,0.2675828278008488,-0.11922577154241677,-0.18404585564007567,0.276203501159901,0.09446653327030544,-0.41765650871330395,0.41477552567754783,0.5157183371087183,-0.16731027069559445,0.6619038970343857,-0.47746773066683623,0.2295603787718854,-0.08886335613660358,0.20497100611081248,-0.2632131498930327,0.12319576340989719,0.41021271993616587,-0.13028211732898687,0.6368023597731522,-0.012837030091559037,0.1281511273773918,-0.11679782756933049,-0.06983766676509472,0.9065996718492303,-0.06406706061675045,-0.22924202097996438,0.1310607689608879,-0.6983210139348465,0.5816900969739733,-0.5818816006917152,-0.13780051894077996,-0.041410168035549304,0.006659478902850061,0.33390715725400344,0.09249448573120718,0.4047845417869627,0.462351528888425,0.45764978568142317,-0.7781822057901904
-1.8074948180661465,-2.7153439455553836,5.937649803148669,1.1131308647343148,2.2511345197433683,-0.35865679191827265,0.31261386356421217,0.2889460497898288,0.19626050820550797,0.20967928253368304,-0.2495697972673563,-0.10887955664336396,0.4977520799978508,-0.2692965541215008,0.5255154044715588,0.3177529397305646,-0.25198038111586274,0.1682486817151888,-0.10123131701393163,-0.3050761308646183,-0.27706558215804,-0.25906900810107325,-0.11039110258879446,-0.23254507871305682,-0.6892603330996845,0.022690861082623106,-0.6841041843792054,0.32484611134238967,0.017116617026632853,0.459312797697335,-0.3916177489348128,0.4239577303830849,0.2989327009325453,-1.269899228967405,-0.3613460786109019,-0.3270399009853356,-0.5467776592276086,-0.020552862561946217,0.3822526260882177,-0.17535181565693692,0.12008495187680485,0.5154174195230148,-0.3234884559517006,-0.9193877610745605,-0.5884823400545931,-0.0030591263967417828,0.016430416584574527,-0.06536217400650704,-0.7528928085177813,0.06699624127557692,-0.46549247742537625,-0.2126440563263045,-0.10485554167602537,0.5660052705675237,0.5374028901242927,-0.5586612147825786,-0.3286870872313814,-0.30836064033721844,0.0550738279431167,-0.7924796969718118,-1.1214494628243765,-0.09960514969563643,-0.3847383117011283,-0.3676134117261359,-1.2797833800727167,-0.07168634393929763,-0.017761545042437717,-0.5378833069988452,1.4533748283948977,-0.24828050231828366,-0.8286962009342803,0.3983594440769091,0.08698813705751193,-0.19564437182799918,-0.24499557660776197,0.2883423134952659,-0.47130199736688466,0.15517013811282687,0.06738064555093808,0.6859659184677355,-0.6908485823415469,0.12880529349739653,-0.38958026045789473,-0.7901202186520645,0.13446715065383608,-0.5251383522051669,0.2592729449557689,-0.21516494123888746,-0.9462652724173952,0.38475196825629093,0.6193624293952894,-0.24057774469247017,0.9542474423208299,-0.14956998697666554,0.7942944545775845,0.4230946923599753,-0.22180531501115708,0.5256999159372668,-0.5794973880814089,0.4983968871325074
-0.27820018345963665,0.13904282571640164,-2.544524955830264,0.5765155556220866,-1.282195707017409,1.1111403533144872,-0.4031661501760565,0.19408995006194737,0.2033261607525314,0.5841426564284912,-0.3443791903003118,-0.0332603474128664,0.0011190169866209594,0.004394380851903853,-0.23969631615939715,0.2363643726843408,-1.1039911983124076,-0.1972486607668907,-0.3154000896275534,0.7272685273239393,0.16975341390423562,0.35610852911799007,-0.8565323816076588,0.10282088078396336,0.01349153479785705,0.012543249088593248,-0.07797669769754843,-0.7697332200874548,-1.0167457210570146,-0.07471379565869857,-0.39601025479069146,0.03733073858690369,0.2892200962278515,0.7572606217169615,0.586456665789608,-0.6385165985992487,-0.4171337189958191,-0.5937691226103605,-0.25283879218320227,-0.5411666035272028,0.29066955082476553,0.7177684066283787,-0.5002860480397029,0.24216158388634512,0.7351618244934366,-0.4081392759589807,-1.3839307950027697,-1.0974241063006864,-1.0038040585604024,0.06415950926996836,0.26733733869463705,0.7247230116325458,0.30443000850960006,0.08135163689575735,0.9038734530175463,0.40141909631439315,-0.3432443819385021,-0.3600860050092547,-0.011546874118065532,0.8266217238947926,-0.7543517133820582,0.07715830782849505,-0.2598003892628229,0.19533807137296522,-0.22397480743437434,0.45322212082330204,-0.22912625256919913,0.8461622315770562,0.2075016346509667,0.3564277116732574,0.4320484652426845,-0.4252242148502982,0.4486836359559644,0.12671797741140028,-0.09675607249547576,0.2639509707391837,-0.2605517246234219,-0.7188113419602168,-0.6604023829509772,0.017056113011119707,-0.3326922597692126,-1.0059226653002387,-0.38704942426313205,-0.22884244434208978,-0.42151838039279194,0.23126549478725644,0.0208534282752155,-0.15123068429220043,0.6004505045285256,-0.34689976254879173,-0.00020259248100479866,-0.31517537934940903,-0.048193376811884375,-0.7024031525154262,-0.0837300746184779,0.09032478797142447,-0.7966678518054595,-0.08663608725178114,-0.005104752274903352,-0.2347549391833611
4.041428270650431,-1.3399305655247007,0.5940895522620153,-6.228620039296276,-1.5467825349007371,0.40332917045325845,-0.3544019152424015,-0.21948710179817796,0.06681307216480216,-0.6766260025027305,0.1423999333851102,-0.7416445153600836,0.271915985238135,-0.26205922817860444,-0.049259494435962614,-0.6241027751803956,0.178214947550876,0.036662300073282625,-0.4009786103359204,-0.4591123552956966,-0.49369311044662223,-0.8186128713712038,-0.2692083427778994,-0.4254023412577577,0.2603382597174182,0.13301559010420302,0.45979151167698656,-1.1351668371844912,-0.09950905423826417,0.14765538678189025,0.18495247947146962,-0.8240123153641106,0.6831865326655594,-0.2774689738658837,-0.3182427414965758,-0.377971141736623,0.3272360602128955,0.4206308124621527,0.32621603285970796,0.05817707476046826,-0.6411358365822475,0.1941205952912018,-0.8416036069350202,0.12467161208607686,0.12577291653624004,0.0234284651517041,0.3385516630200261,-0.18945164102814618,0.03147146721566381,-0.2640185819425772,0.3337421352682032,0.19613997180099507,-0.1720565631204069,-0.40733334894783707,-0.11246192744138217,-0.28172949424960386,-0.021247493589757808,0.4711691896308936,-0.010368842775536609,0.25692346309354785,-0.3198354139910863,0.3185608438261005,-0.12472885041304982,-0.15365537086955874,-0.03796207047202403,0.9793429967619782,0.13922362599767468,-0.2917467639367356,-0.4071531119058755,-1.1052324499321733,0.5588884141167293,0.0037628251268415906,-0.531867197331294,-1.481195840209339,0.5388524218114985,-0.061657435386438746,0.2643971910590603,-0.6804630640948164,0.08074400705923333,-0.7429316164401725,-0.6192164731015519,-0.6997038980008907,0.06750537013909119,-0.26878109377601794,0.1445456613205855,-0.4969339580917197,-0.18022413727436679,-0.42376846318565736,0.14322467305492348,-0.1792709940750783,-0.25741411146887916,0.7775876743977606,0.40788706839694844,-0.06628659063064216,0.1195552424426929,0.06201207838908603,-0.13262480102227592,0.12812466942217415,0.4896976816179038,0.4393798447676081
-0.9834945342278693,4.362425661979949,1.3776052100956457,4.248709326063458,1.0210265425229383,-0.5564338395329661,0.40983845060735097,-0.227249859386826,-0.680457023011851,-0.18440915429294347,-0.009627732399360454,-0.1281807506503971,0.4848763978253302,-0.5983055766895892,0.620072720758502,0.3799567742685344,-0.05838598848337148,-0.5400385108513045,-0.05697556296987572,-0.8689596478170314,0.1312226504411305,-0.18436754360950267,-0.09881920964165836,0.27052260056712496,0.4198243133157933,0.5423459755388953,0.01889400334208801,0.43429741925744925,-0.281484188112944,-1.3105069787445105,-0.05901875993320746,-0.2754125976332717,-0.4341718943968028,-0.04692331651314879,-0.2831573101142728,-0.01766599640496844,-0.16000052348185195,-0.2322956130579424,-0.2725225601521396,0.2619405523321357,0.11842820639976138,1.1624794267132508,-0.5740968790429856,0.2642828690633444,0.17958316813595096,-0.31061959312231535,0.10582931213280138,-0.1996574783426312,0.3713963763184441,-1.2439249622344826,-0.28291052847340065,-0.42795133408245906,-0.09740612300178907,-0.023632046110277326,-0.355352588927354,0.4076425835727938,0.32768334447716607,-0.061695111138877254,-0.3933256661547586,-0.05789084676373366,-0.0646377473254652,0.03928263855387119,0.6243550900156292,-0.2285852014714976,0.6899929335079481,0.00635100873727834,0.42641433434894593,0.20989139052327446,-0.055675788476414835,0.16773707392506665,-0.34171003385068177,-0.032016435442571656,-0.017410423105049352,0.6375391114019481,0.18102884871646074,-0.7293311372942486,-0.26911395818575,-1.358445439075615,0.33034816218906127,0.3407881821096815,-0.4117276136332262,-0.01879633505070729,-0.1039039452621904,-0.7050916283780785,0.9460119033898041,-0.5222233045980336,0.06088616095964382,0.1827436198015043,0.10038616811719657,-0.16204192859471048,0.5387183039847446,0.6358393068779743,0.5777538810451018,-0.5967871925199032,0.5986739519994305,-0.3508567646960074,-0.15139168392721572,-0.13457597882849287,-0.08578560257916354,-0.01943739971490097
-1.8402194644844403,-0.4201873845165979,2.7533149954656566,0.47122990615916527,2.846699478996719,0.04027184632232627,0.03704394997792698,0.8244684418812699,0.19306471927958366,0.4460786572773557,0.7458604865513463,0.0779833376502441,0.2242700659389491,-0.4325852787946625,0.3651383889329266,-0.2813086593552234,-0.18650144674245808,-0.26628983105233006,0.5752222313988101,0.6970499366289851,0.051858356034108995,-0.030303177544432826,-0.2942173744356038,-0.2569753505394055,-0.20290992096600927,0.37831481509208137,-0.06623890706716007,0.11688867518547838,0.0997664873859311,1.1296007438313087,0.619240527073254,-0.09981762049351138,-0.48196954748564164,-0.16476377844634754,0.6261605381387867,0.6330528378542123,0.7073152709030949,-0.8522068292953502,-0.14880325793100285,0.2507635529695981,-0.03573447080481052,-0.20458055655654367,0.3857314308456175,0.3582994534997244,0.708291713009066,-0.5499540509272326,-0.0646816752233577,-0.5398572916494978,-0.02733602091625144,0.6666922460512119,0.2443781257773437,0.21233190707539498,-0.07599852940542148,-0.4028377580531276,-0.017692909253106723,0.11596543508008496,0.10688243807979628,0.5475268852176615,-0.32971955603929215,0.2568369733519417,-0.3735620024253072,0.22063497491455517,0.2097019734144491,-0.746307167109807,-0.07486038457619695,0.059026656102657823,-0.12443710064876601,-0.5845686743453344,0.11618228522987228,-0.3144835788027649,0.49802927679512077,0.39309742827455874,0.11387247514395356,-0.18415637187529607,-0.08808832765353217,-0.7489729471170016,0.5588988889246118,0.252015578972914,-0.6155186826710709,-0.05227948181506616,0.7693949569888888,0.3916195224501921,-0.15353754422617438,-0.5947753472032501,-0.3047531196738535,0.408758237816134,-0.1378611857929372,-0.6745453248236015,-0.3515769435831454,1.322336614307931,0.7291294368482053,-0.870869750257826,0.17598797971645636,0.6276204888628938,0.6250936924366791,-0.006817640689415988,0.3487849410473928,0.13357518756466846,0.49073763275687066,0.26308222113266094
0.631823224866739,1.2490798734767956,2.5430731798123407,-2.229728464539127,1.103443600348169,0.12171531041913347,-0.3384778095024051,-0.03578037096895463,-0.15368738410429256,-0.11497062952004915,-0.014909691695598852,0.05066258012267538,-0.15455012531789075,-0.4957991307026812,-0.2070445908000742,0.10098643937453221,0.3364136582102828,0.24360778602458236,0.06304963629532348,0.12788342365079144,-0.003347643064100778,-0.0360928166399404,0.5310842190668659,0.26223947543977694,0.6938461658151137,-0.7905175966675203,-0.4009663526879766,-0.35861122881695234,1.3962361867633821,-0.10156370761042745,-0.4797199385277814,0.5547105793618363,-0.5282730277470064,0.21083632098682692,-0.22654493557839533,-0.41902008400489227,-0.017411893018019913,-0.21792576239867092,0.20767978819076857,0.7452733337829274,0.8580514815373446,-0.15916859926447047,-0.24046313192001809,0.8505551555960102,-0.12093667209052086,-0.15963727861046673,0.1240632445990269,0.427031780318922,-0.13658354766449207,0.3701273593155479,0.563074910788372,0.14224768808995217,-0.8425241785981299,-0.11310965359361376,0.02062936713211416,-0.4451198201248251,-0.2686061346750103,0.5943103057931013,-0.520288123979262,-0.6486765451903783,0.21249131380416103,1.3555846704447698,0.2503556427632672,-0.09532152500234164,0.7017540309512943,0.5856942896147298,-0.43283828609802705,-0.10812044002262217,-0.06564536375886124,0.14284986644517775,-0.5891590442616115,0.9213014421588603,0.7803804023653124,-0.009798016056216854,0.35954231745706744,-0.4244905187544914,0.8749192708322403,-0.21963360055378547,-0.265318770547433,-0.05011571349037024,0.35621890876723794,-0.1874333405367683,-0.6604061327963447,-0.18279652881696065,0.0517323602765227,-0.3422909946123023,0.08738117979254682,0.6892142083054694,0.2899718325525616,-0.4193593502031084,0.5628252759969129,-0.37204073792093395,0.20606037030464464,0.5297697941068487,0.08770312505322454,-0.6328293796787839,1.1453294982526143,0.3023705661685323,-0.4053272271143431,0.26261752289556034
-1.8688972641255857,1.8905352017602726,0.18682049130187844,0.710016262508234,-3.765885582225438,0.5133837443571639,-0.9150363146582822,-0.26774455292472243,-0.1407334231702413,-0.47923522304798355,-0.4792327441197997,0.5010476870428531,0.31896438396526144,0.132742192614295,-0.5093967864123035,1.031310850653265,-0.13671391361872884,0.7602254844192979,-1.1045577173021845,0.02973153800435048,-0.26530616536605117,0.3516420125610716,0.014147674244954401,0.34332154172158974,-0.46769562183755664,0.3460572115439849,-0.4349546889065181,0.45992428290526344,-0.8326744034398769,0.6252302586930543,-0.14078724467496972,-0.2839127327369405,-0.27694454754878506,-0.06048935757171673,-0.375046218978653,0.5983980559175105,0.3689162254876106,-0.3823910001020933,0.145294807261881,-0.44860224759957024,-0.46331013288463113,-0.3994431979156489,0.023588609956826875,-0.3760078618350811,-0.40959625916398656,-0.3328249183859559,1.2190112683363223,-0.3899817831037792,-0.4192627265960144,0.3330900164795552,-0.301840311675827,-0.3133620386836696,0.21613283585501078,-0.5650005434524987,0.49371229028416785,-0.7172763000854546,-0.9349302299667291,0.31216212726330117,0.025528887101528046,-1.107968724959303,-0.6547205825799742,0.29452654777412285,0.7876398979283203,0.34317833293518285,0.9095889840995467,-0.37001902799784336,-0.07136687769373219,0.014732299001971946,-0.30831009188816955,1.0429435443503328,0.665507648612851,-0.2233882057180162,0.48632357726054104,-0.3459424004995432,-1.2787771914272268,-0.39704265655850246,-0.12417983183125784,-0.23860227346198823,-0.5553088420219325,-0.12704307467470505,0.9330505499637253,-0.06364218159136087,-0.0834389163731205,0.9395225876654442,0.06172768837396751,0.10510100360492572,0.7052165841863993,0.6184912359350528,-0.17012284645963752,0.3050294029449095,0.49148600613817905,0.17501582070039615,0.6293764585544147,-0.10892031808220536,-0.6401133245040656,-0.22764687567851308,-0.24338823098612572,0.46744275999664203,-0.3530174020627326,-0.4020355455626779
0.03538605399356265,-1.0186213136983575,0.38398451053032323,-1.9709277076169571,-0.8052535516235799,0.37264840982121716,0.426855551818847,0.5417008218214461,0.5536682596828859,-0.1021634221050671,-0.39296430356711654,0.5643205818226316,0.4993396841019306,-0.5093527104793105,0.1536141836703074,-0.04334030351687291,0.37238451969372016,0.7419436124673097,0.10851419320278798,-0.29480781466095374,0.37809591827241806,0.2549279322907177,0.1445815631320893,1.4442400583389852,-0.12297371835319394,0.614202613699026,-0.44451365135180326,0.0009062190970661206,-0.17176204822590896,-0.3575906386678108,-0.09174095858298363,-0.13817029626913463,-0.14015772727140602,0.7879358726280339,-0.23349259300055417,0.10195524782491805,-0.21405774020578047,0.4211527286569714,-0.08770452923919304,-0.0740174234461799,0.03746991938202271,0.5364819204261219,0.6119060930184002,-0.018139321205866234,0.1306943763287133,-0.44112851921459467,-0.03772834837240475,0.3367652419578377,0.1527349795392917,-0.6118492647099939,-0.2072252573614629,0.04718886625391962,0.053037057983021337,-0.21779931141482184,0.4951557320584308,-0.04422395150345719,0.07493098435234329,0.8649841511660936,0.5413422858343987,-0.10716882241365841,-1.0722325340666903,-0.24762096088191718,0.44618931791514416,-0.4869310634998858,0.0037281679704859643,-0.32751304538145254,1.156710083350703,0.27875973838751283,-0.15149775593969225,1.1078723118764022,-0.0865822176989038,0.566054324815329,0.018296617783448557,0.9588571235025972,0.6634360634487182,0.3460616360238847,0.3029451787060464,0.5236332853265264,0.341604886535042,-0.5787419333916959,0.9066994042199756,0.04507481906292599,-0.33820772578181413,0.14989416986008813,-0.6195662555028921,0.7128156286468988,0.07192455058619038,0.4178350996888336,-0.512218737660747,-0.7294913578928851,0.378290932391748,-0.057521736714782425,-0.7568101194744693,0.020997951917915664,0.26459556486194424,0.1912292475391277,0.37531060799201305,0.3249822685657656,0.4079795330708928,0.504612885206277
2.3008863859795685,-0.48603417493497725,0.2166113752277531,0.39289475236168975,0.7627258003765485,-0.6922705522745253,0.6391812618727414,-0.1877252660645998,0.26335179808636544,-0.17046959775906478,0.19257438479110311,0.562453121734195,0.17500317607717547,0.2944198431394777,0.90594829157626,0.049857418710230784,0.18730232396723973,-0.34753682341551057,0.02878644407081892,0.08306179267126176,-0.2604739330511539,-0.17030839273342582,-0.7537500001075679,-0.48116058601928846,-0.49360853124566584,0.17321603791042003,0.11046125312621356,-0.55308683346521,-0.35583385780688886,0.36374569634674064,0.6657231150601797,-0.6879813288794113,-0.2330623298544825,-0.14755092032770278,-0.3675944056500871,-0.6861026939079548,0.5435361273223331,0.3237333303236985,0.32867679020132495,-0.3330937073760155,-0.655885116380289,-0.3077470284339434,0.38509759713242425,0.189569916433538,0.3418479130481507,0.21400467422748515,0.20569714972340297,1.1245126576188413,-0.49091917519167266,-0.14470213455451775,1.1641621304135905,-0.4985452348826801,0.5015135436501771,-0.15124928585780828,-0.10408090339894724,0.01030710898016729,-0.524879154889749,0.6956756813312812,0.11468952565921271,0.1189419844680242,0.06791407641612851,-0.42357971803149924,-0.08404924807333485,0.3109808145092618,0.03611082210110941,0.6300591179679045,-0.008793419486790816,-0.13209160904008363,0.4993944095673571,-0.6574369042389585,0.47153934158093447,-0.09023388465333658,-0.5262483367456114,-0.2677543511311431,-0.1488953481576819,0.0818215084970399,-0.21545960679100168,-1.0640671290449968,-0.25275232849569046,0.04457298675195918,0.35055441619285393,-0.15886767356250756,-0.8204217886061441,0.1684411488710142,-0.3522491624734656,-0.35125973154118434,0.5311789487501191,-0.37208588074830623,-0.2715264153877351,0.14444598979086162,-0.09736184645416418,0.46214861575308774,0.844138916176941,0.9954563515204291,-0.5139298293874323,-0.6009041181705561,0.33450954547636585,0.30686056492267266,0.5956240841492806,-0.25594300908565737
0.4089323698074483,0.8288998337893958,1.102332443764289,2.5366343533205598,-1.3280218970622786,0.9238862137502803,-1.003708283763207,0.5518155831335066,-0.09691996364108926,-0.425235036366441,-0.5890043100795953,0.5436908978323018,-0.22862689764154762,0.0016178516115980049,0.4390840017648932,-0.1848487203615983,-0.6582334935840864,0.07537720215476237,0.8056787942236909,-0.2905910641011307,0.020305508719279053,0.17143539108082556,-0.339412622226009,0.20117989117388688,-0.04233155434426451,-0.5430516141409999,-0.08056180937316153,-0.28096008837351794,0.08592437731304925,-0.8076568651500468,-0.3295951636004551,-0.1582187770506202,-0.2222122228516386,0.5926828907374547,0.26971709306038355,-0.2492019301209485,0.21487766418356602,-0.0743859242148408,-0.7746810216641545,0.2986863481074584,-0.32248618886220304,0.23449469394875574,0.15602421324659002,-0.5562225015648983,-0.4333198175826526,-0.05309097811234032,-0.23394235675413605,-0.691336790754128,-0.23929566488906012,1.1297985934134434,-0.0614510252346305,-0.020682764924499046,0.11306796813698973,0.4332278721156269,0.1509798555637123,-0.6842455812220056,-0.36145227128387486,0.0752067731818404,0.11435274605761446,-0.17595888346291788,-0.04703909810534346,-0.09385745754714622,-0.25835721995377803,-0.1571993840631899,-0.10047484497626846,0.9591366960785298,0.1923089139634907,-0.6012750014135194,0.5074711463398842,-0.047479382383460215,-0.41957985226188366,-0.05037156539913511,-0.4059538106205725,-0.7751375026255126,-0.07405466976792013,-0.670662237330409,0.6602479671835668,-0.5086707854681389,0.679301074678627,0.132677694522523,-0.250827668070289,1.183118083593294,-0.3718500268038688,0.03574646854519868,0.11554382339882698,0.2697922717565194,0.537554859400869,-0.13379241876170422,-0.7741131209248193,0.3916844779860824,0.3917990515193562,0.13631860338331409,0.9651322124946615,-0.5552440940777378,-0.43261313012508135,-0.6566677526172487,-0.3949777363140872,0.05744832528058169,0.20357164134463263,-0.4652957604865162
2.842335177780824,2.3845939072788345,-1.4548534906581216,-1.8168890726443234,0.21798675886784252,-0.4755215497971951,-0.006078954907928386,-0.031374258455465515,-0.044850446848887934,-0.011061947239293692,0.2938712410411181,0.08554986260944233,-0.3706150308636023,0.3011703088740195,-0.8322501337421622,0.23859000645962983,-0.21457822102299107,-0.29500257458922097,-0.23281632132178168,0.6485618829468484,-0.2615745186139677,-1.0943926834463533,-0.21174930105213682,-0.8398028186839286,0.1812992704418154,0.5863123462421342,0.033852678090808094,-0.13854804998719525,-0.0495178359414344,0.26694628596721737,-0.15731402967874983,0.1469128723747157,-0.25554794669644826,-0.25440803319558886,-0.8445815709129412,-0.07241954435528765,-0.6415918598976067,0.0010306275429463518,-0.08039340409644172,0.090609054090904,-0.5528151044506586,0.022394813816879303,-0.46745457435754073,0.025021879033375136,-0.0297518440163092,0.03686671038970115,0.009801205096730594,0.6330523673247863,0.37095327345520074,0.09146541539575256,-0.5082043931263618,1.1355507193640633,-0.2964231804027387,0.4026153041859374,-0.27258365856438016,-0.1608020007381888,0.15568993740140374,0.04633450675897996,0.16599351125597778,-0.06764483250372622,-0.5349282377241082,-0.3418022387654077,0.24603511574626855,-0.9283704796134955,-0.4360940498203533,0.6148443320383038,0.13713200421712923,0.3745331567566938,-0.6387600850332545,-0.1799801605134697,-0.46207728673127035,0.7588107166129507,0.08775429149790791,0.5049636788853967,0.2252248897259206,0.0885484291798401,0.07681059181696256,0.03497729307363422,0.08838672107438751,-0.3408968125447248,0.15900570081578844,0.8471562873067461,-0.43579887876844275,-0.16040147845014358,-0.006445994118881402,-0.23541564777903798,-0.4847429109887386,0.2127587835207144,-0.1736481880867137,0.15783225503197934,-0.19388902622175994,-0.6604789679612701,-0.872682892413353,0.44049894567210335,0.3745761312296518,0.3335767564366114,-0.031013295829705086,-0.34399187631562533,-0.9279042725402448,0.051027969260730006
-3.30896775529284,1.8607251665878481,-2.662070102344476,-0.8739011308811291,0.8285744356510482,-0.13332738924245965,-0.6384460454074297,-0.31450919393115867,1.0952090860191812,0.3867697305435552,-0.45503599946280954,0.5835544085171627,-0.10846343265682423,-0.26519451947044814,-1.380013641745407,-0.05393793747961913,0.2524269466617814,-0.3384214624839464,0.27061929206948254,-0.13325305148149272,0.11041760607576147,-0.6368076739060907,0.2876302629757861,-0.0852174853820621,0.3327831854115635,0.3327575756503095,0.15213738870722512,0.1620688397928361,0.6123540639229798,0.32857324725001047,-0.04283044131125299,-0.5372057268911629,0.42610962886000603,0.17165395406295017,-0.15809125469631638,0.11448797901763666,0.25348488118324425,0.5368284980865172,0.3236500679757425,0.05170507731128598,-0.22428223640961398,-0.13249276754221728,0.6489165854760752,0.7886760182563173,0.7219730403274166,-0.5188459142478101,0.30543263867794646,0.1776420263723414,0.605618367836304,-0.27507060857094756,0.25776365999797757,-0.09200186921321976,0.146989822006857,0.1651042947974014,0.6459304808251793,0.4461493690176863,0.3304337745272937,-0.5709969685930839,0.6297512787224666,0.19939081430941505,-0.6454217584247978,-0.022414961522669176,0.20836714685511884,-0.052169131023128354,-0.3731787927128253,0.46497837018630456,-0.5849841873084809,-0.7310110395226366,0.12332623729962978,-0.4459703989377149,0.08752654270123233,0.13800568441537,-0.23664100494966367,-1.0635230914220746,-0.06391461915497575,0.14896356317718293,0.34885128483676325,0.2601219285997862,-0.4061907148316685,-0.3248342338603443,0.6238779114986249,-0.492244863853721,0.1290997180113565,-0.4306832895090826,0.3287770806724342,0.20060723589025778,-0.5857808732815698,-0.585024386982486,0.14095944126217821,-0.43759998774533326,0.6277435442787433,-0.5158391496449247,-0.0876700400962245,0.6095506336124347,0.23615731735678414,0.28860073476035186,-0.2618303082407538,0.060537217889809085,0.6370947584180731,-0.3463929357729497
1.1667191563146315,-0.08557255392934326,-1.8220349627555625,-1.4851557906620023,2.4676749587324514,0.2459345593988584,-0.780681433057348,0.938221198659886,0.36508002756960695,0.08404468029724027,0.04190527454631161,0.20737618728597793,0.9615796784688203,-0.051057184473005786,0.012358844790334802,1.3290537033151517,-0.8222130284381577,-0.5794587727730307,0.7120113064538522,0.12559266366948957,0.38067580041659665,-0.12173811569796956,-0.16554109136572398,0.19739814990455465,-0.3229573490472622,0.021574130933855858,0.10183612874691697,-0.3045425164985809,-0.30574212682912955,-0.5858372817216813,-0.09917516241060506,-0.1497512464029467,0.3059008421007409,0.3557772339149144,0.08149404203667304,0.8800359359686702,-1.2923934530756476,-1.0586019308949068,0.053088197297337124,-0.16431795465657437,-0.2047132910202089,0.33593785029444595,0.39245101714109976,-0.15987178654128836,0.14758753167518207,-0.1851004364539608,0.29193401631932886,0.2642642541208351,-0.15121708190713753,-0.1503119490463018,-0.7206046431839132,-0.5260032753484639,-0.6038503317422332,-0.04652751279540035,0.2063339540436275,0.25275238184522336,-0.006248726974385122,1.085074689869554,-0.19848899485224314,-0.6762659237636981,1.1110040490829578,0.07099902530039343,-0.569292680376207,0.20058415529874746,-0.11530882257097051,0.19840285411938835,-0.5584678405737892,0.3152973647192997,0.7822997757297595,-0.1894765988325072,0.9688576867364873,-0.1838180848844224,-0.9568152544062443,-0.20087120892762259,-0.2385514960174728,0.4146591489732589,0.13169580888382862,-0.008893508197739413,-0.1780552277652364,0.10095177886766063,0.5357221755062755,-0.12178339352730498,-0.6632297832447698,0.05635000211635013,-0.07467138844783303,0.11441901730112924,-0.02619390301056243,0.43684615919103764,0.3980058295627879,0.8101836522586106,-0.3930114969776423,0.5177173238152925,0.3751577570132361,-0.49455346678596407,-0.37856522198039977,-0.123142304700482,0.00782820093727542,0.5554065617872537,0.17433262656371798,0.529875734594065
2.058513118417715,2.793249225616721,-1.7665158196104103,-1.3835052347511467,-2.5984077501615346,0.17151321316653367,0.45549735148565357,0.6077230966722836,0.3538008266768552,-0.20162254206850022,0.047617635132966254,-0.3292385040008385,-0.21235912097426227,0.19851941647305973,-0.6816439584574683,-0.25546500263854766,0.6162979028192165,-0.26994408402923464,0.47349925234168383,0.33911313935337484,0.1349185443413277,-0.517931773061952,-0.19854019980736817,0.18638165251804728,0.2737204870547762,0.0034692809152166945,0.8052050731764551,0.030251303172876217,-0.3831172591418883,0.09435615127668158,-0.19591500032296788,0.5497746938733311,-0.36593987577109033,-0.9892069045614342,0.2236361995850556,0.2701847619365807,-0.09045102699301712,-0.184422640585855,0.08900883475278434,-0.13138181140602287,-0.5931064918557671,0.045640561269695956,0.22961813181973498,0.31321003416561843,-0.72583572237285,0.18740007495944824,0.011736581784052394,0.30141415086476586,0.5541465983711188,0.11409907630389385,0.5623987412828207,-0.3741882816792732,0.30638577244211473,-0.09202623651055351,-0.0754682578817498,0.4077722463669275,-0.26312123728585957,0.0453963841797153,0.42409063681181336,-0.381232122783974,-0.6442057823979729,0.22938944171105283,0.49464146810497933,-0.004991405379888854,0.22056663352783912,-0.08279674448418035,0.027619781246142124,-0.05302648280209699,-0.05889614845372684,0.45560760177295573,0.09171259753226292,-0.2341320526788312,-0.19810355584983297,0.2858880211632814,-0.5494073807235512,0.20113480718852023,0.3109584754513314,-0.6466681450948746,0.4705550652809256,0.38349563150116855,0.3284908806326372,0.05370865285296829,-0.09839302709873873,0.7513463143864985,-0.2095509510154548,-0.061401478235693405,0.9651997070582625,0.17085968492222273,0.17505936376522316,0.42407644568228947,-0.12167162703415506,0.25448804338472086,0.1351536999425682,-0.13824039414829112,-0.055804156117911605,0.13313673465586467,-1.2214074859360378,0.2936020785384785,-0.18599102695025468,0.09220765131746754
2.2165847901872873,0.106381538942638,1.5832425786636213,-1.3314411505740016,-0.8175110660895752,-0.32393554350193415,-0.15678778911122435,-0.1334595604630907,-0.5370309005602493,-0.24837140835526203,0.18234922397285483,0.0727159278045897,0.45204788820937136,-0.7682715660471061,-0.323568322441493,0.05896991632964672,0.5795784194187137,-0.11270014966819615,0.3188466961547391,0.4096947938658771,0.7234043242610815,-0.059402221482993255,-0.5118123149157854,0.06595784868626892,0.631350474730021,-0.9807239170559111,-0.027018802670706346,0.37645147147199537,0.17457649343600629,0.17147902958368624,0.5212955057707724,-0.2484357990004587,0.4312490793360717,-0.47267807262748496,0.09008430681380412,-0.25314687407092434,0.42574989256019985,0.4467763541708445,0.5605919190648284,0.8550207470545039,-0.4518601842952464,0.06997985854064856,-0.639318131518768,-0.2918171846283651,-0.39698596864364294,-0.7521615604254687,-0.6450303820777041,0.613675501435007,-0.5329854273859138,-0.4729732390392881,0.34969275701179553,-0.11821079681119874,-0.03962688637138479,0.06259303192041472,0.42523489841720363,0.047331857338540714,0.6808101422639828,-0.3377610935868159,0.21829016132212348,0.16300153946983245,0.5357585204998513,0.48886626692767327,-0.9612331904568087,-0.2942841970689293,0.2639852968547345,-0.3261500804728879,0.05771112108389201,0.20266126716987132,0.09900027900979096,0.3922111144968899,0.005840731530847507,-0.49784995605010696,0.07607772541498123,0.14113599053000833,-0.9392366305880578,-0.4206542750052794,-0.41787035536513684,0.15679092039112438,1.0971581473223189,-0.5922806580358865,-0.1931258155207499,0.08884146516295557,-0.6726737854124272,-0.19318183561065352,-1.1487803992317394,-0.750926957997005,-0.09858895141689339,-0.06553531345092718,0.1147978352371825,-0.10394243584972074,-0.34176619437874484,0.5975121851834152,0.2951579634120487,0.9167767566157272,0.4847654640349123,-0.49561157362079705,0.00023174513691092197,0.3474690766258349,-0.564821615586725,-0.4216702214086301
-2.9471072820250153,-1.844528935288625,-2.435783937595626,1.627616750215008,-0.31123470580027096,0.5077652523351316,0.21237583234202217,-0.1490978835086549,-0.07881802522619996,-0.18694011615080378,-0.01440562266349837,-0.3496986756785084,-0.38426665606697,1.1127751869390465,-0.14632088318668443,-0.11717730101784145,0.2119511825200344,-0.36241716790552125,-0.22836529621066146,-0.5592325997126069,0.7704252415459082,0.3119770199334985,0.4595713600569638,-0.5915288133899879,-0.07499726263368763,0.43137685726918507,-0.05374786775940981,0.11574081191403637,0.15301450519119553,-0.2840923657087475,-0.2736683590401882,0.28287066394806415,0.4003802419109203,-0.5148821910116527,0.18672996700327893,-0.9259630497154858,-0.21520622528536296,-0.9598477286941214,0.1995750014482736,0.3433916732464037,0.22104268572935334,-0.19874703492920207,-0.3225978777152087,-0.0977600592970966,-0.7763484630888822,-1.0157082991435482,0.7876349005747403,0.06270767782018735,0.5949720777310379,0.46018221953164895,0.3351784026691518,0.30211153126694384,0.5384125922902552,0.05861325892382189,0.7804580258971271,-0.08352874132169985,-0.0679570384066206,-0.11625499939577034,-0.4512521997623514,-0.011739141853265418,-0.2648395122191311,-0.04076106656131206,0.6216459570978814,0.6427826145440779,-0.2745624834919068,-0.2216966660375954,-0.3203801187215206,-0.1878747110820196,0.16705398262486792,0.7260813346734749,0.5209205092863339,-0.12239516295402623,-0.30572410840990727,0.5751109608609087,0.25289431047460365,0.8538822860506189,-0.5137415189150305,-0.05478834664396382,-0.9140448867741209,-0.3950476987819037,-0.5268774030282584,0.4507171287311469,-0.03578275092129796,-0.5189349290724711,0.4067164828646593,-0.12660701538866978,0.6130736447662841,0.006802933382747025,0.20409842429175862,-0.019154410504948073,-0.6533835907055616,0.3057359940947807,0.02590928075099514,-0.008734977832900377,-0.09262381264598621,-0.07071609071419721,-0.07848529509365498,-0.34588120713590487,0.1355849402217675,0.08226414745664609
2.0006285188949864,-4.827480412377172,2.010280274857417,0.6528269636064106,1.7562088808954495,-0.47511162760757353,0.03390155877201924,-0.5969418201623125,0.15292817999234945,-0.24299850368554374,0.026760570154148965,0.7729286589727343,-0.038013256188332234,0.5133393348608376,0.34979644576452407,0.4237897507525984,-0.015252922242787846,0.742770140022416,0.6411272771075078,0.2879452272391511,-0.42312950674044497,0.5140114557611499,-0.09652144562635331,-0.07204717297685632,0.23733023795032113,-0.027958010874519417,-0.008457751577715633,0.22787678994556335,0.2741082496562793,0.5887129569924348,0.08333581340296473,-0.32635538869693353,-0.16473147337753075,-0.2875724392656655,0.14147735883260115,-0.04426700430168519,-0.3906149524941606,-0.5786768452330944,0.03748817884981655,0.6561470940917357,0.16028144167251168,-0.24326104369091597,-0.3165096755169635,-0.3681205257652148,-0.44884930206526896,0.23371569956318397,-0.1757361818228015,-0.40474934334041235,-1.1743852425313774,0.20198375463149845,1.3035517872571696,0.004731493088264195,-0.7587856996691091,-0.0049174012202942066,0.11527710517095938,-0.2732730046922755,0.4950669684698994,-0.05361955183974464,0.14591611334144405,0.602146588280157,-0.36248178202422204,-0.0697381697828071,0.18334519264765828,0.248705604736277,0.6315881719735351,-0.4509062166748183,0.3762933257411799,0.5493634791392049,0.9421654915781311,-0.23077395108048798,-0.621480031980214,0.3636284021738914,-0.14684345201066626,0.5843421569564703,0.0888877483275765,0.06381971826916878,-0.12979740189909525,0.27435756933356,-0.16382008448217592,0.3176145584828076,-0.09914272994047313,0.7284518589403752,-1.3295248907839945,0.08518595976417087,-0.5923815818458148,0.30197740573667553,0.9439262778148197,-0.3240847279666602,0.36590757992416845,0.434238883240291,0.13704714784730473,-0.007924503239260569,0.335518146840908,-0.12052165349889639,0.7008394824191837,0.22213831371889217,0.31187410715199226,-0.247033466981044,-0.41196581672455673,-0.08554112505078078
-4.005530692996475,-3.892223220311016,2.231908649853833,0.527860594587282,-2.0003869152755933,-0.607699798697688,-1.0113575774164048,-0.38325032878688664,-0.34842913425528943,0.16860343744811182,0.35806126523793635,0.45811927680906894,0.5084751425094356,-0.0972668603368693,-0.9397908539428389,0.41619586937124026,0.8661531668942785,-0.1283408184176962,-0.5563677625853298,0.23740832150536711,-0.3599607986843361,0.7383826315596689,0.03325402733839462,-0.8319306295223606,-0.32146036087232027,-0.2132367169502407,-0.6876470925135403,-0.17396670670370665,-0.5365420667764534,0.5337276873288647,-0.9862382017763489,-0.6042043454068106,-0.1111618294569937,0.7357921772897887,-0.10524015682140725,0.1907408559161861,0.7185442992250488,-0.35193426906237724,-0.1283689708814939,-0.8320763624793975,-1.22791323417622,-0.27237619904975957,-0.5435610969004996,-0.9014021032589256,0.2061864518209494,-0.6067214381134062,0.5428629198423099,0.6216869586580114,0.4352626539271908,-0.5098189605899662,0.713385112288629,1.1463778450611368,-0.6092977911746611,0.2698814171313343,0.18450697046847986,0.43033444583449476,-0.41953062826728477,-0.07034930812942529,0.5988918137765902,0.3270920373772418,-0.6701947285760018,-0.9257993051992336,0.12756261539255187,0.48348159655075795,0.7693125144127296,-0.2093308300264332,0.36879243989885585,-0.19158628864653302,-0.6566391723202137,0.24428586863097776,-0.03190499847276197,0.0931721667667509,0.2901954539447393,0.28534744319621264,0.13581836963921357,-0.01042777609738532,-0.5207948149829049,0.22558272912958424,0.3547211430842881,0.08892995875755022,0.28668188952155843,-0.26017787862219016,0.2584420780755394,-0.19486839520983226,-0.05498197428482659,-0.0017112963342254827,0.31913675915932443,0.4080429779589471,0.07004521331989354,0.12773631100556668,0.2009271193386184,0.10372590747016457,-0.3109539931086104,-0.35947393071312966,0.12868574473343208,-0.4355200318739913,-0.645770034172168,0.8832455809046257,-0.5443032195706137,-0.008949006343037164
-1.3441031347877177,-1.8020649756556666,1.9909964242303406,-1.7879291535313515,0.6780573522568835,-0.27641374585339573,-0.13498522585965864,0.13412617809880575,-0.01229645316846433,0.7575086939496503,0.044737599530640666,0.7484765373218791,-0.45549755584985235,0.5305575233889166,-0.30690710816001476,-0.4583124349916096,0.18601181540694597,0.060216039183642336,0.5472252509919641,-0.8495640625510416,0.2718372430114313,0.42489394982044953,-0.09571690256671382,0.2707379282146036,0.6899944846636874,0.8949406369649345,0.40761447640636084,-0.32390401688748394,-0.015467412348240811,-0.002995679546153697,-0.319486324735416,1.2648072092439544,0.17846846421343313,-0.5283057845884097,0.2317418427034426,-0.44020911219851255,0.4753216017917013,0.7997756078636893,0.009209943195437251,0.06877937932937951,0.3256224968058988,0.3350058929787948,-0.25422021090325037,0.7301572073722237,-0.611110927452413,0.41584174729937995,-0.4155572459393825,-0.7636958896571227,-0.9081572749087737,0.06797374532481061,-0.2394215078883364,0.6016370089360132,-0.013350673802857208,-0.17015213815869798,-0.7566849250732371,0.4621355820096745,-0.5083186682769563,0.14738456261980756,0.12024755055320772,0.428549620023968,0.26299855254415094,0.10203034622969441,0.7653341961473814,0.04572097580953352,-0.29951320829655625,-0.7200994234026198,0.1302234405984314,0.009812493716605215,-0.21132793309146336,-0.10087705943936068,-0.9665825379423987,0.23802426255137674,-0.09250977196134101,0.04817237011818845,-0.796838209872251,0.5954572268989546,0.4988882908671304,-0.15463820043289783,0.4809394088445652,-0.6298327670267134,-0.09461878854943083,-0.37831499525794576,-0.1696644697403747,0.49735420438975814,0.6420757595407652,-0.08571814908932816,-0.4579117264275606,-0.32175880142332064,-0.4263789951176453,-0.21975237910238354,-0.3868266354342771,-0.1693885032088986,1.1022057431180612,-0.40432316208164815,-0.0503737497759774,0.22743014509599915,0.8675625331879389,0.1725928224566045,0.2432431485999055,0.5497301807962887
-3.9554209345559523,0.7661543069425285,-2.591062782287203,-4.380288441357333,1.7341353916642985,0.42634466242063257,-0.17413596918116606,0.02180739887487543,-0.23680882426263608,0.014532710549454356,-0.12852129433747675,-0.6838350816873905,-0.38840915997789427,-0.40924663557826985,0.4803934244203923,0.029275496242451713,-0.6751019845099479,0.5160589726528272,-0.20508083000876318,-0.10463837633994917,0.315188482781587,-0.24464279187415403,0.8289740962867621,-0.38657521098614733,-0.13159847623128992,-0.09653490163375401,0.7737400397856696,-0.23405653896123793,0.08577261433902743,0.4045370145447014,0.03303757717466011,0.2915236274310448,0.17212585746588,0.6665443634828587,0.13165207154293573,-0.37892031971525686,0.16442442278069883,0.2710295230961282,0.35058098572904295,-0.2023306126660353,0.0758643590931509,0.30623030147975683,0.5124019322143116,0.582154998004034,0.3611559510620582,-0.2766496903514684,-0.1850344447997975,-0.3228864290551943,-0.13122731161555784,-0.23712532948498855,0.3661623026015308,-0.4326545005527975,-0.32458500857111516,0.45443136540693124,-0.0486582477293197,0.1276144311329902,0.47801130099106304,0.6132078806413258,-1.3284803657719608,0.672785010246125,0.15934670322132016,-0.3701300248363015,0.27760991306723587,-0.13876233507980118,-0.3452904848834932,-0.560223658652404,-0.41874722527486646,0.5632478248169537,0.27219043647053,-0.5526144543467868,-0.6899803802716256,-0.018490057926110595,-0.5323063265314882,0.3744471356117771,0.011598772127175364,-0.1898739743836047,0.391786768255156,-0.07917262140995467,-0.019501451852389818,-0.1625408055314223,-0.8890707944559023,0.12852939092033003,0.6627788168119203,0.009476457403276363,-0.45889132500152724,-0.35194677099709465,-0.023005082581366305,-0.4097756249103639,0.6794273423312456,0.11366367327154413,0.4940140357655096,-0.16594474038113508,-0.05339160888093224,1.1029511375557028,0.3898522471438498,0.5255729948958202,-0.24130992855850128,-0.37716104301750114,-0.7235188828547059,0.8274329218125257
0.7114943003779116,0.4614295040283028,-0.3014673558518207,-0.21998853568866622,0.042047516050654155,0.9178961484284536,0.1748105891544782,0.5636181689622434,0.5411205992077002,-0.3201546124654656,-0.40655486159424176,0.06856598896434313,-0.603822758824906,0.03547791577929588,0.163809498443086,-0.04102388301614469,-0.25537376454789246,0.3010355678112333,0.5026710847822956,0.08511867068523343,0.9694701792825552,-0.034732402783718024,0.41589053688517985,0.2703652799884201,-0.8550862820910331,-0.5507014250456379,-0.25084635935910643,0.2943842508913136,-0.18007562119114046,-0.2114580385252012,-0.12729477948289564,-0.2549333105455963,-0.3958274794754884,-0.041427171236172934,0.6389464960801535,-0.7444870029949813,0.06788847400666137,0.535859816148755,0.3395504743350687,0.16787166619349628,0.10281031526350529,0.08346329856754509,-0.23915899925986958,-0.8245569135117167,-0.022859201806765567,0.34267679744694823,0.17042157843108108,0.11737754475253985,0.0125199358612822,-0.6820726085685556,0.26002257972756415,0.025225770397395382,-0.3865735087599878,0.3255950269072163,-0.07296025073521945,-0.44716646648820113,-0.20374823085810362,0.22095331389645195,0.9108829556779141,-0.40913910935280035,0.1705762595188814,-0.6061016830915396,-0.644987932866112,-0.3301304040941648,-0.31141756902220674,-1.1177364426485383,0.6032598286520283,-1.2840425372500683,0.4665258400486665,-0.3695027686862253,0.2729226234001014,0.5538331877221601,0.27570338628167246,0.002394445939217312,-0.157068023599386,0.09377798694546961,-0.16985413977647654,0.5240841727085966,-0.22221955532840412,-0.3207222022043993,-0.634527299723529,0.39274060605165895,-0.39871181266968425,0.15867399861625542,-1.2288449392001755,-0.6165827912092017,0.33986168571806835,-0.23367068574082495,-0.5623456188303265,-0.3240149145304391,0.36794130965501753,-0.2392730266161345,-0.5503313810009237,0.34201880060046197,-0.5934851100262349,-0.6769736323878892,-0.11397991524720555,0.5351257332582189,0.09660192059066372,0.19023640856892804
5.378516451053241,0.7847207276609991,0.4594331387974193,-2.7117107892858336,-4.919631691209197,-0.0067232266240651,-0.2260211837358389,0.7439517733024968,0.26796929302522404,0.513657448682389,1.1062858541331482,-0.5395906555427807,-0.42790396057038543,-0.4656527942277614,-0.0027733688454781523,0.006972216783350212,-0.35306613546891014,0.3586385691657373,-0.5053582271782434,0.01700673096599746,-0.19931567777669154,0.4274877714947392,-0.12291587443865978,-0.16472578441098473,-0.009559006266485225,0.15229163083226177,0.20534338517428755,-0.1526520043707957,0.0315802350945841,0.1268072725788698,0.012511087828244446,0.1791819415148172,0.38115536293894414,-0.32545068324659054,0.8770116372208672,0.2869751392960492,0.33444537400267815,-0.11008737788350394,0.23074172369497334,-0.19540482626056732,-0.2652560857040303,-0.6333907367604554,-0.27992288534740956,-0.17995399903961576,-0.25570506106482305,0.02418456160710629,0.9205587269641722,0.2137091895591322,0.16461944904610576,0.5015729263730649,0.16206345515330606,-0.8281212498121896,-0.0377343947335157,0.28652096858819415,1.212067693755311,0.29994754915009475,-0.39191584634317167,-0.9196447190999458,-0.11810597215277767,-0.8694167696818121,-0.3280715508528441,0.34028758876158144,-0.2953136792501004,-0.2704855593061055,-0.06009091413777851,0.6969114014391297,-0.3056198094824484,-0.2479280996088661,-0.43682169805601223,-0.37111351605888226,0.017225421900827497,0.8201907750568145,-0.17265146337865825,-0.13802491903124423,0.34109627099476225,-0.47226380442955024,0.14936523715063665,-0.22744232636084774,0.27471988981192885,-0.2978210332269957,-0.2591535755188153,-0.07808421098728585,-0.10872512592566554,0.47378604654183953,0.8649471870896102,0.06081056798232237,-0.60329889885168,0.3014846899283302,-0.2963408020461593,-0.5244612591878921,-0.4542308189298379,-0.38427490610389864,-0.04801018841424236,-0.6846302248542926,0.4896037202961057,-0.29861688191213914,0.4282483796599685,0.06404586237729913,0.03589300685981599,-0.4187942280756107
4.653936642467648,0.23580525801424673,1.6637969798857664,-0.46526150876922856,4.520394956475817,0.16376248914909713,0.7722315779183828,-0.28256693757731977,-0.41447061205762603,0.021884179464780953,0.9561365710572427,-0.0877047400408137,-0.52361878901179,0.27874326076937733,-0.814740283745861,0.4223203674486703,-0.0026448925725792664,0.06473702588209503,0.03596510093833917,-1.1812523700476183,-0.5867384542954879,-0.11323057430545316,0.3109996200019252,-0.17150082792708027,-0.04027584333549348,0.18444861492849143,0.725127253550572,0.469333211882253,-0.40154177216358805,-0.35578168256295606,-0.007944680194882738,-0.3441831766647333,0.5780227802728521,-0.5855698800094428,-1.2652144245329653,0.653462133613717,-0.6889595351798592,0.1726838415922026,-0.05584961297182547,-0.33987318940682126,-0.2680523586798047,-0.2701050421605781,-0.3285640941135843,0.16546893434584228,0.04148979462620765,0.579265810380167,-0.07716861250578225,-0.006422679820950218,-0.04045674708310309,-0.48139597103531734,0.35100337514028035,-0.15914594726885586,-0.26630749587295943,0.2302484914003041,0.08781985103429917,0.23151354534387097,-0.38630209679783273,-0.22087313998711697,-0.001772910874214166,-0.4693831907432679,0.08382790107092802,-0.21428901367132713,0.14120468445573206,-0.13982347264289396,-0.6105134377716164,-0.15267375660807717,-0.6586383201232089,0.08718082294270664,-0.7302655481124323,0.5408741868249543,-0.3594211731056739,0.39729005619989516,-0.16498882816696706,-0.18138309556891205,-0.28804439459403464,-0.6346438094248118,-0.654105539978105,0.6674239458962364,-0.4803487449026586,0.06479690335124452,0.18102374789585557,0.16268053777688876,0.022972099483161052,-0.02881009567697309,-0.7727866320269956,0.9420592433275151,0.12138840240235525,-0.2536971283859873,0.3661389105405657,-0.9477694584964325,0.4522695863719085,0.16757943153120014,-0.37538217386706363,-0.8292017762867716,0.3296405567610663,-0.012220961443157872,0.5101801951361187,-1.4000182870269489,0.004848518210948935,-0.5070812423946175
-0.5555899937733736,-0.40724450664034134,1.3466897142809198,2.662222054774656,-0.26531238371484794,0.4747005461449224,-0.305756477307476,0.48490167255459177,0.5990622507930602,0.9524551687310739,0.6739428069068477,-0.9619531940271451,-0.34560761127546835,-0.46695326466596615,-0.041082443640651285,-0.40908614690193734,-0.6535421443820576,-0.12661688423559012,-0.0835669924646232,-0.17474992997375421,0.0916533220384575,-0.19866729569232008,0.06789786108776905,-0.3154057860692526,0.5638734796225178,-0.12253829832694113,-0.3554485497007565,-0.253548003032027,0.48624213039332814,-0.11059156030225845,-0.11341340710925456,0.002913421981677434,0.08920116312243807,-0.4981076418078702,0.3595825149066045,0.24577614712253415,0.7335759603893488,-0.2014919374836059,0.3554423616038066,0.58432026903927,-0.13767025681738446,0.09565149490321599,0.9471487730433324,0.14792297059939774,-0.38736006206295953,-0.03070137381627726,-0.13388256704483334,-0.17301524231862828,-0.15207333480476082,0.3836746591491827,-0.5862391467656878,0.3084148129579291,0.2116830349592188,-0.030275257866907445,0.312965629126745,-0.7323882768256168,-0.4398768237994774,-0.6117011770348831,-0.030399672675213943,0.07255147994768725,-0.10572070931963884,-0.1277301235057957,-0.23607327480893317,0.6778993489137521,0.3699264489559138,-0.14570661356418554,-0.19690968261689273,0.8913404575148125,-0.9298433616518246,0.4933047583562258,-0.19790327471739982,-0.5358122969825493,0.36987882450247034,0.5156044819419923,-0.344966654325118,0.15059117999425284,-0.9896909473570015,0.10484898390251385,-0.12010968547004394,-0.596971501112116,-0.46364046463851677,0.009711448608749666,0.7331866454222049,0.28204127037488247,0.4854481211550869,0.26969892304463483,0.030007949537742783,-0.30893838399732054,-0.41969665115231186,0.12848405568303442,0.563544243176248,-0.2640118855296063,-0.34888964343146694,1.213500622005745,0.3235679361445353,-0.10060727212511385,-0.05014755858844395,-0.21268269922106128,-0.8945397287023927,-0.4289407746193733
1.3166717053884032,1.9455809829564847,1.9395246710125231,-1.1256525806064999,-3.3519151008033043,-0.072533724820454,0.12862820486955856,-0.32159683972178776,0.036290689626058706,-0.2346329493081665,-0.356371044434393,-0.09331522174319178,-0.012596347001298068,-0.17032764246135115,-0.4564497629220416,0.5613005226060025,0.013471705468561237,0.2770936229474377,-0.38437112905172477,-0.17585537738003082,0.1541518581786914,0.06085456204344618,0.7020644555485026,-0.5369320327961568,0.20017255562416952,0.03670844489283116,0.35357071030675424,0.11061450729778738,0.07228019488134377,-0.16485547898175154,-0.12651316085108127,0.20721803082667256,-0.4076743971103109,-0.3369444838286679,-0.3042446608824954,-0.2405017560029645,1.1656055813249153,0.19660481380588588,-0.26200510216241335,1.28715058122219,-0.01918440730906509,0.46468601956544237,-0.3674417728667186,0.3904684605546345,0.6154884446979376,0.3120977080210017,0.29542929460078393,-0.014066004572453312,0.12826388024113755,-0.012224983895696206,-0.18690190467320494,0.17116447274046642,0.5196170630957968,0.023207960753007816,-0.45545309647998977,-0.8595251076526662,-0.31482330971481715,0.12031752272453346,0.6340416235331904,-0.024973659870717722,0.7322838681416542,-0.7596483156280484,0.29463350663933396,-0.11496867090101327,0.1411749919030424,0.8364946916944447,0.041877893999865974,0.291329282208805,-0.5125242640088702,0.12137822566127907,-0.037847632371435395,-0.038575006551518416,0.17208094197609436,-0.5166110262930471,-0.5726934323592083,0.07817608520023527,-0.08145188855366739,-0.25005690689515797,-0.5082900264611918,0.0954135809528885,0.15506389288744704,-0.8816171313674608,0.14933259813019556,-0.07891558017631982,-0.3007228321593125,-0.39465333412845033,-0.1355164306896526,-0.6780823804490304,-0.15648706068899831,-0.031477730634320654,-0.33067520909946385,-0.18095850219351445,-0.7111540151772456,0.10639809465941368,0.16134212707068848,0.2547148799298173,-0.0471318669720201,-0.21337579120877892,-0.04461002025632747,-0.548459314096512
-2.206847308889146,2.884676577743846,-2.9890973194727652,-4.498965462893579,3.8170071747144685,0.026077690191764945,0.3216588932612921,0.0999964994943142,-0.5245924194565276,0.37896836027095077,0.15522895249732332,-0.4353299877182453,0.17546521584150918,-0.11976631788585256,0.4497734643204292,-0.5705859922338347,0.29008382002305017,0.014266045529637476,0.026830519176350827,-0.40946272305761683,0.4953476598393499,0.2756894331612029,0.5900628745980353,0.32095631154072785,-0.12172541027153091,-0.11624082124631872,-0.4170040068008766,0.14939417105046787,0.06086270191949084,-0.6863725769917459,-0.022297272539378188,-0.14764906709779402,0.3740190040882298,-0.2571256906478661,-0.9938099897667304,0.012457229069353136,-1.0765108993685029,0.5737429650327589,-0.06655623624107558,-0.6636304419794259,0.030296824484980736,0.7189896651379153,-0.19266476485096892,0.3712407530093243,-0.5795645671692324,0.01916879974784292,-0.7250020565501957,-0.10903110069067645,0.25530476204611385,-0.11433128930346124,-0.15387929505648087,0.09961671010799372,0.3288899158298222,-0.14204438890086488,0.40240774952726294,-0.7124780635026139,-0.20027531119000516,-0.22853599113377293,-0.7325313807585064,-0.1315531514670261,0.1581620577749781,-0.1820067450795449,0.008859682331046078,-0.1996928826980331,-0.006017108476997973,0.3842947438926479,0.21437494223134085,-0.5521158854298602,-0.06242969608939747,-0.5267990050563157,-0.19939717695187603,-0.3332914493178915,-0.797585979204089,-0.15783682001535276,0.26584064943906616,-0.8556318375926233,0.88091798581744,-0.009359708768200636,0.7298633433169474,-0.1120763670687144,-0.46632176016206217,0.2508382506983538,-0.6230049756780313,-0.7104026960301247,0.502773518765256,0.5138206908837719,0.0293808312190294,-0.45423442678147014,-0.18861808937720526,0.28570599679295033,1.0364412592930958,0.2182753622501653,0.6813580197953515,-0.25210125580703596,0.06904971011997257,0.46366273221040327,0.12381566124342466,-0.03751112003980064,-0.1708781828792763,-0.014148866519544629
0.007652409681034644,2.2613044486003537,5.8754052180149525,-0.11145808951082448,-1.2150012181133556,0.48302508319036797,-0.16849844916716972,-0.31399811860124677,0.3935353342941169,-0.29254004069697137,-0.7333017469635692,-0.8037092078862922,0.31163749375100547,0.07534649081726401,-0.397174426218885,0.11390371913445944,0.6123259691243784,0.5857180397868149,-0.0819335206173649,-0.5021897523548634,-0.02452074027196689,-0.21431127977556086,0.35943079326359106,0.40454259688465544,-0.47980766857203994,-1.227333232327016,0.02759210793942232,0.3451762356172707,0.3656777502431166,0.4313064107790879,0.3554501895443269,-0.11404208602959245,-0.3561313263786069,-0.3690557622895486,0.4223799448478312,0.1185078221752832,-0.042660297476943256,0.591689061783782,0.6010445614919856,0.6774344217702428,-0.08179892831115264,0.7687719546732166,-0.850231828268378,0.42335047745204246,-0.01675636357343765,-0.20379549739021988,-0.9624650792853116,0.05811963543515413,0.4522123046755643,0.01224165936125138,-0.044339038814689084,-0.2450317869735028,0.3250234824131378,-0.7256936076820129,0.2114983037898766,-0.6359691204029185,-0.011701549877232207,0.4699511823125497,-0.3453377105124066,-0.3300332438123789,-0.27117079715644005,-0.17789503691337008,0.16759723017217745,0.6697916078286241,-0.5701018517194562,-1.058278910657685,-0.22352845146157635,-0.17088033576870065,0.3685874844116122,0.5628106589992385,-0.16059342965903012,0.8843733289065706,-0.09822594599451467,-0.19401123626354402,0.5153701845978765,0.10886012052325221,0.2919218695179291,0.06102667166342622,0.07936825720233182,0.26966271488507476,0.2755201079714221,0.33863782877976517,0.032006616870812854,-0.353266922047546,-0.17570748240320724,0.3362801306834672,0.5004149612291171,0.3738862876195796,0.27791207111018,-0.3533067139658885,-0.06662431094456843,0.6780187839389887,0.7384950074632531,-0.05139780375422623,-0.10582497599233075,-0.21368169133206746,-0.08548716085544192,-0.05960076577076853,0.05723271640873262,0.041596956392824035
0.6162511974926757,1.8990117558108517,-5.753994729171017,-0.849614742864629,1.511971933729697,-0.14694518318520408,-0.33920564398004244,0.469755981233745,0.9380395609845658,0.5551787396064447,0.25737711893402504,1.03345334255639,-0.9570256362247842,-0.651389207650593,-0.19553967704530267,0.49220023782747074,-0.33116936330787594,-0.5974514339865005,0.03946992500347382,-0.3490094933664034,-0.2664048791886687,0.4382468430939473,-0.11730031310106932,-0.1482902585534819,1.2661940385179467,0.16144808740357408,0.3083861103467273,0.22010540985966112,-0.005159561024677767,-0.9333737987173729,-0.79519680138846,-0.19319482423661083,-0.17714198989154967,-0.4639232576848776,0.009232857271243598,0.3957766856327772,-0.5068917292880019,0.25456117912114395,-0.11588949572775509,-0.5437404888696694,-0.29891543574339696,-0.07795788650489822,1.1776199783228671,-0.6007873238373451,-0.2728898311226827,-0.23411211520897984,-0.175994427902594,-0.0314553919802567,-0.4530104173769678,-0.1586500518435454,-0.4388405407561207,-0.6663536025308984,-0.19094757523641553,0.5358751866873406,-0.1020585541613464,-0.2381687344775996,0.08363205162379689,0.8556585397868206,0.5314710376739744,-0.7575319831254068,-0.04175163831871608,0.4719404015826317,-0.10423161148765282,-0.05961852297521928,-1.014445987777653,-0.14883958785655801,0.09138725167780061,-0.12455314910498452,-0.03899464007419127,0.32313563438577897,0.20056923345829658,0.12864353378517154,0.4210579231496318,-0.41655873160802576,0.4108564499842963,0.9063111371386676,0.17297028732745856,0.7375827949451734,-0.3200378050897072,0.45337152108632794,0.681485965040833,-0.450769293139155,-0.7205161704158445,0.16159571547893023,0.02090666600267175,-0.43663605494829866,0.7974922501801603,0.06874614631898639,-0.17108521161521476,-0.27280066985220014,0.6908460807151644,-0.0010450646572266018,0.21353894309819924,-1.252134593486324,-0.2872924543290651,0.49770523165189845,0.6128714631202015,0.3530456633326716,-1.024080508971318,-0.5855279792462147
0.5233002200920611,-0.6655194322845648,-0.22039007525812818,1.9596085667016794,0.2186587792960273,0.8859968069351349,-0.3329514638205818,-0.4071905740261013,-0.012173925407065451,-0.1014672587605208,-0.6696339767873237,-0.8202343807443475,0.34246517834882484,0.2701261213410969,0.9211437006638338,0.10723315837560636,-0.8971802405167896,-0.044314556226255554,-0.05599643621927467,-0.07565707277446734,0.2983397256740409,-0.3289800974264961,-0.141273228586421,0.4029116713018647,0.06968641801569106,0.07503150187019726,0.2850721803284114,0.03496887340145514,-0.01501117342625411,0.40946860026866255,0.5788976894338604,-0.18824438796102327,-0.2136711457455754,-0.48539865711385094,0.266616302724171,0.23706886745863978,0.10989755503667495,-0.5114751395943243,-0.37675822310765206,0.5787303981798672,-0.4812310271064062,-0.07993743060505297,0.4773477520657907,-0.1786070960517014,0.18882372981154855,0.37947968925671854,0.31915055280192534,-1.1209469160837908,-0.24412658950754473,-0.2202009813023062,0.38923693661569075,0.2878330396846323,-0.02812044077140032,-0.10639057093570305,-0.3884400454756607,-0.014387758164052137,0.36593164338122597,-0.07075585877611981,0.1307679647366307,-0.6401791404425117,0.8829710430328335,0.25191702359826096,0.04017663992081067,-1.0564798192660183,0.1034609164927836,0.31663765591246973,-0.040436606142377825,-0.018092035769798582,-0.5157895719043826,0.017469618980538386,0.18179192344154002,-0.21937735977825581,-0.2717723921864542,0.13331079000133467,0.5712150834399857,0.09858004799098186,0.38682362468482123,-0.47050363112333426,-0.6213746848568902,0.345561837298074,-0.29741525955063713,0.15579147212820396,-0.035009368988678555,-0.5613652429254861,0.03869617224189701,0.12814588225269744,-1.016021581757734,-0.02616801924866816,-0.5275947734647657,0.23803371384048813,-0.21931669034746049,-0.6319162094657574,0.845554187667119,0.20843298065831906,-0.2730345844839157,0.13690917855019447,0.03689953391934411,0.38397803591553037,-0.4300102777623849,-0.27923343879651913
0.11874100768002674,2.19866999597247,-4.710242129871967,-1.5514442132735933,0.5335516805849664,0.603563769064153,0.3606397570274675,-0.5284706565637284,-0.1893936977174986,-0.18888208300826234,0.2615408995059567,-0.4324022766517358,0.2128902305280314,-0.437101110283367,-0.8525836518735445,-0.6492081447912077,-0.33505210901197807,-0.2734075635179477,0.2098128412090139,0.2416133388447249,-0.38171223683919225,-0.27117614017638275,-0.7075919878360896,-0.5582785965133344,-0.2586324085705489,0.18315510768948937,0.4228830429937231,-0.32483635554891344,-0.114650775555202,-0.4524347397907219,0.5544172266231843,-1.1716194423076374,0.7750793186276564,-0.25281749523603314,0.6175203060951039,0.10732827273259,0.8887882628454399,0.23149800574771964,-0.043190773846907206,0.17928444589934778,-0.7310414191140985,0.040264078281982287,-0.439373067080528,0.006563167125541641,0.4686224291481242,0.5719205528995674,-1.206251835290342,-0.4822769746756323,0.5004918241510833,-0.1240912527997652,0.26834500399274575,0.18777756622066943,-0.2739593696089283,0.11414739687455056,-0.33609720898479895,-0.5287438165881593,0.120113844759817,-0.391249566269856,0.33924889634451527,-0.23148850609989371,0.1617493863440374,0.41629218353407815,-0.08530905835665177,-0.12105483709670296,0.2471787131240375,0.5037652422139667,0.603605308504454,-0.40624194375575867,0.028402154849833394,0.25012274827657266,-0.17739815975764578,0.14055097432995217,0.6293718902220908,-0.1407331668749037,-0.051637474750173884,-0.6928394549764336,-0.2217207525392389,-0.8962797159468172,-0.060596958293809566,0.6567626972096886,-0.1984480611494814,-0.3457832296108962,-0.8366150920348202,0.09228952358092149,0.16710622307788445,-0.4495061705467107,-0.5672502401757868,0.029433535509660304,-0.07527346926052876,0.8735060331460435,0.3684505051050945,0.44040046270390454,-0.028674599029436847,-0.1455870124933955,-0.3220054761750051,-0.31576704522970916,0.26328531004986794,0.17488595854597988,-0.545022690507053,0.1623400899226572
-2.2654641057320335,0.9455232958756369,-0.5545677717185439,-2.4295671273913566,0.39126344771834853,-0.1268309530612627,-0.56249606423293,-1.3283919449709045,-0.013954715435069173,-0.4841084314264545,0.6828937360184308,0.06326911730669037,0.26268659372934094,0.5152994675898477,0.672833061335741,0.4892181866259466,0.8740262474205452,-0.3238620957670975,0.06684372358304712,0.26578857303939196,-0.3524410338158581,-0.02735994550277962,0.4025045223884204,0.36323993132920335,-0.12183383852683714,-0.018957147507259547,0.15916091721711753,0.07890732917186694,-0.2047335206358217,-0.38607735195554055,-0.286335342894501,0.623709749431742,-0.5083329125902158,-0.2504629903357612,0.18067688485807643,0.20263958744250335,0.5016978764120763,-0.2367474301639376,-0.2827789630056745,0.3091928500225496,0.5186473281682087,-0.6872349995243168,-0.2278722352203559,-0.2094650342780059,-0.508521904896118,0.39029251669134296,0.21152106024684317,-0.2771713328338732,0.3736173403020216,0.10429864849486076,-0.563061076883776,-0.2873863091507276,-0.3647229011778535,0.33989671693288864,-0.22210123493913195,-0.4129108083249311,-0.03978793396900787,-0.4126417777525321,1.1534596234179908,0.47697871218609145,1.0904015506781612,0.5275247523913729,-0.6286547054683794,0.6103465314834313,-0.23616533195993825,0.36972481335315177,0.4856599142446286,0.17676230431103315,0.2869085355779357,-0.5829317777147925,0.045166649028690435,0.2569476103696396,-0.16610119806403575,-0.41870419246189017,-0.21256603833337182,0.21084525306252125,0.36625462902054495,0.22972860202797654,0.2126489078482232,-0.016461795314581664,0.37706458253494696,-0.02632911406716803,0.10584097714459619,0.21481569554641586,0.4212205576310922,-0.7575315984765413,-0.20012606903691346,-1.0020004814834311,0.7171626644228712,-0.16623032797002799,-0.07035345904905328,-0.7977223668255712,1.2181517244992228,-0.3433731602759329,-0.3715499242846424,-0.3026325953825399,-0.5473843659975807,-0.4688855466886464,-0.2224676401017994,-0.2625204352737315
-3.3368351774349705,-0.05117788449686059,0.4785274386105073,-2.0333207104094013,1.4714352040587708,-0.13846571734878654,0.42364505643604305,0.29639177852786197,-0.4518624892203777,-0.7267349057464061,-0.2601831228525236,-0.8266235265624085,0.25500112096863975,-0.10886409314515826,-0.11812571519394899,-0.10984624940926277,0.5218668863884818,-0.24953190838395892,0.03221358349538649,0.2284141661571811,-0.8647680745376987,-0.10123244302326956,-0.1580440042446658,-0.45003895720293935,0.6741230590115218,0.6306049049820114,-0.08350299522365343,-0.30349517633228545,-0.3380561668769261,-0.5437181951981676,0.3096369103642647,0.5558312018265694,0.07340399818466277,0.3888519372845552,0.17274258093081468,-0.7763781620411158,-1.0575655976325884,0.2324591912362877,0.32471760030873575,0.5144935021233168,0.030347159339449682,-0.6023203553119735,0.38049820731326284,-0.21025931032923947,0.569974297746827,-0.3031651537953668,-0.17573031969573724,0.5445169039319775,-0.12874614270074475,0.42452661611472015,-0.12935827929749236,-0.29267916882269496,-0.0847453827361181,-0.3512960023250904,0.6169847902530141,1.1837956574340796,0.31864321489579195,-0.34791181469547505,0.3115797713989211,0.34417703924220816,-0.21333994817074486,-0.4464908773522406,0.495409311693188,-0.0722339996205477,0.21261830508164312,-0.8987259539500135,-0.15264857190921316,0.41186652056338124,-0.023045853910446633,-0.09382712197701915,-0.2614249724867375,0.09070422625307678,-0.34819799572023324,0.57685685385134,0.19746650977767527,0.010572087724592982,-0.1893583350543157,-0.12684026290145325,0.25506251686500586,0.03125545098248906,-0.04579819798859415,0.34882514068939646,0.4609576339652484,0.03083035540049804,0.22935974081937102,-0.1430576990731339,-0.25701059418360506,-0.9336227307262696,0.18476783878393868,0.7089073131578909,-0.4881655525611887,0.20939260758960604,0.05030696074227638,-0.0017018447105029025,0.3097130376925927,0.006285966490711045,0.16691848848400065,-0.8894777962039414,0.15881014313890696,-0.38819432369174633
3.148551234753518,1.5446716854229259,1.183711700196041,-1.4225919668099185,0.4057727902362455,-0.4419873970436128,-0.030938417959495475,0.08108345142511074,-0.43068229641859895,0.7971592146739563,-0.2520843646156013,-0.4466698616994619,-0.5286777414431792,0.28471859781507886,0.24594538502752172,-0.6487035292483373,-0.2168046950346708,0.41289629905473674,0.01605228537934569,-0.38435295661777646,0.1303065837601825,-0.2693297862548521,-0.1692682937797495,-0.1091807087786207,0.14670754688473778,-0.3176619129023114,-0.49306391969203295,-0.17884415044801288,-0.2819538228858266,-0.06282267987132224,0.0880819729448507,0.5427049339500348,0.6516410143301299,0.44826683555761243,-0.22503794070294475,0.20762535708479435,0.4774746333477845,0.37344669464441593,-0.02833529233889628,-0.05791415278776233,0.6807711605606289,-0.25192411737980447,-0.09102452939208161,0.4343640136576437,-0.15645905880172406,0.5383349098332728,-0.4040033491628208,-0.024559857144383603,-0.40480806238597405,-0.317416337768179,-0.06619176449896323,-0.1962510739375609,-0.7109342249801996,-0.7561338707559221,0.38540872778218055,0.034660775059927235,0.491031048328367,0.09345280697352903,-0.44911620710297623,-0.9220689325634551,0.27440698611411835,-0.5027780413283195,0.773969933354048,0.1538648458995779,0.8763873010468751,0.3224461042810259,-0.47737662837315004,0.6674052149055159,-0.4800407162390434,0.6882833145230639,0.5236901380992531,0.38253261171823894,-0.03655150243238386,-0.2966653753472736,0.38899613714290093,0.3989931809813949,0.25564225335639157,-0.6850921571448915,-0.008864004985132633,0.02110526793856907,0.519798333575398,-0.05969551898771219,0.3075893533227286,-0.17106532825335674,0.9057304151986793,-0.2851385677529412,1.3231866665533747,0.40492152781612956,1.0449860433382232,-0.4497406053406668,0.4324448567794983,0.18853100551383506,0.5517022942653489,0.14445388690116776,0.8566424273946969,0.5365818887265155,-0.06752792341003232,0.41534671858584604,-0.2507764157300325,-0.05392258453033757
1.5247198862357267,3.8534488940140705,1.1637467822226477,3.453904557392262,1.2341765495289916,-0.36198462924615066,0.1057166039965078,-0.6056112223679384,-0.5859835301063363,-0.5421218634081069,0.3175136224366496,-0.30034301345689224,-0.05887628118179474,0.6574607319243042,-0.5708758518392693,-0.1769759967311003,-0.23350282282740756,-0.39929832375393975,-0.024464486997552288,0.33549182415528006,0.5644944823489079,0.7839267962739955,0.5386809317083308,-0.15728957318125147,0.22411743895738223,0.1726947477250159,0.4104173242190996,-0.5205758987223549,0.1968323074136089,-0.3210851045461544,-0.20709143944303735,0.31130463842939554,-0.11518684333926994,0.41418452892519314,-0.7699782460404533,-0.0390105572014716,1.3887725916115026,-0.018876098489573424,0.10279634176728951,0.15230171111453275,0.07553943382099898,0.5258297589239286,0.018800308100761044,0.8561304656782125,0.0996333187821936,-0.3155728345177414,-0.08674482964237447,0.698786520563069,-0.4395038629172138,-0.17376302182065465,-0.6369221989057615,0.7623974515806002,0.2015992486341514,-0.521705650311183,0.1154238184796736,0.3733224239107896,-1.3743842846914651,-0.2379727923280482,0.5578232794173564,-0.4600600308213284,-0.49814133218222006,-0.2161233508573339,0.20911438103223093,0.20341008173002645,-0.4240027209938455,-0.2297737059031693,0.10898748755996276,-0.7723734335487179,-0.6506977342297848,-0.7288854817538885,0.22579902652392672,0.6650285823018867,-0.2130001363153061,-0.006072739717602407,-0.4903444181032821,0.6906039363545593,-1.1323115303268114,-0.2911334129152377,0.16338822847465045,-0.7049079123325481,0.8313989253628984,-0.9287086107732063,0.49485773044145376,0.006703217542986799,-0.5559423346802335,-0.4410083242451094,-0.36349017933062033,0.4097119334180189,0.6138143207939433,-0.0147426310661177,0.4216995848164549,-0.6818225315887062,-0.5169287161903613,-0.21762162181200245,0.7332355699936891,0.4760461019551822,-0.7259112713575442,-0.00806078914089417,0.20695739049019246,-0.009180971608205211
-1.0115053707970147,-1.922859492981099,-0.003415428626678374,1.8600921125786132,-0.23222631282286155,0.08319971876771598,-0.3606531559157732,-0.36254563566702014,-0.33265273351129104,-0.26728946347774957,0.07733179628608763,-0.23856651250157182,0.09420328276986382,-0.15286018027542078,-0.5358911104373808,-0.387483550168589,0.32426424268086196,1.0434727264815633,0.7071840234747707,-0.7286837544119694,0.4682673966500541,-0.6113908644998727,0.18896655014189204,-0.47321731873947076,-0.21754604862105248,0.30540242101401555,0.48607128225467994,-0.5290067889633513,-0.17942385050552662,-0.4914262698609797,0.25575563472736423,-0.2874469471289877,0.16664688370520755,-0.30779958282985376,0.40900698969919047,0.11114642390047934,0.3510046810322804,-0.13055238099694885,-0.8762497482649712,0.041191688410908985,0.20182194157656155,0.10869164234944714,-0.6956437400903073,-0.558684443479116,-0.321238091240336,-0.45457087624895054,0.4569262786193572,0.2544787744982967,0.1440530006992819,0.17954164603043238,-0.05512713252908466,0.05120792099256238,0.129765559861839,0.30391647737977906,0.42954583696816884,0.19442490614669206,-0.21959827029622872,0.1484655798505261,0.32265425011756466,-0.2914612369868221,0.07984707788040941,-0.4854670990223976,0.5018171503086771,-0.31786434238440675,0.8387440818397299,-0.27271762147126466,0.35055718812513703,-0.28479540980178264,-0.10835137351946911,0.8419316469641582,-0.6453746213453904,-0.7555472279082583,0.10550574159701963,0.3864784510631334,0.26945928403653185,-0.2229641254408566,-0.14465399383475291,-0.2117410959398864,0.3177220569651713,-0.4398560916140966,0.1704345041231178,-0.2734173617703845,1.5416998405071318,0.06175661472632766,-0.06818925154627127,0.18044918757476547,-0.028873377355885944,0.8998167050477024,0.2834416304048411,0.968295315269005,0.2298936845579156,0.01777855613970015,1.4080613121858836,-0.800696699301242,-0.2765537179713348,1.052819221438259,0.29947799116268337,-0.4043235351587573,-0.5382070839864412,-0.5459569885096253
-0.18177132858009226,0.041452836560293194,0.5162973699327243,2.027674955047052,0.11631078670669914,0.39209683782758237,-0.005900436572674043,-0.37356943683654065,-0.3342484718513442,0.2298685634360184,-0.39549736165824245,0.1429210881987042,0.5554803024372386,0.19032737516305215,-0.37416375969750115,-0.10028372677293636,-0.10458861010307903,0.1952466027749862,-0.5700369091341803,-0.029663433732734355,0.5602338373967298,-0.5051399907098002,-0.8991097272039519,0.12265595016720628,0.07809702361179302,-0.10587956925727712,-0.20247737854953698,-0.20211145534169492,0.4836265479076234,0.7196205213685707,-1.034710492854013,-0.05327871933279255,0.6185813943015802,0.2589564253575026,0.40796099566720057,0.36600261243190013,0.7067832204621731,-0.6112971228277464,0.21738541474152853,0.07078005410005299,0.3060235260690896,-0.5876170971137483,0.949200545875961,0.31601151792119747,-0.16801699296469894,-0.14884141900138936,-0.27474297241448936,0.0863249333355408,0.5814211161194729,-0.42695811876278383,0.5533062159054865,0.6143102774732135,-0.1454582789678173,-0.17490052541188547,0.9585993750055071,0.7333114249715119,0.04906944926655917,-0.36038531034227306,1.122728679831359,0.019738722067641615,-1.0539462879687536,0.17531564282093723,0.5368263353281604,-0.5836750719564805,-0.11416779210574399,-0.4993418810729975,-0.3068418963930309,-0.42541843011720937,0.45013470169600794,-0.07045551897587396,0.41975596813404714,0.040829549578503294,0.008562484705415766,0.703748581242681,0.6263285168095674,0.47656157477350014,0.13416250016116463,-0.6046878371010812,0.7655164431883829,0.1375728845436998,0.6725645091677545,-0.39914748101109415,0.8286054535964067,-0.1058678240972807,-0.28421814743388385,-0.34120942146060096,0.46087121296543265,1.067236065552741,0.1921866862828839,0.3345974401347446,-0.5579761876196769,0.34007325080419065,0.3488648779187098,0.1879084775499694,-0.40009506737563666,-0.06325669075045286,-0.09101670658793512,0.2734824664158713,-0.33974191883530747,-0.2756550680638832
0.16189474682867755,-2.0686961782491657,2.84306981717564,-1.869375463575171,-0.041803406971924195,0.05260833420975943,-0.19557621880526432,0.5192559840037742,0.4573191596863947,0.006275933947919947,-0.509957804299351,-0.210441299933734,0.23933468609101968,-0.05070249974523357,0.2880881059876986,-0.05965043707227839,0.5777202988183939,-0.548121536302388,-0.4933117807261832,-0.2735779903096169,-0.28965768156224486,-1.1525373968137511,-0.8197717687251908,-0.3472804045455136,-0.31415683373290443,1.103190392813489,0.10701802059097931,0.008461563422657867,-0.1363935988271993,0.01717608463980185,-0.6454536973434828,-0.6142853549451093,0.42819697672681484,0.06233420088732082,0.24858335172596366,-0.06117758826927694,-0.5901298306293999,0.3792911949680452,0.5257715190701222,-0.01384415283584793,0.24035835071744024,1.0277393385652587,0.5098401768183473,-0.12974240730244874,0.14365644824240714,0.6314678837053362,-0.14949595180492598,-0.14389753466255167,0.7507911084620731,0.09342752344153903,0.5912315629972456,0.08465568714269915,-0.12850800071121554,0.4297190533482446,0.21266209133096511,0.4605578940751478,-0.22262399998274707,0.49104061405931776,-0.3914574881231244,-0.40431343383926993,-0.24673043565034974,-0.12493225756646689,-0.005805581472120733,0.3170213201176208,-0.4031901482095727,1.0328416549436394,0.2880429326128563,0.6478238984962514,0.200462329534711,0.15608222615312436,-0.18802860492875811,-0.5784922396124346,0.4339839236086658,-0.5654945262157725,0.06193337821915533,0.015928724030184936,0.32475393420587717,-0.19081354799282027,-0.8357473610740571,0.33182032390370253,-0.2447581436936053,-0.00835809106243992,-0.6217359465951022,0.2112322296492385,0.33385670372518617,0.7764690458409008,-0.1538240789298786,-0.31059647511675076,-0.1353647195019449,-0.7212098571174372,-0.1668396512259667,0.16692387580874363,-0.7507609107174493,-0.7584479813787255,0.5991185901614855,-0.21432402717668528,-0.7340306315715208,-0.7177886114050146,-0.1792185217641331,-0.3089773442687801
-0.9316860025374566,-1.720016915534445,0.7458230250634375,-0.8713257311120796,4.388889737939291,-0.1508845375068551,-0.31035003561697067,0.72665701617451,0.14751305994193878,0.4349657798961702,0.4124952790792662,0.25079855938516027,0.6261243054333111,-0.23878013867990772,-0.3562036444773808,0.10255622000285775,0.416489379676578,-0.05613100860790629,0.048567336640976295,-0.09622960271643229,0.030284017713388223,-0.2505080614330652,0.005463653226523696,-0.17665629412105952,0.8373220969704116,0.07981095756303956,-0.0376048823921501,0.44414732453157374,1.4015531155390641,-0.036844906805476,-0.10221237108353176,-0.1478225894715889,-0.6747133524429818,0.059149417012962516,-0.09545267722836814,-0.5299729934446178,-0.9701537758899986,0.391645480096845,0.4610533442647899,1.204132955113532,-0.10039756238399912,0.428784487186713,-0.5959604487877074,0.05489850564911901,-0.34153207337829483,0.33294775878251365,-0.10742169923300444,0.06112864782297129,0.10766323405144247,0.2839446672904752,-0.5571380907717675,0.18776260914091278,0.0033538089862948177,-0.3572581194377592,-0.7053471367996148,0.30713724423257455,-0.5146071737380329,-0.15062620705943863,-0.2026285051192944,-0.4419203370430211,0.9034032776729966,-0.13658240003991917,-0.32788306782763765,0.6345945662439487,0.5761530744429317,0.10081518499687304,0.25455277822094496,0.7172269216342971,-0.07106248450634879,-0.2219220045607572,0.06648838793692223,0.18337172325327247,-1.006561869140775,-0.004012077454630662,-0.2724059775134029,0.04619575311146856,0.8431357679083966,-0.3465184785987065,-0.3755331082225347,0.33645953592963407,0.24697084244851158,-0.2395760381650343,0.27441718533869214,0.4099358892666991,-0.6423169022675498,-0.43963759513701556,-0.11985105343685583,0.41180758809714385,0.05027052893943951,0.4544728109532995,0.3177776197984982,-0.3708538635737431,-1.0465428530408458,0.633304544545617,0.27388473702396215,0.2577120394256287,-0.15943144017878322,0.31870579796228193,0.6156178935439464,0.08256068350925637
-0.3017881766815745,-3.594572042455336,1.0914154520139188,1.0285179220789569,-0.5377348934365302,0.1473370640173694,-0.6396917023788121,-0.15983557999637274,-0.022976488159736925,0.14394298068890826,0.5797314191396853,0.2900018629638967,0.3097088894268614,0.061702199723608304,-0.19535535408648946,-0.325771094702204,-0.4857841448636653,0.41512571225102657,0.06847659810530207,-0.4624063764891595,-0.03963939195575042,0.4869205352259751,0.10140381060985368,0.21432376233642939,-0.5395916302220883,0.04673000747529812,-0.006509478894592075,-0.46437484086603276,-0.4797834974988333,0.048885323418944374,0.2757139251712755,0.18969610810691803,0.575058761689584,-0.7500293375657748,-0.09535027935524666,0.2750721102666577,0.021200107996606588,-0.16383767170384456,0.31311285130276484,0.01712837188665434,0.6053797308201071,-0.48190125976316983,0.34587993279755047,0.08504597846371884,-0.424579917502248,0.01650200239202177,0.5410126289562994,0.13954862012273964,0.007380446166397508,0.14542674456688087,0.07488497166344002,-0.44085800223910737,0.810458153278092,-0.4544281486186798,0.6208486407289112,0.11852727397860001,0.08240240744567727,0.05639875967826927,0.14492841734109566,0.1915059496158192,0.069416353012711,0.2126476216582513,-0.706872230026554,0.0037724058567112145,-0.21013338529876704,0.03994895373447794,0.0511196351620578,0.6473815932959794,0.3175324358452934,-0.75528763412004,0.23907013367957225,-0.02110930381833535,-0.34442444125689176,0.036248124226005006,0.6145287684374078,0.49832490614840697,-0.10349169934675759,-0.25639138464669825,0.22876827389769563,-0.6493252644540182,0.3053525464283224,0.1631449757389431,-0.27079393271064545,-0.007138452552132274,0.8520823895881579,-0.44153113542504013,0.4876472055556852,0.26219140974575755,-0.3179897766405861,0.502030244763618,-0.1965443244615938,-0.2858932099300274,-0.29769502274581794,0.009802053523802345,-0.23488098100646923,0.32601605598149436,-0.37122677160927475,-0.18449568801724175,-0.1921942838642512,0.34852942922281693
-1.8973560925928459,-0.7477981306893114,2.8140973946890626,-3.3357357009011706,0.13454431612259224,-0.17766152645596767,-0.01270054659602382,-0.49275180635219595,-0.35951751964691925,0.7299280458745189,-0.15679048975865867,0.7262405850199561,0.11831871031871928,-0.3290084179645096,-0.20150350050719998,-0.8562512264663432,-0.8063090013010048,0.2354601831082852,-0.3395229418460992,0.6960803257754905,0.5992820471510748,0.416629557641619,0.30012768146091706,-0.20456418453901667,0.08116244706680431,0.42726817823295016,0.0011610878621496922,0.6838178734027267,0.20710240853007084,-0.2980564969546048,0.40104267406617006,0.23126194160143698,0.053771053381547675,-0.23547121926585518,0.24738623366088025,0.06102966386021548,0.04247899695037963,0.4836744883779633,0.3460378613195266,0.5094202293086572,-0.029564647140202224,0.0049771263323293725,-0.30607779449090733,-0.7492398286982975,0.4538525489290386,0.1559850196954384,-0.18537905868690055,0.2216863478887609,-0.3524960537971168,0.2532902743205111,0.12000828693392464,-0.24181780620436946,-0.24050669186995907,-1.1515337311575902,0.23302553108124135,0.04496642788756243,-0.34599423021164316,-0.4214775072701581,-0.23934912776332665,-0.09593327366217658,0.03002880644745391,-0.6839354846225928,-0.28706118019714705,0.11715035796306572,0.2468192065131175,-0.09593045751267977,-0.3003677982072046,-0.3936581703120326,-0.6235068123396169,0.3706399494925005,0.12717460358032448,-0.946114309244099,-0.8541006442171908,-0.028690532093732853,-0.4116353846408635,0.8154076243738432,-0.636472606011823,-0.7174299043666191,0.07628010822349755,0.06032721141888739,-0.78386063513264,-0.18411688316845368,-0.3713539809474894,-0.47247375917796436,0.6504480653721258,-0.3233564467183908,0.5808053697008275,-0.5706817753920175,-0.38691803044506184,-0.5666649551672119,0.4634218731986602,0.21839040558018477,-0.10382716549202288,-0.3596860701551008,-0.16578460473555942,0.3146265164364347,-0.4638679298618587,-1.1203817109394771,0.05195976513757163,-0.36603075675254837
3.3954583658787754,1.790226014054621,-0.9940563335031745,-2.1263022944901784,-3.0958948893614298,0.08373256205035892,0.09766282301119307,-0.3279743368860087,0.6345769515673952,-1.0100639751960774,0.057722518420568594,-0.45525887662619696,-0.3859476863860264,0.19896902738768904,0.22074820434833486,0.47930115362977493,-0.268728364113617,-0.7563859587511024,0.37834441477198316,0.6270618192260169,0.42784587023039683,-0.23153593845171863,-0.39467870667775,0.2512385568049496,0.8699549959958389,-0.25296540970598996,-0.6490866612820799,0.028405892026883973,0.806854606204657,-0.7649590211325528,0.22681200368254809,1.0135237922196674,-0.7871766021206991,-0.06486420516248029,-0.27952494616858925,0.1100354720748317,0.4251992741070942,-0.02825971844041007,-0.46683895986846635,0.17721784754581155,0.2620575785988887,-0.02955653444018141,-0.17447240252632842,0.26596998018841134,0.07987911142332153,-0.09041979458272775,-0.36877796267784596,0.045760045793136216,-0.10167500728571832,0.03307666620389558,-0.2842950430497568,1.421743628457392,0.3259146291642634,-0.2931892366825052,0.18409863840667257,-0.33268953080892166,-0.4110683487674519,-0.1579168781159525,0.6712167477954867,-1.2285483915644655,-0.8040318686376053,-0.47921688157164605,-0.46632139250283455,-0.17377881014854693,0.22373814733329897,0.4217038008811802,-0.08673613884411337,0.34619599560598635,0.12436440888731376,-0.14463777099225353,0.1626923212291384,-0.10404462846186492,0.31691237427961394,0.8882944725508946,0.6768491843313598,0.0957664133113862,0.31223341754058115,-0.03704490853579039,-0.7240258000622071,-0.26542165854043415,-0.07617257034551893,0.4183816276846769,-0.20972148881199343,-0.19728781568822648,0.07444796378607943,-0.20777750027724845,0.46061697844463023,0.3161463571070802,-0.7781479660847012,-0.32814875962597967,-0.6655936653737059,-0.2069599950048092,-0.05923935371280035,0.3929809972773512,-0.2591365132508769,0.3355839957215899,-0.5287039936601378,-0.7810441088313727,0.8352075947671339,0.22140693909691758
1.5131680795134854,1.8095592783416392,0.4407635047034994,-2.965242192802978,-0.4163595925203184,-0.45303233770869367,0.13782708928620782,0.298038159490627,0.5688715333943377,0.3749463166225335,-0.9117336003340785,-0.5098934772694876,-0.15186284093658653,0.1663290783527364,-0.05676626841653123,-0.5659788099012502,0.4610998103774344,0.1111183659085639,-0.16592580421164035,-0.26675083056060006,0.2209571886799198,-0.4846247775498486,-0.36823687161440505,0.27668600851519765,0.25985714658637815,-0.21415466508735753,0.9787887154202656,0.5006508527646373,0.09917123181742989,0.0771857516254745,0.4860301333364537,0.9642254883385841,-0.5954729147690078,-0.3790248678811002,0.208508339684768,0.7189599789143536,-0.554217280432353,-0.026926587851587712,-0.15563249525054684,0.04546137943021557,0.38116479639198964,-0.22135870112714387,-0.2712945410038808,0.34581409260574236,0.2558278764498965,0.3260117003448404,0.49048858908264237,0.7422945174140699,-0.32331374911431543,0.1187527668894546,0.14491619738298525,-0.34155321896229573,-0.42688936117396903,0.03708738935603853,-0.2958747850271885,-0.019278379122730182,-0.4402756883931891,0.4133597879194309,-0.8947332300177925,1.0465650152000048,0.24708927860185567,0.1592449869803749,-0.4838022151332719,-0.29178175560742015,0.2269915777230095,-0.4741838850249,0.0026763168581420637,0.35892824018713093,-0.29422354517400623,-0.05124635782546122,-0.037028880409963404,0.139517915715223,0.6732001456193215,-0.1775307960509451,0.0012514640621047132,0.08721109248112727,-0.6028340526395652,0.1049186001409882,-0.09574618992687528,-1.2940297885080843,-0.8591574044641465,-0.5678167805245529,0.916809031135253,0.058146259942827065,-0.8290982671211087,0.47010072736049896,-0.659227119375331,0.024345503740392533,0.7599274477198307,0.16962561202974574,0.2787104481688215,0.34039208327403914,-0.6092468513856765,-1.319163521816705,0.8834830745281206,0.22154747141211234,-0.1344273680576137,-0.33961768623122,0.9540285249260789,-0.3442919600618085
-2.6148982380628114,1.8431018580706235,-2.6158454455695814,2.2100425793954908,2.985077951984263,-0.20416737800369295,0.1705836099109809,0.3843458574372341,-0.029615380781915134,0.22550077270599567,-0.2548113552659041,0.4031946352006858,0.31273301450252466,-0.15698923908284523,-0.1142893186666263,-0.20620866019541473,0.5291460862178607,0.20444975780637273,0.11541618271517544,-0.8057416111390625,0.9599040528755995,-0.522090160678174,0.010180205348802233,-0.6473471437500862,-0.20585542799320644,-0.9745649648942282,-0.32586801164640705,-0.4091920925863854,0.12835225908925568,-0.15318838274381477,-0.07118404769516233,0.362761556481532,0.9075207290484604,-0.29317373929561147,-0.4468156236853368,-0.0442930703849715,0.07556830862592975,0.712787984907681,0.73681287593269,-0.4171903346493436,0.030414316215096413,0.004880902803183198,-0.03639455320030397,0.2509769931516988,-0.05227953231114638,-0.07789294535697427,-0.06573843577842399,0.24986943226941777,-0.40388524566416145,-0.807739449336152,-0.014599122610001875,-0.016828608591751837,0.6181063756632389,0.3477733776482574,1.00073737566004,-0.25096768112819884,0.3354321055469834,-0.5140222669145794,0.017194946324284387,0.34047762995504766,0.32726414807932536,-0.2662909827435322,0.18882310708601535,-0.4423573739013519,-0.1717767690165994,0.5887245141510935,0.6428701124186769,-0.19636603940969913,-0.6911698396620454,0.11491313275445075,0.10085305115940475,-0.01834988108338256,-0.46627357985066026,0.8725144489465056,-0.4169295737801498,0.18756732185604993,-0.6590871748223336,0.02899625748464481,0.20057062061701045,-0.514152596338687,0.15081524533697782,0.27883858379209003,-0.5995054019202954,-0.8477804890158963,-0.23641542893309817,0.22728171871839217,0.6760253208036039,-0.23506372012819177,0.4102511337783085,-0.5616428796963078,0.253250694423167,-0.4181067900284641,-0.23551396285377255,-0.008541662301083143,-0.0654320723158033,-0.2030415407991318,-0.22694933398437442,0.5764398546684014,0.4694856971063562,-0.3714543876293346
-0.28158403586231195,1.7526379389304714,-1.615563306117981,0.7169693738571452,-2.3771361161863167,-0.1884396027327257,0.0777326994913075,-0.04659030764244614,0.3085488535557273,-0.09640456889660841,0.12288796060876896,-0.338988265032947,0.5229271437063399,0.7574357893818733,0.9346392135559096,-0.14732662880341166,0.4950460963728589,-0.9522868857940138,0.22140636335912844,0.25182328124466113,-0.28059545113127576,-0.2028634446999986,0.010338992892347902,-0.07893616168835398,-0.48717305814683676,-0.5274476106990981,0.24462605205638063,0.4953948425209048,-0.2212707530110216,-0.44775864193812415,-0.7915858946363596,-0.9513043575736628,0.708818107872092,0.17773614417272854,0.18123238398210917,0.2241493733367107,-0.46284738414812737,0.059472356783301726,0.3016078238080625,0.9919968561820932,1.3426086405837228,-0.08723946226008128,0.8511988077408172,0.3126441792142052,-0.654745135394362,-0.09855788337561627,0.22858469472362625,0.3923045421867097,-0.6518850299335633,0.589938662833428,-1.379394423607274,-0.2432196956222866,0.41697203792651966,-0.18452347672261393,0.23173680094572405,-0.42092200550603526,0.1364133957076313,-0.05243762592005747,0.06012771891610723,-0.3779058318721309,-0.5330701800617013,0.029184672094921125,-0.09038252055937292,0.3814705967516333,-0.15511193430421102,0.21013757927954727,0.23089893346439053,0.15264492313443828,1.1900721616077075,0.11348554219928328,0.5682391735125998,0.38211241362750864,-0.1773558765245099,-0.524038010555637,-0.01052892775949044,-0.45080370493737565,-0.8840538056709276,0.08413450434785075,0.03956490992954583,0.4315018758259186,0.08934316178239013,0.41437114537549974,0.521622294541435,-0.02197019668965668,0.6099166268983434,-0.5739322236524362,-0.1829158489398012,0.6355502099559779,-0.7337282822352053,0.43297730640582627,0.46275904416383923,-0.2627094851588994,-0.4354926907854173,0.14523773124066516,0.19566315429044953,0.3075421829469484,0.03612155608074525,0.6927015660710829,0.40760318223590164,-0.4280976903593438
1.7911037838003738,-0.7897494081275604,-3.878757432517898,-2.453280958942779,1.0003527796658103,0.24625058192737684,0.36048804931451345,-0.3643943511404495,0.04705842626498859,0.21741246173863318,0.8499211261261169,0.1908921090076178,0.7422465335734998,0.018348722165951733,0.2687240334601747,0.39174779766624,0.22602498380142305,0.4679467786300046,0.3705563184191865,0.2609875824881512,0.42172850777527265,-0.011293698370988465,0.403149325780225,-0.2228336003459391,-0.0925225743767345,0.20106560191878856,-0.2941823750406276,0.19193530531029307,0.3581843509175279,0.02506676585495603,0.21247987161332788,0.31275854751981214,0.055035928406311774,-0.06423913860148137,-0.5623642898782528,0.08542215773522222,-0.23200368536262939,0.6560288930276699,0.5852191895118374,1.2775497328924164,-0.5272772071292188,-0.2749181137477895,-0.12852777899615325,0.4885885343022319,-0.5901162208843003,0.5211640294971202,0.7469151440350728,0.2346183311506073,0.9404941307571202,-0.5827532283642926,-0.38341555110786874,-0.42789818190467643,0.24759347373963195,0.5452622342666077,-0.5042998795111722,0.8752039209829487,0.09132847892455127,-0.036672545991788826,-0.4732756266065485,-0.3351433056570306,0.29874313104312045,-0.26375351133881425,-0.4725156426320588,0.6616931587349688,0.20183057624219283,-0.012881722285388869,0.03750950054226881,0.00020371233726386057,-0.023819734887132033,-0.05108995322419103,-0.7285694689719783,-0.6885946572660363,0.4585968962783073,0.09209152421182781,-0.6302237185619277,-0.886134735152716,-0.5932024584176824,-0.047774679698877213,0.03005146042277336,-0.5003521350389118,-0.2747560045821377,-0.5052961605434917,-0.17110068995043187,0.6331372258227831,-0.05969084169209603,-0.5351585889586726,-0.3354857989565927,0.202299678822566,-0.22436195174795354,-0.6204393777866326,0.10530734242143838,-0.08467000523432237,-0.41920267706454156,0.016624605189811664,0.5492553654631945,0.027810114678276585,-0.2787195834852462,0.47999902859562416,-0.02764782395314,0.02813470591277638
1.3199831487504914,-4.142034049341828,-2.4176604392816334,-3.595652971540719,0.5195080865093511,0.23391994684849388,-0.8481013753512704,-0.10417289020708018,-0.787323275482321,0.3865549395446727,0.3526188668634653,-0.12078015592935479,0.0326208408177067,-0.2804250537167909,-0.8288055175262777,-0.05066663765917698,1.324710091328411,0.016043893673193494,0.4360806969172628,-0.3824138602834184,0.6673340046831355,0.48380640998466645,0.07948740383938906,-0.4998483336716376,-0.18822364820991738,-0.5856810326493216,-0.10433543647856262,-0.640364670716284,-0.06633580947149255,-0.05060591446443831,-0.6155090306149297,0.3392459895228481,0.10885402795047801,-0.16297420875018354,0.6082529440455982,-0.5477298206974199,0.30634077980074703,-0.0873713260881917,-0.4433195198807589,-0.12296487245361809,-0.28875556777288797,0.4299401449363567,-0.0089418465779232,-0.2226345556816474,-0.08685488677233734,-0.3047858874273723,0.2832723338323328,0.14723431385134475,0.4949592948227011,-0.2756702302287601,-0.13846440347974015,0.05664656510024217,-0.28395494538521365,-0.1456730531700191,-0.5810298166486351,0.12046337980883509,-0.3158143304680146,1.1593111810122452,-0.5369611314726241,0.24670872264988244,0.1674816899849428,0.4473465529967508,0.7135597151572082,0.3419283233624482,-0.5961941416702645,0.5846764906675836,-0.13614624528238956,0.39901801204315535,-0.30379826704080126,0.6420655470903217,0.16782488131613663,-0.532849189279197,0.23919947177055056,-0.27270825501752644,0.37386659313137577,-0.7663405978836453,0.03204499960882604,0.24329109548816222,-0.13639255023896454,-0.5694404017650126,0.4699804342457344,0.3043804850144783,1.0952254330364146,-0.032489131348351574,-0.742222422716777,-0.4008893825825323,-0.33044854168931387,0.08406033219432174,-0.8332639150357716,-0.4624902279957362,0.04927506455522226,0.6714910326605927,0.0846843724285587,-0.14679996282179375,-0.10577763869367088,0.4826113212840009,-0.04257229012438326,0.18952154802284127,0.445759835894596,-0.7193043342855465
0.18540177606214087,-1.8064428016165133,0.7250037058077803,0.05834413119777315,3.7857305147893716,-0.40087109668088267,0.6756182402675742,-0.29307421961590413,0.049334727312449755,-0.36791801413461683,-0.0656683414452192,-0.5374687325489822,0.9226656744690775,-0.06996413679005346,0.075518420522421,0.23440221746098466,-0.5898744363332623,0.07097857812190259,-0.3952467291422212,1.4670299221216403,0.15822165395834542,-0.8789071774165614,-0.0672757244006289,-0.7005326217510038,-0.17688167930495488,-0.05529422406215378,-0.4408335722205981,-0.39203503736960454,-0.2871031687122684,0.06786370299025608,-0.2750535450327897,-0.7459331831091549,-0.488826580753569,0.6068160304683436,0.5457417174567559,0.7458502255834497,0.032362843946421846,0.6831574091970674,0.18641295755423065,-0.0543419235232016,-0.2675879243799005,0.5794995192690878,-0.2716617217238802,0.36016287225340193,0.020290453108087615,0.16430242381545376,0.24785199138240083,-0.4908777815854001,-0.9009018663797671,-0.3590399462617341,0.6635092077416308,0.5568846429145746,-0.22177810010018273,-0.7274871448643112,0.09988777465218353,-0.2188525618742434,0.1691372432082741,-0.35490878110360646,-1.1093388304325666,-0.26985352695412035,-0.5312411571310276,-0.6537555427456192,0.48388882577373765,-0.3354125857515796,-0.17209208417447752,-0.47003315397579265,0.21666177292849112,-0.4087559099815938,-0.2949441630651964,-0.11666059805448195,0.20988907975506155,0.30981559885763066,-1.3574585673666582,0.49087461589933257,-1.0024435989495526,0.04798833041315338,-0.004837605338458597,0.47486203716963077,0.46842193481468536,0.4361291948607931,-0.3934999457388979,0.6625204769916294,0.3634105005624391,-0.6175914062385026,-0.5013136689709237,-0.2853144119456324,-0.315744928893749,-0.2450420477152295,0.05185682662725583,-0.5000699690153163,0.06407015148301164,0.4652365359530127,0.4009120494278265,-0.2085528030214821,-0.6451137552475867,0.4801261953458326,0.21034325051968358,-0.7977105565899683,-0.15582995420239915,-0.239044892638683
1.2843008902190363,2.673895129029213,-0.3101926686344451,-0.7916909619402852,-1.6788689399405168,0.19624542420257926,-0.20406962118746677,-0.18339724539039398,0.0026475768234256354,0.017785939228979166,-0.15074512882988425,0.331156965283307,-0.4412690148387117,0.10314364466888311,0.02560113116140812,0.049143675309797415,0.5133535256127499,0.18062670751341445,0.1292879674452081,-0.4786370895605344,-0.13061244951113768,-0.09319030570635752,0.2627547843199601,0.3098364936629207,-0.14339185841595692,0.3955213211666399,0.6879435955343567,0.7090215075055377,-0.20763609932426036,1.127772103854021,-0.16201344896697273,-0.18439838423164892,-0.770979048288796,0.3718525517177697,-0.7612671735603174,0.821629462097467,-0.15479665242823396,-0.5193491120828686,0.04836270695407073,0.05293110914062059,0.2069486917675735,-0.5135446515769572,-0.4584341332539382,-0.05297442235595316,-0.4174838424854855,0.18597396150987464,0.5946202729557977,0.05359960517567734,-0.43518398819308723,0.07077364544473808,-0.3807023039126113,-0.0033345626722693865,-0.18931194718840733,-1.0614072525642004,0.5579199566221864,0.001565408212535957,-0.8197317249169342,-0.057915758709016316,-0.882620073723483,0.04362166077938849,0.45158820034628566,0.04869865514055092,-0.053132639813860606,-0.43624643691291193,-0.41553187806766223,-0.023262096442560113,0.26006986128305054,-0.628444810168616,0.15289453214062393,0.3282402887477932,-0.3512495355377085,-0.45280710786550654,-0.01990929646844543,0.009571781397506814,-0.354051620229463,-0.3530220955197273,0.8830710218069634,-0.5837977517032635,-0.003216969216578958,-1.1905427074752628,-0.1297599117372321,0.16983821479440853,-0.33687436676877947,-0.18834129944119735,-0.4779232483651564,0.3347446031539144,-0.21948188564837212,0.3895735424450162,0.15891943135113762,0.944033436906692,0.5092568611273646,-0.04229285260478735,0.06614828156715705,-0.08631875151434981,-0.7919214235523498,0.30928194142475096,0.1134244326413696,0.14110535840302504,-0.3972287157435781,0.3955835879381534
2.997644711465232,-1.743477265136029,-0.9766163227608549,-0.6861221835625214,-1.109972043704119,-0.34653625438327673,-0.4182561182615288,0.5594876377125515,-0.32416132579837836,-0.16815227381224773,-0.4820592033193913,-0.00437075115961993,0.0035873998059968884,0.40997256420194844,-0.0780747970844411,-0.1699599649632005,-0.2970423931434345,1.0738139620356113,-0.11885638766470352,0.1242486328474271,-0.4086614131097127,-0.3177708711585251,0.00731042259605552,0.36498774151677266,-0.12157907062431897,-0.927714526018041,-0.27361733104337904,0.7581817667526203,-0.03466840791648355,-0.11648605704773976,0.12662455831757247,-0.11455691963673183,0.3045247211768037,0.3610370472050728,0.14433489562567223,0.5015981985732336,-0.10213899416148599,0.03856004538519012,-0.32488778805343765,0.22198125011745404,0.16961499790742984,-0.3612507591322845,0.14364363168969085,0.4868964109813125,0.5544999837104743,-0.03524029037413261,-0.125502532580857,0.013698602903039352,0.08899692426772578,-0.1632511476723721,0.42183671269759304,-0.6226405210402678,-0.3391198462968722,-0.4288189853408765,0.23699639319184998,-0.4941272940979845,-0.3525586098174394,0.32443680299926275,0.3829193294998924,0.37865713168722065,-0.6523758110990772,-0.12052564955674916,0.06976471137077256,0.25247147527470937,0.20216795385287037,0.1343262166309322,0.40725182453637204,0.1341490516955418,0.2436381010694077,0.7322663040550635,0.2071631063832674,0.45592579639065756,0.08316590653950459,-0.6328483669871875,-0.40880484108547427,-0.2359024237400351,0.015560408369852334,0.16066212846037967,-0.21642481143129053,-0.4550013360497591,0.3288576555945087,-0.018700653395821203,0.1486287319184871,0.14777121466041068,-0.313757162182609,-0.017215040149109535,-0.6288135099859096,-0.08285139893624834,-0.3174607054762068,-0.19591982330410243,-0.5769404964771807,0.22154279653740652,0.4400581089947343,-0.3504756886960858,0.24194748722217407,-0.3382392672969526,-0.8406449511835024,0.17729945915758596,-0.16845726608419567,-0.8922909918952997
0.09483566034356057,-1.7776452903658786,-1.5042737549594256,0.24878904518026315,-3.0026783909524584,-0.48805533038564985,0.1291633563063129,0.35582822541353365,0.3093523078795097,-0.2803660004785856,-0.5931365317549,0.39222262677412584,0.9573437948999204,0.3379238739443798,0.16149060993383876,-0.17737304670374884,0.8319591404610419,-0.8508704194140625,0.3790738625179991,0.19043996285429182,-0.5658463454620128,-0.425429327938292,-0.4900733108931231,-0.31250428207798586,-0.2609704413287919,0.23906425396580175,0.014903008174757421,-0.2839240313274621,-0.07471675626046619,-0.09721320426489412,0.6237941074140246,-0.12459039482833846,-0.5029776785765122,0.05060316222585323,-0.7868587885417477,-0.32459976729029094,0.36289851360103276,0.8807741594525016,-0.4047449929211873,0.13248428380189817,0.45020267130204444,-0.14946132102049606,0.15180526742070316,0.21859550522356735,0.11671875192937871,0.2490723848274709,0.3134262844795315,-0.04775727870482487,0.6385130067526968,0.07055060676035341,-0.7277462163264619,0.2071207252679793,0.6611362673038222,0.2530629003224179,0.6514408968615202,-0.40174257775076067,0.220938182793347,-0.4345886280499871,0.5577130900640861,-0.23774852896818102,-0.5109669390757084,0.10114404358850644,0.3851223154751439,0.022333862415187495,0.027356617101605522,0.4946463214580158,0.25617688342808054,-0.4843158859051,-0.9125934614551157,-0.6005680678890878,0.12708910617483726,-0.048438874604959235,0.06073446733069188,-0.474592123259101,0.07515171855935962,0.36659605006993073,0.26503019522079946,0.04044167847231755,0.7710671165527465,-0.23475449442145446,0.8494263880319267,0.04919949801427281,-0.22067868104454622,0.19705315367806575,-0.8047284471122844,-0.2759350232943495,0.1270630397326952,-0.16459596736970034,0.29264444329586004,0.1106070947829756,0.3396693869348243,0.450526183905504,0.2844067065692148,-0.4725870078525969,-0.21421769295151732,0.6230582201538916,-0.3274149278221881,-0.570131582042438,0.13922747434818467,0.2061358781534397
1.649841676135683,2.6816253343382273,-0.07094207120551888,-0.983307269051459,-3.614813365252886,-0.1756532874399314,-0.24065104939186763,0.2508871795997487,-0.138868049464373,0.9727531280115578,0.549676004794714,-0.14098676622995873,-0.38383337948805485,1.0957043901138035,0.36292025999156047,-1.1880792031628002,-0.30843086872097075,-0.15130413242302124,0.77416147358969,-0.3831114183662624,0.06127340731166249,0.3603293947477682,0.3286038907179302,0.14982419319675663,0.22651685650923484,-0.38267761448076515,-0.4550250833371689,-0.340734536533744,-0.08870620956028066,-0.10277262798509032,-0.08338149140152636,0.19129564773872304,-0.25936196567502123,0.19323626509654449,0.4331453782949902,0.10302181249174976,-0.2345556134468568,0.5852438432801133,0.3337099297015093,-0.4885290464197759,-0.0677930970621872,-0.11524117245736569,0.585671109749131,-0.3314817170610495,-0.2902396853158668,-0.4183857308260859,0.2976442534383817,-0.29729068871596404,0.12510920288461452,-0.08743561334171743,0.47816005452997123,0.21476679531767162,1.2168037423173816,0.10386997078060936,0.0618949589384687,0.5068898683853253,0.04334167664169838,-0.5814191404733619,-0.12851651545655307,0.1742956591274291,0.07898752891995833,-0.13677454454222898,-0.13847589124781953,0.8094535631830715,-0.24633070162320037,-0.33901012763739746,0.3283875123876602,-0.18786780242458662,0.8849589234350659,-0.30500370691557077,0.4158218706704484,0.09346340046806711,0.5888021122942718,0.16313791659746135,-0.3982587188648058,-0.23563109004499622,-0.2679289376297495,-0.31194678704350043,-0.1434589372783814,-0.09631317107226656,-0.6868378914708743,-0.1053120105276843,0.10021605831714545,-0.22487670684445007,0.8190358750776918,-0.27358469292535614,0.49119744316511227,-0.16245846586583154,0.35115650694182576,-0.15861844989120397,-0.9591214868476027,0.2886977274334833,0.2325975407714831,0.12249296141888885,0.09599117080453953,-0.12151016451984357,0.20261866785554436,-0.4308498591350819,-0.06798050099920137,-0.35041097719492525
2.959434755488249,0.6907118193332267,-1.865419178323046,0.4566448929724418,-0.45502211460858755,-0.34936039580470796,-0.1504619137048882,-0.4433142053305385,0.6308390300689508,-0.6331946827263988,0.8508597578322812,0.01123821788839201,-0.3550814582936946,-0.21100714035853457,0.02953715889864966,0.30039751820896454,-0.3856718288557889,0.1755951389914712,0.11036307067218731,-0.01813475320816921,-0.6411720707829527,-0.3997980968307542,0.11441328788372722,0.15688078631062238,-0.5217920636874605,-0.5707882887396266,0.3392246037520128,-1.0480816764914056,-0.7241224366328874,-0.41329356917925686,0.10648056829535955,-0.5948511536864904,-0.23545705452030302,-0.2990207270424202,-0.7258613939856426,-0.8813164516848913,0.7605541837451449,-0.606700019717065,0.07821742060317612,-0.35059756425587213,0.38622039986305,0.007792381359733253,-0.6383346919833439,1.0601548990534353,0.14577425022463125,-0.0961186156004693,-0.19082641395106348,0.3128389624379624,0.5803170314663145,0.49527168791358045,0.38467914117468627,0.13381651901569602,-0.05006642802691201,-0.15706055078331815,0.5453789279273759,0.5518275270812739,0.2793979994283911,0.5149562208911043,-0.29989604702432354,-0.8888760274760305,-0.0482748555134502,0.44183067168005363,-0.44996688448019423,0.19438858764410724,0.11301603427422924,-0.6677233354798678,0.7252308035456368,-0.2732866029757787,-0.1859714307620247,0.7539214459010684,0.007668508987450658,0.2124089486018033,-0.09891359335656004,0.7244754345778359,0.4340562229995105,-0.7156028806014871,-0.3972636322813189,-0.05355575540017271,0.9848799054091801,0.38192616915479033,0.18251192979781486,-0.12479311145523103,0.6712728501405736,0.1853715610287936,0.9026598612401215,0.5008217211392612,-0.1737062775304799,0.41674480461570446,0.07394089228196903,0.4895509426575042,1.043763445487062,-0.5957067730269033,0.3400934041564419,0.33524608693744573,-0.13573113187554672,-0.06649777596757707,-0.030847289339848406,-0.0802651598831223,-0.02536708388797245,-1.1126338517664913
2.0981633141255824,0.22076371034354322,-0.48835931830036183,1.1293935196753158,4.679949238354449,-0.001767744844037619,-0.006133507046901588,0.4187150013680926,0.35380196035410166,-0.4615056383161544,-0.28819412345703677,-0.050930191413221186,-0.5439599194932355,-0.3045057701095699,0.06147885508818792,0.3002800857412453,-0.4395129111231922,-0.16172704168955732,0.41158720748259464,-0.5824371346292887,0.2502961749135395,-0.009699008727506864,-0.470202855559828,0.27993265047857796,0.13078549077139948,-0.41098681863638786,0.7241975285398142,-0.0898836874004355,-0.5246449883604923,0.25590330503554526,-0.4385319121458151,-0.5943528733704591,-0.06020479368424261,0.09425405960248052,-0.3040930201684161,-0.2983845782607111,0.7192631858268083,-0.01950361470192665,0.08732514625166403,0.005349511591195563,-0.8932585075771375,-0.19786006337141976,0.2937538641151637,0.6696769592983721,0.7521352276012534,-0.8976328946396263,-0.12978493857565257,-0.44445296141149326,0.9999814415048632,-0.5032596931836258,0.3304257176716592,0.603661541926274,-0.45758838091283216,-0.0029869745630877863,0.47763199093059533,-0.45958257992055096,-0.6897855488163708,-0.8131304472233916,-0.7911780593294996,0.08695945359150527,-0.37063851882349186,0.22227896321198837,0.3335706525923026,-0.7435440372416648,0.5775752772908381,-0.023932735035891772,0.242488262480621,-0.9584925997872862,0.43521212474763904,0.10246306891832554,-0.5846197689474755,-0.26647924239517273,-0.36317561197211007,-0.19701126246315429,0.21587787555552004,0.022420655960609107,-0.6922178973878209,-0.32585519063749907,0.4456425292082146,-0.18827971052561765,-0.10060961925279482,-0.1870130279998356,-0.42960336586594267,0.26564216452130524,-0.01073987856651267,0.9106499428893763,1.202536671882956,0.011460564408074818,-0.12467814282363071,-0.8206685008400368,-0.6057743536731205,-0.2948541413221218,0.6265080367967458,-0.41044747044253704,-0.17246970849328402,-0.11236084063381568,-0.040811709315896984,-0.8239426880982506,0.09726381439647938,0.3698550432670549
-1.4236966420777195,0.915902128948221,0.9329347981694052,-0.22103096038577646,0.583080299226655,-0.8341665512348158,0.05849729330660139,0.7684612065002742,0.2780594757109267,0.22529935122396624,0.18281675657675983,-0.44366052549045515,0.5412134876573901,-0.086854535362954,0.7996041144241983,-0.2939432736265218,-0.2615560563032547,0.29857986243744006,0.35727228708148856,-0.2095895703880642,-0.916839045149576,0.23326298609364277,0.027040688478916785,-0.281831958433813,-0.08006892865281832,-0.027923474920170215,-0.1196451108309229,0.3566731096189944,0.15903526029586254,-0.9257551644545041,0.12727797079514921,-0.3224524418622405,0.4182981232111868,0.4260532470703517,-0.11884087880227566,0.0803462216307562,-0.1591337563338601,0.8981553652809467,-0.24615066436339655,0.5357272782576256,0.08543942219319005,-0.5374282014589851,-0.5977255007034796,-0.19115830607043588,-0.5033192376938629,0.0590759694106929,0.12381928113636606,0.677063260499373,0.41067414169324584,0.3854028771517811,-0.04835423782293345,-0.43416945685361136,0.04423048070091537,-0.7380950182113911,0.2763380974752553,-0.24687328583778562,0.05994127905274694,0.5139392687135028,-0.49668335428207394,-0.37203768963214456,-0.6066381927122692,-0.32235398340080285,-0.08226015629188672,0.10173513562876126,-0.03961063913892832,0.3308452080859517,0.23654780418474383,0.40355026422555035,-0.2655948743901756,-0.022992451017770688,0.07717622910432077,0.3141531975466249,0.2295723412974534,-0.585399765054076,-0.3664152882292483,-0.2765417886841388,0.05668311431893244,-0.1242955848435491,-0.3948577580318881,-0.07451030636018065,-0.25974649259228794,0.07700807846266003,0.13338602824628615,-0.27288306838119897,-0.2249557305952871,0.473463002938634,-0.19992124178274182,-0.23444771833310576,-0.40128425245965604,0.6555270712444973,0.8426594182462792,-0.5583332942521293,-0.19913749784265805,-0.25283765547521636,-0.27204893925677154,-0.4000457256898768,1.0850807500255737,-0.17629202835234306,-0.3507571023743299,-0.16721126528123
1.3750331240874496,4.140663416642068,-3.7384155751021018,-1.2172507086501045,3.2491753904489595,-0.12968836850480878,0.3365746479954242,0.13554039799266882,0.3893810222856574,-0.12794098347694396,-0.03988029049340517,0.9730305327355134,0.1862009534692012,-0.30693002042996426,0.4622500048639817,0.1673949376403002,0.40762831936251975,-0.6240223641489715,-0.3554803255735034,-0.1727335869042082,0.07311494002903891,0.3535465037974509,0.14110093482477246,1.0700409808716278,-0.42631829770003543,-0.43487399617315403,0.4389743155782171,0.3247886335600366,-1.2112744599013634,0.06029886530572374,0.11130665956835586,-0.16771219813243357,-0.10195628309433914,-0.24784708788692325,0.07006958487836037,-0.21749915244973006,0.1828815704454825,-0.2357350568417326,-0.6323523956907109,-0.9304036066117791,-0.22859538038599567,-0.5749217585049576,0.4991607368333365,-0.1138735382308283,0.294037173580111,-0.5075776988002595,0.7994385665320644,-0.0308034683799969,0.08412487022523361,-0.6388230513381038,-0.3073648974420587,-0.28291167549903173,-0.32255038376290307,0.257513486524534,-0.19219847872953666,0.2253734593521197,-0.9755818498465337,0.1333866536220124,-0.3674551081258388,0.31086373684380264,-0.19020317093109484,0.37419707236010774,0.35182421750073667,0.8323510458547345,-0.3405484454461669,0.32049117495397417,-0.36918906683909675,0.10623102989409007,0.6234554272955474,0.296131390475471,0.019856986754135077,-0.06630623703928387,0.07914446229598564,-0.3644891525298198,0.3880037823145954,0.43953522926928973,0.0351129870980669,0.364463998409962,-0.8101616328180162,0.9760423172686301,0.3012910359691865,0.4706737708016233,0.38532608155940984,0.35958070234312145,-0.11204655463711767,-0.5908563044777821,0.0666653909643057,0.1486405302746307,-0.25391281828345263,0.7137603265592147,0.34035100147741176,0.4527019269526835,-0.01605432833982942,0.9202900186498668,0.7438192128677287,-0.11900319898242429,0.2699804657537213,0.7638379769854806,-0.5269037315072145,-0.9222871003427322
-0.24411732666066727,-3.1678233074414472,0.660635294139774,-5.542563548098628,-1.1304256951130887,0.06683092459462382,0.7971001458733611,0.15050773810188509,0.8419136217894899,0.20173603508257912,-0.02241853591505671,0.14627957483837364,0.2185753624604932,-0.2396005121950037,0.9617123423625261,0.6016602438268122,-0.5559014983092533,-0.5724165395205953,0.2468820675798433,-0.3501077655275551,-0.06573791956154683,-0.17120068911959282,-1.3207324979734583,0.42502866545382434,0.4884460431221009,0.5086623430948864,-0.761529562845495,-0.48479013992204056,0.5276231468886168,-0.002899340883703328,0.9809539858185422,0.510308148701433,0.03157490509312574,0.2899179805599762,-0.404116745269133,-0.3402604015151885,0.43652735657333575,-0.4791352433590004,0.5402123313851125,-0.7830122304121795,0.2748909317791316,-0.17769295783716824,-0.033654801307926356,-0.610678171148961,-0.2879841223441264,-0.6024344582787312,0.30480292401438663,0.20343336591210964,0.21023397324462711,0.39453072902861885,0.6881194976211953,-0.19084492620757004,-0.19184578086052087,0.5135424355607365,0.35779298545241056,0.510562913228451,-0.5540622484609933,0.09725468786016783,0.11317941252078247,-0.31534042048230126,-0.8360369156283183,-0.17983254896752998,0.696872454697756,-0.5844007473218269,0.30928119670512777,0.4795558651990343,-0.05122503970717651,-0.11692394025854752,0.45181356081672563,0.10878342312036,-0.5932518582651127,0.605285990528884,-0.004392937518861143,0.0026179060365830974,0.23953067693759347,-0.20719232195748025,-0.313918753226784,-0.15959677052575102,-0.16039401421166388,-0.15663834208638988,-0.16909287748249313,-0.5557905232371085,0.0891794733009644,0.12400163388399918,0.1884409760081916,0.24323110904138223,0.18186932327640726,0.5023207184353317,-0.7592034135071862,-0.576333911321151,-0.9001821691393375,0.37484274207728613,-0.6992953151996332,0.09606585143398726,0.331112630267938,0.8830744576121742,-0.7642973903883353,0.011279863456602708,0.0680030165012885,-0.36023316449030046
-1.193153519866521,0.7174930519425026,1.1999093555542604,-2.6768404724767714,0.36497178846781864,-0.2554134524710048,-0.15934016181255473,-0.19056901132051993,0.5518717688094598,0.02040370671509444,-0.25929083671960457,0.2058702347890948,-0.8999474715559643,-0.03795740488269455,0.2094483494025622,0.35128374110262617,0.18908853938466216,0.5604118761592785,-0.22041795721761254,-0.30180854427489484,0.38717378909343486,0.08784957041097924,0.1613487911886884,-0.34062920370010985,-0.21457066931218732,-0.4931755321378837,0.3773974353823767,-0.20831455307114988,-0.08795489038693835,1.0276542201359695,0.430673005244606,-0.8833773309969002,0.6359869458219302,-0.21854326660627768,0.7010670226198842,0.522296375735129,-0.3144782228649899,-0.4468325106575738,0.46456210432808814,0.7041624040050122,0.5487805526671525,0.3503381518880728,-0.10112868076209139,0.3254164805392447,0.24656752756328776,0.37282601318021813,-0.1289207268021896,0.34044319049397415,0.1614760990062497,-0.6055250078441318,0.16494477079567688,0.5258586324262722,-0.3357822411394204,-0.6106547936002973,0.2518699828107723,0.3457029885744998,0.7842119980219472,1.1600196366585054,0.442574183010182,0.5360906463510845,0.21791110338778297,0.10586627053601176,-1.1898955132068436,-0.3154919061225225,-0.3450684396236364,0.267755533552818,-0.12645217727700694,-0.8214802674140484,-0.25652764804908684,0.6849397667024374,0.6112728857819234,-0.30728849985781986,0.3855248353858596,-0.198625265477961,-0.09441388437977946,-0.42306795546788317,0.13253179535983883,-0.4606647171008928,0.06465722944440698,0.1843236314076064,1.134397511809975,-0.2529836099503611,0.3955974649308755,0.46227752882995515,-0.8263757093390092,-0.40286869624087424,0.0975372316708587,0.05665024627614864,-0.4436223586428064,0.07994175458368738,-0.09631472779181231,0.18792162198480383,-0.1375279656194143,0.34535835572025936,0.3830240788459962,-0.4057499782469809,-0.024913243754631248,-0.21475964714690082,-0.6386284006304483,-0.13045571135971618
-1.9546736802180757,1.1369168084766168,-0.17137057277564577,-1.446379773454126,0.5398932225499371,-0.7189340656667251,-0.40780791515211806,0.1899442368597694,-0.8780237897997119,0.2965809666553313,0.6036602641536027,-0.5341672518432491,-0.3663323981357924,0.09398875954389027,-0.3489636300299435,-0.7164719834426548,0.73888678915155,-0.7859298382564001,0.011058295279554715,0.9885796398202237,-0.6634172912568179,0.5038058878242212,-0.31527192479720917,-0.012320863329421202,-0.5030530601719797,0.49502423648677424,0.4935248020489864,0.12793813849134303,0.07626794339451415,0.47709599327530894,-0.35470459966992574,-0.42564832768531413,-0.1568526161609836,0.5289494239602394,0.613683405609819,-0.15455772166420084,0.7157099312745385,0.6438999436449465,1.1100719933040757,-0.057304345988007904,-0.17484472618787922,0.6809917361360812,0.6222906240345577,-0.03770302476930251,-0.4244496480912433,0.9928937310581794,0.10206114143849565,-0.08930461771818939,-0.5811152166522406,0.04367470000680997,-0.1537342688458449,0.24044571439628046,-0.4607247689263325,1.1468729047503385,0.3180534936158178,0.08067062744532975,0.15749184655947013,-0.1506411881162055,-0.21343018220188303,0.29191501249283497,-0.41416170332746627,0.08685461207738372,0.24542595562061925,0.08654531194007366,-0.09719492222904517,-0.09117382932146244,1.1725448520745831,0.2570797761247006,0.04065495753415947,1.1792179119356179,0.49624524604218495,-0.8183614472352752,0.14701772747483205,0.22451547427239202,0.9532421869890871,0.41072549153592025,-0.1287928102454593,0.3495147709869247,0.2829670742574811,-0.710719344579149,-0.36083050616838475,0.15196906777547842,0.060665858274157776,0.03234139312642844,-0.8228949873066115,0.2637413293981687,0.007492035735605583,0.14467749607518318,0.14514511218113338,-0.27792401216679685,-0.3461139984473768,0.31952855594661317,0.4193358471137387,0.4715889185838965,0.1776260950872808,-0.2887952624319276,0.24485158600770263,-0.2513443782977564,-0.5397334212840217,0.007688713186379234
0.5245412465539939,-2.535939078797973,-1.544524764895862,-1.4661195457017122,0.5012043912703209,-0.30759291215668105,-0.3147675006833188,0.1750477050220544,-0.6312642266540232,0.31177389935674593,0.30367079351942633,-0.4592412173258555,-0.49896197338343473,0.13382695782755832,0.7754410286367996,-0.06601149516862612,-0.4609896132144129,0.13868918575136555,0.42075775835949836,0.08175355909694731,-0.5457551875631784,0.30035296287511076,-0.7342550833146902,0.9120984659956056,-0.31571844533559196,0.2530706888923173,-1.033122087068354,-0.05412051666927969,0.005410784251999405,-0.3565107850217644,-0.5832960653935536,0.5790003715519142,-0.8354017581774095,-0.27847157683716056,-0.14786889802867403,0.0808381634341515,0.6326232607774702,0.07449755598421343,-0.6225434611955404,-0.5673086570838553,-0.9987394362965558,-0.27290072391793424,0.7023589289595218,-0.09519016285848114,-0.1302702804667914,-0.11898039824228555,-0.5439211841442484,0.06144044054438515,-0.5961061844852076,-0.18575123320305623,-0.03073938119922171,0.28196153890099934,0.7357917793306901,0.28597745082760295,-0.8876202262536189,-0.13154284793055113,-0.5010056523656214,0.5307380838771338,0.35359869894483636,0.18837304295391458,0.661611592740423,-0.6137889732719599,0.5647466284728949,-0.31752326544029247,-0.404610655363039,0.32739950519279615,-0.09485546998947703,0.2508727191921233,0.10521645292279753,-0.7200383200388156,-0.5970196624671429,-0.23333677262868258,0.14173360433972507,-0.5374461916607853,0.36544077620238113,-0.35326839576414937,0.5124453215070571,0.17710007614819026,0.5111545256986791,-0.3921323628838681,0.0778815173131509,-0.47676871899534184,-0.30194828839844173,-0.3517586095321781,0.39857390341872323,0.1280631137793295,0.18276318196635394,-0.4234296720501693,-0.9002068944375887,0.440946653463361,-0.2876287495857788,-0.6552448288371739,0.11886139773906836,-0.7861270285537677,-0.6398341516589428,-0.13177746294047793,0.09069785476806361,0.21102069523294933,-0.3398881027335385,-0.6341616849741518
-0.5033365190318125,0.18979974493022783,-3.423700361591127,-2.378118508502962,-2.2567650958425487,-0.4675892663973221,0.6489457516368987,0.5273468890688798,0.9614221131058265,0.12320140490037144,0.03167238668799787,0.2329079809678812,0.13866472214413292,0.11544491568785763,0.5604180022845227,-0.21989467478404853,0.17231280173349436,-0.5143186147970233,0.19960940456019946,0.41153528840232184,-0.006738560018936053,0.1485133714643555,-0.0644224588254272,0.14356245999351333,-0.4612375328906789,-0.1752221565536812,-0.16833392434715333,0.3385050803961163,0.09193404734769926,-0.8754562878341314,-0.15945532334464946,-0.3194260217679114,0.07999298415912727,-0.22643690294017235,-0.3439322105327878,-0.5574120073091127,-0.13322922444021526,0.2651999020954724,0.0756029778258416,-0.06830363839179623,-0.5665581296383259,0.14139967205513582,-0.5829454406855685,-0.7634867096422858,0.22448719935901787,0.3128743673262276,-0.3576217618507842,-0.4931775429345448,-0.10033685622812097,0.6744607170285772,0.29262553217920184,0.04633057926384297,0.7307415358531768,-0.1590828886004905,-0.08866518486199626,-0.703337478866931,0.20409073830986293,-0.6063355623717585,-0.030613723850705654,0.13034478316884224,0.37747161293695736,-0.32229593913228255,-0.0035047931159000335,-0.08955160142209243,0.036229207272878296,-0.2845129511249576,-0.13552379183814692,0.15775674973816806,0.7213138831863656,0.0460398226525175,-0.2729609437903077,0.1115396885695081,-0.31832376146045316,-0.22434690283398107,0.8294788147805414,-0.20739678011572588,0.27728439753813444,0.4916174331675262,0.2540566944316647,-0.05061316647710717,0.5445163886543154,-0.014978184413472906,-0.482289054678597,-0.29807853642146703,0.4654783927743992,-0.6122336291112295,-0.0787617394696151,-0.2228353565878133,0.014036765154341824,-0.04343923594464923,-0.429322947741658,0.03685857468073919,0.0814534707110465,0.412490158627604,0.09401454785668999,0.4988153024682759,-0.37462252144514263,0.03419544157803059,0.6021610135340614,-0.10482798355660064
-0.9900824752243026,1.2415106005772856,0.22870072566028166,-0.3562721705468707,1.640093499484044,-0.3131829938348537,-0.014479246021559923,-0.2968562290806132,-0.4316796661003176,0.18962951373413783,-0.4913680806657282,-0.7068588419813427,-0.16022080225478785,0.31478373364481343,0.5499967418599324,0.20473381855469744,0.04322947345872835,-0.10663971870118062,-0.7202789592477382,0.07509952433056984,0.13783147383014302,-0.4737576958065884,0.03182840495910864,0.29572981768757994,0.2576049168270754,-0.01531309333716862,0.22638313597621526,-0.03025505386800097,-0.1996535852753468,-0.028764139803728186,0.1864955469100559,-0.08705103111735812,-0.6180376918086927,-0.9380482137812666,-0.4399794920797329,0.32068713223963013,-0.3114940539498481,-0.41920278452899506,0.35430428596077046,0.01101004796490135,-0.07112282501586743,0.1703969672907427,0.4215336042111374,-0.3226333980130732,0.08768328393345864,-0.00578855334762482,-0.2783982650015716,-0.04252132683461155,0.0055982394096841534,-0.2696876020639698,0.39748076892808754,-0.037133884345074405,-0.2523339213158374,1.6983902485627693,0.32223330848969534,-0.14698190884885684,0.4413288868498731,-0.3818490829910653,-0.34570816328453824,0.17002661846311629,-0.5934110223527368,0.278043178108747,-0.04986715973962715,0.2761286419717062,0.20628806722741105,0.003683790803904323,-0.28891450840801197,-0.23558525479336598,0.09846572378469251,-0.7320083497404503,-0.9983941873650255,0.18403610388320676,-0.011796484353628917,-0.07954847335638304,0.29247161466081173,-0.4841099845321818,0.19140384179483794,0.4753319993832159,-0.29326029121808744,-0.20152324018227782,-0.11316713592508165,-0.4213166825755484,0.5042403364520432,0.4827143931057849,0.08220839481007894,0.5491495934935026,0.0922357785234847,-0.6521327734169879,0.2901450423135786,-0.18433285863241688,0.46404613715778487,0.48502323528230823,-0.06080949531524456,0.8151469105949457,-0.627815773682288,-0.059609986359591,0.43672775742969444,0.09732961429712088,-0.32452716114515845,0.6487468996493122
0.23797013724725655,3.5746002198743185,0.35888613448530227,0.5295341650997509,-0.965213926665976,-0.011583478664414039,-0.1366713748957666,-0.4857495287301458,0.3235302710336365,-0.4609420966001073,-0.2088519701918893,-0.26543854610859957,-0.3373650344343977,-0.32834829902059626,0.8052328435826784,0.5950665207621291,0.36842943813185614,0.8818997627425759,-0.2351118312650154,0.08726031763752863,0.08404373088381478,-0.09264470286810578,0.0013449339280209418,0.05252904703989608,-0.3076478811505916,0.061810837622519335,0.20235107405334635,0.18448070240088232,-0.013835475441835514,-0.2023350502362691,0.3855432632764947,0.8956480928223899,-0.5423454827575902,-0.13374289734557007,-0.7606845519774225,0.25294049026867754,0.06054025035778228,-0.03304897175749188,0.07256868144085184,-0.4738820120560112,-0.02121221375467352,-0.7114845340726007,0.05998261490484743,0.19658738331139988,0.2764529589078718,-0.17066525317989598,0.10334803302715309,0.7010855107144005,0.887916363596425,-0.15777162271336764,-0.5799440069393427,0.36093843161946726,-0.558285430658495,-0.029352759212939963,0.13432157736522013,-0.31520161178365624,-0.03386266867725406,-0.2196377133388092,0.20635787762551508,-0.5934345297468147,0.36494722560090426,-0.13959754281831516,-0.7960540543784923,0.5214489970428492,-0.430170402018327,0.6228540997541897,-0.19918575395626975,0.2329907242270797,-0.4561527320895804,0.357369457277941,-0.1128512651143119,0.944184606733623,0.553369476916518,-0.09882286899138615,0.16400743103734425,0.4978008496916375,-0.6962608144458984,0.23721329719254683,-0.4380230312561854,-0.2679722153475447,0.284243059599689,-0.4311224171934236,0.07863461718041576,-0.329933721189498,0.1097377979555629,0.05562082214286722,-0.44033308616556377,0.4184897568921091,-0.003202688960429394,0.27383218239716495,0.6819541428565367,0.342136683123416,-0.29821345023193685,-0.9232905761271292,0.4289109520043476,0.28651649319446115,0.2956676746588542,0.5778101222945061,-0.4226632967609167,0.14792919941145483
0.2576011243612312,-0.5258904317490581,0.29077818739498673,2.895746042132505,0.050972179869801515,-0.28932257280916196,0.2528717612868196,0.017159517690320366,-0.8350016886552835,0.2871251298932595,-0.4451319003342099,0.27045007489846135,0.7929294455300031,-0.05813288422411475,-0.2303728461931158,-0.2554586621464229,0.7864019995356858,-1.0577527470810077,0.42787892305964775,0.14682112390901778,-0.5354156368085184,0.07731179654319191,0.8198560672684152,-0.22722013750748904,1.118250959159877,0.4130843561135393,0.31645243561951025,0.045052940746160876,0.16478661189331317,0.3748018543103854,0.6235779211658322,-0.5171683154099759,0.5671076286433404,0.05383940515999531,-0.470932032882096,0.37642637953984837,0.34242048144873194,0.30121221101723133,-0.11166632036812715,0.667391516388323,-0.47415978822967186,-0.3793380343101716,0.5801587001906005,0.46805241663799,0.8827111660176306,0.16687308347791366,0.1918346674306701,-0.09381026424361717,-0.9224196314157561,0.23313861570735428,0.5546855403928841,-0.21384762990910552,0.5493269315165702,0.7413577061040352,-0.054381647092201495,0.7534021977715579,0.2750208519857206,0.3773071884086574,0.5280809598107512,-0.1936715504193868,0.08797643442284712,-0.4877112912662395,0.19226838934848087,-0.598227855123882,0.3280392053419011,0.8529233460690674,-0.976791971896282,0.3036463508593709,-0.3323327036474416,0.09420998255842866,0.48532380994041885,-0.12945742424489745,-0.25161274994815575,0.9886439845589962,-0.5272598322436577,-0.22175187031074717,0.11168832218388478,-0.10018517311389404,0.11043999301354095,0.4176298293269214,0.7844949353214281,0.16003446271503646,0.368176596184587,-0.3846083617513242,0.3102334121472252,0.3883551609763035,-0.31670389943132227,-0.4502277545090493,-0.447557093268281,-1.0088083330963031,-0.13357980864250227,-0.14252655054239732,0.7025563572627765,-0.3852177026267272,0.2638709126394011,-0.11414878695975403,-0.030676172781498146,0.1423049765271983,-0.04943722561606918,0.8312283137568326
0.15081948480660679,0.48516000921705527,3.803310351049462,-1.0469654224080998,0.6747905510562426,-0.16628575306162302,-0.2686016403178713,0.6947049492489047,-0.2440733727808844,-0.20472720502467034,0.17617401795004534,-0.22996921575928644,0.1853553805095411,-0.404494406028889,-0.13299015428076785,-0.9222084967417135,0.14872445076223573,0.33524614635751115,-0.030863911787283673,0.2451832340904126,-0.4245284194607247,0.9789101962216974,-0.16856401492417109,-0.00037861401733692377,0.035319092398013265,-0.6817723859687581,0.505590433289014,0.02480114793811456,0.26243665454964643,-0.16653004611711544,-0.718855825315352,-0.6899162869840267,0.050746897055127055,0.19413120365185235,-0.029305255280611394,-0.09211610127710668,0.29250005745637175,0.12036177564843029,0.041869378066769644,0.30926541326159745,-0.8777869611884987,0.11250607331362139,0.06262031552645901,-0.6128070269186433,0.6345615684594127,-0.13232708991270978,0.298739955492721,0.5392369097051775,-0.27119698074654397,0.18441878759975092,0.021335611005864407,0.5732659885006531,0.1552510128714508,0.46755849240196096,0.26821662654270595,-0.23617047463369503,0.002359365928736246,-0.4089384161906437,0.5846427019697771,0.038551841100789255,0.1716911506206077,-0.2565528367808712,-0.9286443349957727,-0.19930376262439825,-0.45254753958897265,0.04306690179573164,-0.6554891817665696,-0.052957904303823654,-0.3742615798212351,-0.30827885731692367,0.45777421768724696,-0.12256523355810953,0.08803282484533019,-0.9148501723111996,0.17373373978567713,-0.5598428734200718,-0.5051263397233047,0.15851485362533776,0.016714161570862963,0.20188007804969638,-0.290667470709031,-0.1134180981306092,0.6666466026484603,0.33343050137080754,0.2515220982099503,0.13465175061689,-0.018198615623239243,0.8331319798856237,-0.34721956281781163,-0.8387661436850964,0.5715933159658131,-0.7950144304057956,-0.25539844051732946,0.18606494483724756,-0.21196255208487544,0.4346880216797452,0.42557840740492636,-0.5504562283505954,-0.27583384190189614,-0.10047516385869304
-0.43084447660384173,0.6581097825854088,-0.5519713071332091,-2.2432489635022033,0.40142017833815474,0.733016467766935,-0.05371795707776393,-0.24103442453798216,0.16297040288475406,0.5317281924094589,0.3581681555748339,0.7801417769015232,-0.07044044105639784,0.6350658228242029,0.26435726739096604,-0.2928962917172982,0.8948234355287487,0.07169553289179771,-0.06326717592403931,0.06012569000342496,0.3927631240887741,-0.06811201303238204,-0.9542036850029525,-0.13558154499941383,-0.619623565199562,-0.5791794044300652,-0.4646166329295196,-0.36062578759087727,-0.41763147214540397,-0.16204393707260453,0.8459501894071115,0.2165269924126136,0.20417757811030066,-0.23154964999525582,0.475121176077552,-0.31056938028394565,-0.5455550226165725,-0.7275492892079826,-0.6385760266428879,0.5737614604367633,-0.6833393917402384,0.15287052243660815,-0.30736067473009593,-0.18881140926358572,-0.11719851650654538,0.19953437898044993,-0.3230155871855738,0.3462397503085546,-0.8827404091510516,0.36327021760746775,-0.6199412290953484,-0.1539084011664213,-0.31104673427935037,-1.1289797769892322,-0.12430393952507288,0.699419087157089,0.42331057554444873,-0.08775735845463796,-0.13023127955455743,0.49328220238086895,0.7456673135738989,-0.25287806775926763,0.02556799086422371,-0.0038161541928647754,0.2609464502953925,0.3706724340209594,0.8840825509867011,0.47540346235440734,0.09974056360034743,0.48751546067053436,0.8024741899859986,0.08961736241220246,-0.42029718444232367,-0.24269882958511443,0.7246202937286764,0.26054193940424314,-0.01822660616384473,0.385509183026951,0.22021865731858603,-0.942202022269631,-0.43546669619097533,-0.6757772998147461,-0.3270663717494539,0.02753109123494401,0.24576256394703544,-0.085314796884769,-0.22945476667855425,-0.07977389657884407,-0.10771791433553171,-0.2271063966695582,0.09421990970864778,0.49781686678762477,0.5352468033035512,-0.4276117153952304,-0.11864128594749779,-0.3351106365611596,-0.04002394400672211,0.185837663289225,0.4826329001015425,-0.2228271489171364
-3.934961505989193,-5.429025792175226,0.37304983657285096,1.2302336574341255,-1.698798936039837,-0.15909035726527754,0.2745309982083977,0.07562665827657648,0.7386199941335603,-0.14802231768563687,-0.15513980842905806,-0.5586025423628475,0.22137816253024115,-0.23763004199981388,0.22607152733991842,-0.40962690015192,-0.4932982180932609,0.5605855195805249,0.09724802082047214,-0.4473414125948411,0.10575311646669273,0.06074556587251111,-0.48104461266370463,-0.17778737872983483,0.09827411294430922,-0.1806882981970755,-0.1828657289128077,-0.2907493987435769,0.1816691117995185,-0.16965594004986706,-0.19944225783529168,0.48339372295834626,-0.9557428064964428,0.9676422385094883,0.24328624647334823,0.3608562970746855,-0.06594507355759069,0.5410225202271285,0.532478362434037,0.029046630609057857,-0.48911201136828647,-0.049977253342679946,1.078055154951706,0.3057297204029491,0.10802532744395031,-0.14252699656022438,0.4120957225147602,0.05591702403543255,0.37536809915504205,-0.044930190725304915,0.09319853788465246,0.0434878014491397,0.5031771357397438,-0.7924695746297084,-0.05832581824968115,-0.05277098918392123,0.018495393242280306,-0.48757392604676547,0.4149286421537951,-0.08982116553098458,0.8125738234218827,-0.33432691931911374,-0.1840579674199269,-0.6293450335754368,-0.1922128005093905,0.170523059046814,0.28848897005811175,-0.010637210737938324,-0.2788495137064259,0.7395903693823298,-0.28954320080068635,0.6445040245333965,0.056192545518585435,0.47037451921326856,-0.2013466837495935,0.46896556796526334,-0.46328748003161346,-0.26671124459819395,-0.37771497947665245,-0.29531308197657935,-0.17498127775607314,-0.2758480364316594,-0.21832944477130595,-0.3624820481821421,-0.6804571850853457,0.22737039490457456,-0.9983976709624552,-0.28654067821955287,-0.49319915568396416,0.15926834745488516,-0.4041032532905406,-0.7723735997312802,-0.4814693341148321,-0.5886428286197298,0.1719240372961757,0.8317292156738249,-0.0546030109642146,0.39837523605969916,0.14408522194986279,0.19228002891436916
2.5348058086075747,-0.22142503204397826,-2.932893083999074,-0.818109879249883,-2.446873762360612,-0.21448488579441,-1.0851204724291827,-0.29370606735451354,-0.13612966572121638,0.1455086285682716,0.059239359246883234,-0.19797934641039572,0.07199663164968254,0.641283822376539,-0.3357310415970763,-0.2597091153277905,0.5525262624834707,-0.780823309902061,-0.4186587891580454,-0.24029193341044655,0.2661137129535344,-0.6162235099407604,0.127081762824376,0.23068571401108715,0.5134231884926784,0.39223735927722697,0.18462571788662813,0.12207042989288494,0.36338048463054684,0.4186430713527246,-0.16590216702677882,-0.42606123613372593,0.20790974738593118,0.5954118140643733,0.13749502345323764,0.0571788237895359,-1.1771601740441278,0.4201218292349509,-0.0787035125494649,0.46973219902410734,0.33389345728945274,0.4612654738860791,-0.14977763342424294,0.40339379729270286,0.026636331419131545,0.18665896463082013,-0.20465875754084933,0.5177778111705341,0.02711833650141824,0.3507811679929245,-0.07693419822683975,0.3191016714942433,-0.8925952885592977,0.038548127509613096,-0.048922129123672754,-0.04993622172061049,-0.34922016314156107,-0.1901665028416095,0.058179156002989584,-0.25170103730352883,-0.4795877433761126,0.058407026840380925,0.537914553720746,0.216510504201726,0.009904535948929812,-0.30166331660945184,-0.539970593766439,-0.4122747788450346,0.17839565271015628,-0.13752517786976845,-0.5827213273496954,-0.4947419463448306,-0.10551203208437747,-0.0011268598838057927,-0.4543321739552392,-0.22546273362165276,-0.07384491345101352,0.08971782191719246,-0.30318799413451986,-0.312553242023001,-0.12224692759353677,-0.7497982511304694,-0.22146800636958475,0.018166538526248277,-0.3474112375092873,0.513960278678714,-1.0537335606038079,0.23747515547357695,-1.0006586584895139,0.22650313905191177,0.2839583297240187,0.19006041617362782,0.20035760181016926,-0.03137942800484973,0.2808192632540489,-0.12264404085686456,-0.5698506611062971,-1.1238104888922829,0.3788527067323334,-0.4184132083567269
3.532497835830492,3.125810516313165,2.126858287681755,1.0045331035755507,-0.339156609726619,-0.005690286337439358,-0.694591718360335,0.5109097952432121,-0.43403473384300306,0.34304099786122755,0.37717892907032713,-0.6950940857370529,0.024203690395232128,-0.36214297869289064,-0.038338971506464724,0.580127003184717,0.1824902714950207,-0.29799972936533387,0.15846141334643823,-0.17156397187501327,0.11909474924674084,0.6623202615078166,-0.7975127337748776,-0.9263332048303891,-0.13987742636760755,0.4151905060069573,-0.057127941571524996,0.9181980860718664,0.19490965315171196,-0.3704772536011923,0.4699259587370772,-0.4587424067244927,0.8940800553064322,-0.1977554868173053,-0.2190037553768862,0.676176670048739,-0.3282842261492943,0.0653232105252901,-0.944218294003141,-0.42683509252393664,-0.046231828325998085,0.06414654344512061,-0.2864353754359907,0.7380739994282549,0.4544868071375752,0.2321318517942823,0.5732877901387381,-0.6931888495749168,0.3404881698021928,-0.26635197845834974,-0.36513537537482194,0.40352797885082553,-0.3028592315430044,0.3165432400398909,0.3921106619829563,0.22655433330879085,0.5459341213147847,0.6167732006687764,-0.19540720637545192,0.6155820228006359,0.08982054638298899,0.38453295808975735,-0.4942038086109618,0.2031040901088334,0.08068265767573324,0.4622040061942273,0.8193298261363413,-0.17594013339084216,-0.5432169794279843,-0.3011113469424525,0.3954768774851976,0.2876350566758582,-0.14659359571621675,-0.25060707333939986,-0.3035781529428953,-0.29389388854249654,0.40780162093727634,0.3493015228332259,-0.8515886172573696,0.4247853109771331,0.7781975022682681,0.26930618294422304,-0.06584531616406858,0.09642885690851352,0.9912353735116122,-0.16144911492795722,-0.39438515747620384,0.6669462022337752,0.655029929710517,1.1031951652368204,0.2725737891244212,-0.06299805914543384,-0.5329389862641295,-0.9565313649824441,0.6722326009836738,-0.16218126598996613,-0.1908158341867594,0.2582238995987803,-0.6838837176631651,0.07893249361195524
-0.08923094390787983,-1.122792537796996,2.3608464881259366,-1.2250870087424872,1.0074422198478523,0.6488850599977657,-0.27946948879960437,-0.061949660386475404,0.1719049680439793,0.1507423135797323,-0.31853814074612297,-0.28671096197806806,-0.6748023407175097,0.4234747012478197,-0.028781812919986487,-0.030459464618043913,-0.1362385468120207,-0.07952379353736423,0.4171480692984078,-0.10632586661099315,0.7496305454315847,-0.873530620468168,-0.5104643303414252,-0.2804525136194447,-0.21279517665148082,-0.29538190832925626,0.9523485036686703,-0.4290906553092394,-0.7297271513524646,0.1650481588034259,0.24715466753696264,0.3028814564218128,-0.10476645238402114,0.048232309506284536,1.0236490563782459,0.18404345372773945,0.25916673914340194,-0.2319069679632712,-0.3009510828026561,0.3974145884298716,-0.055937043223996605,-0.4652822322457903,0.5010904504680778,0.10906064505955808,0.2786687186257807,0.36136316593281087,0.3864050054801344,0.6393650029692773,-0.09072048522493799,-0.18093405524726258,0.15634940793354857,-0.03679410048410789,-0.5188767478398199,-0.1651273106009586,-0.18587092554159165,-0.09083970636769918,0.00331189296552903,-0.11632887095239174,-0.18970548949679608,-0.46185609129044397,0.04878041859741127,-0.2829644810499705,-0.38096315327392793,0.2816516220433049,-0.2946134403630706,0.147919428414426,-0.5191969841100214,-0.3364846917200851,0.18848979382908607,0.009717346429096406,0.6694073550732008,-0.7204301854166627,0.9107404028688232,-0.2149603708357035,0.25602846643707744,0.3193336652964309,0.41745304246381704,-0.5716541556805323,0.6196573715131537,-0.33775530449232877,-0.4724002359487771,-0.4392543968699677,-0.3115711332839858,-0.268332371883928,-0.6237058905396777,0.16825728408023996,0.4413170826015669,-0.33303551155444305,0.2760296718947672,0.8575288699519804,-0.04110397861571603,0.19246872383231214,0.31651766562358763,-0.17008289644619792,0.39641177177295933,0.7593571078078349,0.2938619872292207,0.11412735920021408,0.3665555915107641,-0.5308802588964644
-1.443372784659625,-0.5615754163701465,-4.618393751360361,-0.520145485672871,3.189981002837021,-0.454950114223857,-0.05077701039990749,-0.617016792165141,-0.22746276874606156,-0.09764686787203883,0.29618086477436656,-0.34589513727107773,-0.41322321630548636,-0.38101911775266506,-0.40498314945055036,-0.12198172308430656,0.29143927839391004,-0.03919113990751594,0.12509912908580187,-0.40417929491163285,-0.04598377347454674,0.21487986813221133,-0.15945214800172103,-0.43887180113808216,0.7541253209205475,0.3731591180760723,-0.19107480456550663,-0.6121111768195211,-0.5923479162706222,0.1591184563678308,-0.7706059312215797,-0.41616017376920633,-0.24263008489092508,0.19045426901795212,0.29167177497035557,-0.0871184435207018,-0.14126945361324045,0.11657324394043404,-0.6402522297420109,0.9489041626320917,0.14328332672136612,0.10854687747544556,0.44140485310236155,0.19684783084115945,-0.40518174843110505,-0.9348726432809005,0.19743110561789343,0.18715274486391562,0.1602497865282806,0.4555496611177739,-0.038275765257953606,-0.39272908301329873,-0.4656811523167103,0.14709831506914692,-0.6510186897252173,0.12209492290757631,-0.4431091147018803,0.25342600515417807,-0.0379314453061866,0.09415100501728715,-0.21458558880564607,-0.05815288144860789,0.7224378844246175,-0.24157052512056348,0.9802963036314655,0.318289973914481,0.3168888517720425,-0.07458581802796889,0.3873538135189544,-0.8893035620804081,-0.0020371328115841546,-0.43376023201736846,0.5880042377166612,0.6103067573152785,-0.26400521156065365,-0.13850763831362448,-0.29156815207115905,-0.16509505500104074,0.05575440531299871,-0.7371918952380928,0.4135856260404251,0.40582143177838725,-0.18412944942476261,-0.09140773896077771,-0.16962929030594381,0.09892659155561541,0.6211960270101895,0.8817599622327088,-0.4119383532122273,-0.4585234311923404,-0.0892632343239592,0.06320912968269553,0.5749496574284297,0.9050469238071255,-0.6021524025912243,-0.6158911286160114,-0.5727780782148879,0.0659343846383883,0.6243938261652483,-0.3230152080504538
2.895149778532434,0.048208940732145544,-3.8022806628167345,4.845350668998981,2.516697212222512,-0.035063401260027736,-1.0804349038547165,0.1499725474351024,0.7164309326674289,0.5164885363293062,-0.15316470515557595,-0.282702387289939,0.3894618049320821,-0.49007800778052635,0.4319269442254179,0.3552742818591837,0.16300267019847411,-0.2757931828201954,1.3780227672826013,-0.03341918544605062,0.5223106966076747,-0.23368382079426045,0.13434600355298407,0.28308049129086515,0.1603986885204616,0.4722970652498054,0.45925334387221334,0.32041357790103836,0.01303685104167462,0.13607234199481155,-0.27319848355595006,0.8929774519773342,-0.6816947501620032,0.099007987767339,0.12019902693444742,0.3691176747668299,-0.07965563951753482,-0.1677638633411446,0.27682843272130003,-0.35185908912792097,-0.23067352962068755,-0.13255724276303327,0.3128510112798142,0.42158582434801545,0.35787381481621194,-0.18104478279198244,-0.4461698297014692,0.8095601151365951,0.6048366235660093,-0.213656020462195,-0.6509844506813682,0.5037467205099391,-0.22985031852728616,-0.33203889671905124,-0.6536129643963123,0.2875357055126739,0.73140643891639,-0.3335578666076845,-0.4498559366314971,0.022422516066487153,0.6528699752970567,0.009224080723989564,0.23684278759267718,0.503767376596874,0.7541521941504917,-0.5845763039009512,-0.005241426038819296,-0.26713727878089566,0.19091978335463217,0.6684534977418776,0.2503408506073789,0.3417691194256114,0.16606408368342573,-0.9544418808712846,-0.09038101283028172,-0.197632080361519,0.6859560205653975,-0.027792932477180496,-0.05652562284202992,-0.5003451453414062,-0.1625848368997448,-0.204904708334413,0.5022119781829877,-0.7246053453082356,-0.7091798905231965,-0.4514098381202989,-0.5682501587572965,-0.5876227749449496,-0.2499991224079089,-0.27142746817453317,-1.0971586249172618,-0.11303161403239818,0.08765416337345337,-0.39612038047483683,-0.11231916836530406,0.5272092347355916,-0.3016822873706405,0.032411781129182325,0.08202046630574623,-0.3129432950275079
0.40843105917695305,-0.010787214508861942,2.5091296633987934,0.7162873189521044,-1.1951342273091003,0.2896124824404804,-0.5876965230848333,-0.23390873778505844,0.32257682313914104,0.38905035854999603,0.43601808923070606,0.5097918303605468,0.41242615624542805,0.06371398373463588,0.5637717698906656,0.33431604442549007,0.07340913177845469,-0.15578142348656907,0.5061955443314614,0.7037388759841589,0.7708006669264716,-0.3556395303770332,-0.44056474631362696,0.07330924406299606,0.18925580513220355,0.0962507837761321,-0.7989043111645139,0.4037079936761565,-0.13204324371378695,-0.01748729980862069,-0.08946091226799216,-0.2954159830658346,0.2972255215898612,-0.08328736384684178,0.06120374175033258,0.187093915675919,1.003309597251742,-0.35449035866201484,0.20236199381949788,-0.6160009721635414,0.7291845054055697,-0.11563487208542622,0.3814839497397333,0.346268618023985,-0.4835825201467743,-0.04555749585434536,0.636871583382342,-0.28152753090922816,0.20976445587034073,0.36516651616161716,0.30579185420954436,-0.21550520195272194,0.08447325223988696,0.2572867002298615,0.09129275800255365,0.18491534225043818,-0.2862805258810119,-0.09725420741548568,-0.529021891399306,-0.3603631323307462,-0.06738709439611024,-0.26548829682804187,0.13602790736280956,0.4107020446848433,-0.42846359480831414,0.1554621455837659,-0.14933504205920564,0.454829218125319,1.112859035271705,0.8182141717444437,-0.8592117747268037,0.1055300375000513,0.17710052135434598,0.29857621407705537,0.028146875592027686,0.026363166806782978,-0.2285546923330859,0.10371934783265183,-0.09445934631061467,0.5890167296862702,0.36059525217164695,-0.2666270390868756,0.7669498999969693,-0.501118709550244,-0.1489135750547863,-0.881722003614718,0.16055228933486482,0.13690467485909327,-0.09747071871849444,-0.45825269105831623,0.003873440513000597,0.6425326882962742,0.05070842994032865,-0.2577978938974939,0.1988635971655219,0.36824541981042014,-0.1658731657545564,0.13037202162697553,-0.25664932233190824,0.12601130248049652
-1.7672671767929804,-2.274847416375706,-1.3474939873892522,-2.0919660344689466,-1.6069145967137293,-0.30123910876548776,0.21518334707870942,0.015540094775412253,-0.742267481784324,0.7260443327346396,0.8615870424906973,0.7601760912322515,0.10473963522234966,0.5124071232585211,0.5568428536177549,-0.20971701275696478,0.6943578942288283,0.022312201128155497,0.17448794589730987,-0.3725215060513608,0.41618886590461784,-0.06654018833338148,0.49365244778465833,-0.13815268190830166,0.4202907058078171,-0.18070026610762605,-0.5952008281014992,0.6896302183539154,-0.15541074212904815,0.10700559260644579,0.22769373543832774,0.6953133218462525,-0.08378200556832767,0.15054630264364635,-0.43653161102797694,0.06594756126286144,1.0676697895417615,0.1640425410664927,-0.30522158030010227,-0.29878638166290167,0.009368263814435151,0.38066592510113223,0.2669905319867735,-0.7726194536819414,-0.4499877596858016,0.6056838509155791,0.0969244939752983,0.04869806505037502,0.4428241487952866,-0.5675397246692906,-0.8964466657161655,1.080600265179515,0.3058911413992521,-0.26685623360871036,-0.4138439075837771,-0.6233377645014085,0.10685138150210445,-0.09454307595988674,-0.0681842074480749,-0.6630082704104673,-0.23549006180045412,0.34818507227462825,-0.4761353637049873,0.061936617901965356,0.4388873223974185,0.17456644893936304,0.636639552200928,0.7422833487522229,-0.25179710371083214,0.5437891531791139,0.585166485399357,0.6664995684704844,-0.14148070217661246,-0.09820442115967007,0.9347157252420444,0.35512648564836974,-0.2838814700594211,-0.13037996959533707,-0.358112583003264,0.05977187390274215,-0.5643679124116037,0.2154510140685427,-0.20610489764466877,0.40289013213585495,1.5336810700693408,0.23539313785614202,0.4113537466972594,-0.6094086560234007,-0.2199598343712851,0.35775539832849673,-0.2162160077068217,-0.015218673061773744,-0.9615094559981864,0.16987792829861148,-0.036298779834489585,-0.7032341703437285,-0.1148491939505113,0.33656238216341566,-0.036288560779535295,0.7582522495701377
-0.9458410454463777,-1.0978362881853099,3.3942686973524974,4.166714691439501,2.417455465027279,-0.5109765010245587,0.5241558501119337,-0.9918227297518235,0.020208958031073535,0.08537184621826971,-0.14380420824549667,-0.7537385179091873,-0.6880341487996005,-0.48095755793937617,0.424086136156533,0.10840546997619824,0.44296222608820446,0.10000967144906275,-0.12385575039639628,-0.4903967643753564,0.5295490973258494,0.06914570694417628,-0.1683353826988642,0.19635339579407934,-0.5441995348745557,0.24403600093748062,0.13033203201720467,0.7463113645860733,0.17649943427322862,-0.762119862970283,0.2929188367557535,0.2620066305439331,-0.04885646131520568,-0.11045540132939347,0.4794678242735952,-0.3158876822057148,-0.5913806288153438,-1.0407150602528537,-0.2831682098073397,-0.5293988165123324,-0.45955772530780514,0.446135296659184,0.34907413756244543,0.49545589147804303,0.23435212146554757,0.36646442059452794,-0.1802476564268047,-0.33496177056181553,-0.22715306576178063,0.3212549390618237,-0.35931227804576715,0.17926227261814054,-0.07893707708601976,0.29669829483678317,0.13129786130836332,0.4662287194721398,0.6040771140548777,-0.3136459970685018,0.2921197982709989,0.6480925993938882,-0.2415865166112808,-0.37531925554481216,-0.11013061239397283,-0.3086783128610917,-0.809450270466957,0.09121470133426272,0.6738028916631832,-0.02615602768678695,0.13403039743986095,0.25875264392610864,0.4119484393714798,0.07481483180782585,0.32419492251651105,0.20801576024912533,0.5989881760132862,0.6197714133564343,0.9719501526782317,0.06283674896222127,0.38560471410782826,-0.3648977461481491,-0.11443905367914929,0.4657901483985927,0.23626194654100766,-0.06601605412236379,0.41871853387561125,0.2895957309600803,0.2164663222217242,-0.9084557610376544,-0.24292592234003937,0.34374568825859303,-0.1356019169909321,0.5396177310993083,0.11301641316415423,-0.1690413711958771,0.7448125655905085,0.6343254151779791,0.6287380377630549,0.07897212084761492,0.12771037507966784,0.4522786196365181
-0.3731039859913057,-1.3334763077451122,2.0375555212426373,3.621287233327157,2.316000531492241,0.9114805168643783,0.18079179705615778,-0.02959795002172911,-0.09451846530208906,-0.32716017976629735,0.3637756516252228,-0.9854603206325716,-0.2079124068223493,-0.7679153829453303,-0.31443858174331285,0.7464097976779118,-0.11954596590247078,0.009845359715159227,0.3298745134623635,-0.34605266242264743,-0.20337213962841694,0.5775966448921318,-0.3003492688677386,0.22444448199545428,-0.4659768007805023,0.24772983462243875,0.7739860652260023,0.4996555959632321,-0.4696813726998994,-0.24530899033419362,-0.27491996002664215,0.3567865507712258,-0.1928171047421819,0.3363629566239276,0.03986238035493396,0.46249675685479075,-0.4763554410513251,-0.004252714958848278,0.3967967393738041,0.047943669820296304,0.4258820436069071,-0.06280001023297925,0.2536263724750201,-0.2024148293316258,-0.31499499942909004,-0.2816984245304097,0.594677021524306,0.22586970332563502,0.5026848541461342,0.04913619920007965,0.1979774983662824,-0.1587207435344135,0.20823616589834915,-0.14208057644086364,0.46923695106635843,0.5899916382335418,-0.1911276517349444,-0.4865142769760332,-0.296543938469184,-0.04143772067323434,-0.005526556670574466,0.12506723430083064,0.9748258152274746,0.8710500316438695,0.4329571854592624,-0.12144593804407795,0.5813720557432691,-0.5190866642133072,0.26595132323685405,0.032272308054910576,-0.34797730200119525,0.3132842965194348,-0.5412199548669805,-0.25676370753904265,0.5423047986458255,0.4319407933001448,-0.3259276283283703,0.35479328624068396,-0.8206358169284981,0.677375450607274,0.4479688152872144,0.26862993585980266,0.19755086711805547,-0.3688788418536142,0.8747762187895695,-0.03376782489189787,-0.10002494868984937,-0.3546721635733239,-0.5178936231798876,-0.3262337594925616,-0.18003467749084281,-0.34828504501170493,0.22535303293135953,-0.022374806163405224,0.6056046094957556,0.36743623617167986,-1.0003701231397946,0.2806393963190013,0.3188113032322364,0.08547239807528088
-0.028296770772748427,-5.141656559322642,2.05802285138604,-1.2588753998323545,-0.15192346225912343,0.08887010794777224,-0.0790701818275234,1.0144067997106412,-0.13408991724634609,0.30162217257789065,-0.9083503744739057,-0.5232765640058329,0.11578139554472697,0.36188226642998667,0.5759352010765042,-0.27273430788668096,-0.5925270698134765,-0.46179292091126967,0.41837980663260266,0.4274353185978003,0.34839685290977807,0.21018870409538504,0.620023413889095,-0.4177109448958954,0.6867553404890198,-0.24236766491719455,-0.08405433256525345,0.5078745888199807,-0.36061423006413046,-0.3128048653800386,-0.15239951601587057,-0.8462615811795987,-0.492181782265904,0.023630067464969717,-0.10073239628537563,-0.16568508260137615,0.005635397533609119,-0.2145271433018472,0.32585913841740977,0.058014538162661576,0.21387636106540608,-0.4936913944281106,0.4137013190983305,-0.7427364650916339,0.3337169928358238,-0.3663008359270008,0.25255942047788627,0.26395114644143425,-0.19342616286881467,0.18621917990988926,-0.06041130966830274,-0.07079952134578474,0.2870212946221456,0.24766670003880517,-0.33185142491525454,0.03874217166597633,-0.36885227809356225,0.1781609300730108,-0.5578430907413388,-0.440252514994168,-0.0345451724120185,0.16590720328745862,0.3137856546571111,0.0020979814050529092,0.6695892229134061,-0.6594820718123313,-0.5429217152313391,-0.9357360762763308,-0.28176584990673015,0.8642160860277557,1.2282273231366423,-0.8954591187014976,0.30960735694240366,0.4351687847401081,-0.0948534760559247,-0.150556133270433,-0.21371283543210304,-0.06392510908687787,0.33950008662375547,0.2910871594332241,-0.9209587007881329,-0.18909957804271615,0.5178371191758859,-0.12867294685749175,-0.6445080279687527,-1.209901037491447,0.2108070367916993,-0.8389407757905941,0.34574975838697264,0.27886228764987586,0.18479657409244277,-0.47595509467164177,0.21777817139942524,-0.02929192689230586,-0.0005290840084556531,0.17120640650383534,0.023215027483171682,-0.9867005911926288,-0.14039103232281874,-0.3006704982343847
0.2733616753804295,-0.5118262110794694,0.8779157125577005,-0.18904552688797255,1.471545498367003,-0.4834174153875827,0.14659128434856694,0.19005620803399143,0.3085264537559383,0.6877772241677604,-0.14248609464566195,0.8073563964259121,0.522185595236249,0.08883366479688326,0.3783674174664291,-0.0721542776168067,0.09820248612539412,0.41686880991116276,-0.4394212009255265,-0.364541574196234,-0.13881524920992044,0.06270757677409873,-0.050005030255803114,0.053694521607695,-0.16859824341464003,0.7411397711379766,-0.029600489558005132,-0.9370503393583455,-0.03741885974672199,1.070040309274978,0.4591105958511814,0.38092061473651606,0.39187772927331116,-0.21132239346090345,0.5680510547973805,0.5919713571180215,-0.12154248605814261,-0.17141281354088161,-0.25321145079616414,0.236798284690672,0.6425238667781746,-0.3770391645492171,-0.04339418613421227,0.1777263281903608,-0.11293570591433168,0.42809898884816067,0.7683595785743578,-0.006301625279091939,-0.6050938254749431,-0.1240102142959566,0.43799017640610605,0.22926693967315476,-0.9960201716470023,0.16716812134811815,-0.1543524938520141,-0.04376627606946848,-0.767590586787275,-0.4356020272844913,0.1967920777142017,0.5299910213452235,-0.5169581205355767,0.027776524345273335,-0.4255776360519078,0.7449952368344647,0.658516938867416,-0.5299275419088477,-0.12759500259807052,0.3343108381031875,-0.005049433738981507,-0.03482255501769654,-0.14618148964584998,-0.03435636035030505,0.7953240882319577,0.19434746817876264,0.9375228263577202,-0.6619352400617329,0.3630239677219092,0.3893504570557809,-0.08520273601587577,0.4545948551778612,0.2832592705282006,0.16030290544076392,0.17685659205075474,0.1448337330988431,1.4289999497252617,0.5921353087069748,0.7329504082713573,-0.3972261043475918,-0.12051866156612961,-0.14804769759671432,-0.06525408127030816,-0.27822915849226704,-0.7140112490064983,-0.29588483487542766,0.21340058209951296,0.4551502834383017,-0.5145576476245043,0.27827216634351887,0.625047492992713,0.21828585707831108
-0.16893548940087622,-3.4043882077449945,-0.5294956874071062,-2.457448522598459,5.448882672279686,0.3420136703533383,-0.619406824642476,0.38367650328844904,-0.0767706407939036,0.7301540147371749,-0.07366356944464535,-0.25224381565829157,0.20997633317551237,-0.6692214449518669,-0.014129960886809095,0.2656452424152678,0.08983551348866249,0.18136626379346502,-0.2718145930424171,0.5506831264910956,-0.7943025921362529,0.4818200129548253,0.19373979807137814,-0.11732473869216517,-0.1702722350571215,-0.38215080716114314,0.10503598861320831,0.33357430882206535,0.1142259096510474,-0.18247640112241037,0.07793837797037996,0.04474795183212049,0.06133025511144122,0.672691734930841,-0.21697878212382518,-0.658242052315471,0.944101117546145,-0.29633502318424415,0.288655824421548,-0.2419189825316442,0.4391627902005525,0.029598787873878176,-0.12163181966685929,-0.06186252750558128,-0.992369673713826,0.5274289422784647,-0.15938153984670062,-0.15472340621498173,-0.4637576601909042,-0.11392776070538713,-0.1361019454525392,0.41812498387137875,0.058936021228939546,-0.5065382501251083,-0.20642278615011894,-0.25066642540504847,0.4194645281161737,-0.2367410455703029,0.02213353284196668,0.07557727150109789,0.25346896558254634,0.013630508418259767,0.06215679732215093,0.7500773753380062,0.08995157166399086,0.37929158453358397,0.2636278161009751,-0.11309373550216896,0.9846673419691618,0.0636834036355561,0.016351409721478204,0.1656295049700991,-0.15262338245656995,-0.43685682497138956,-0.19669635151362933,-0.2708043677415228,-0.0840965019487513,0.6759035242521148,-0.23003905277801123,-0.22985139438873234,0.03834945723026038,0.3023284922718131,-0.8778155670347194,-0.27681529078524836,0.005490829024971785,-0.27294257268235766,0.9282872432313396,0.3964997796133634,1.3406095774965814,0.2600321376475942,-0.4534510495374921,-0.35428154240181425,-0.1765481270447821,-0.05726319140854903,0.10042547966774326,0.3063496511101757,-0.036580919214102836,0.02689183003200102,-1.1947783309975073,0.23319029711760172
1.7691300898007116,4.9391439015354495,-2.8941093756189846,0.9448769443798777,2.0420448386352197,-0.21881212642029438,0.21194797154707218,-0.013062093280431106,1.1717789824146363,-0.2566798667090636,-0.6328383074883857,-0.33170480704296823,-0.31060559361512635,-0.6773519910042115,-0.5715512283527088,-0.1296956823259899,0.9465037563128088,-0.4059907174596297,-0.29402502320049334,0.5196793697290885,-0.10781372015992595,0.36803285989791173,-0.15258267086560473,0.5058447108033505,-0.14518421284931066,0.06109176353839905,-0.1837875617481831,0.7361224341698115,-0.37374723034020607,-0.5333699125535192,0.8898852541026683,-0.6874639257802655,-0.11171248811307899,0.2963167645098178,0.5567435080688341,0.14518306507021225,0.17851820013576336,0.30889745686013065,0.11913057694989371,0.2650220282066773,-0.13420648145698877,-0.6013350415479867,0.40516374990689735,-0.29430140103053387,0.7166358099863142,0.9163359429006495,0.24074937086662418,0.8287555766315,-0.24160099844135155,-1.0294785593366413,-0.7150081118164007,0.3947116157392122,0.27309536222419745,0.031954173935513336,-0.1134984406322158,0.03846877816137122,0.059885612638758114,0.32339023214941326,0.03359666839414626,-0.071049810380014,-0.07836176559399226,0.2675438259466997,-0.7101764439853328,0.7735083141463158,0.33427334047215707,-0.8216369635461537,0.2597913475461525,-0.13924157382709745,0.10438793749776462,-0.30686862101617907,0.4249068203142751,0.5119470939531556,-0.7014404368773636,-0.024780765457818967,0.34946111755381004,-0.04306160527316784,0.18445097777113761,-0.1991881736648641,0.3356682731946065,0.15261952624563752,0.2989422094273646,0.7748182616933402,-0.012913226567978069,-0.5136413133845715,-0.5921379652670743,0.18795722339383666,0.6353382035482037,-0.09012004848765953,-0.6105781108483064,0.5653996757947825,-0.23242558533831206,-0.21089360993547707,0.7340463922993756,0.2530421646666374,0.2623010480163398,0.33398066928909564,-0.49169218672126436,0.33910969399992646,0.027152808254172166,0.2108044464208087
-3.662292253760812,-0.9858031881337661,1.222242104399362,-3.8095784693246966,0.07339534740028525,-0.04973029171915078,-0.3492173557885602,0.1234169109060001,-0.1663987393734181,0.06489123169524383,-0.15183715364790362,0.7621410031107927,-0.5069847255241776,0.2056979405060846,0.7959513845494665,0.01464001967138493,0.14341259567761389,0.4050783729124508,0.23331328331216675,0.5551884062529012,0.07208012779615519,-0.0073023987936650945,-0.5429640332418059,-0.3691170860552446,-0.35363449956274035,0.344734564224048,0.004038037446188767,0.08942734693311048,-0.9209813307951562,0.060899504972293204,0.09316586135397859,0.45260091244716133,0.024791163833004812,-0.28830144854990813,0.2555472776819169,0.9135757897487915,0.5358124971203159,-0.6825429605051277,0.3128860190066985,0.25144084055880245,-0.09121213306381462,-0.052039819726599254,-0.2697085779431884,-0.5230369755571879,0.24043901421436337,0.18636088567939255,-0.3148896976389819,-0.39650515618174076,-0.25294489751843907,-0.42870388483833805,0.3761310619353811,-0.9046343629277873,-0.1771066998890429,-0.6223247400221417,0.040995303616959654,-0.3986161351346899,-0.06756853235554497,-0.3412239540525772,-0.4837294798945404,-0.2626099669898093,0.08048234219804065,0.19757890175679596,0.20506118753584485,-0.057081759613354356,0.16791763199554388,0.20708793066316042,1.2432474680194758,0.7604586030631973,0.20534939040946304,-0.05342192243505637,-0.30607995284132716,0.6886500754316168,-0.4615201745530717,0.29633263820960265,-0.20930327340061866,-0.2071208042531007,-0.009897350152260127,0.16598437096643667,-0.7198219666925086,0.5287143147643802,0.21458766249368452,0.6618162958380382,0.21057996790050706,0.5318979875872035,-0.2929952498086291,-0.6101908460726899,-0.4030531415469729,-0.23220697322165465,0.24270073293128777,0.27155434203763046,0.3959670282430996,-0.6383778083055076,0.24838928253463632,0.6310806488233632,-0.1900356987697417,0.7007323863436051,-0.2931624036054275,-0.557181465307424,0.6391533553025097,0.6190396477038687
-2.8502401515407354,2.6942076959243164,0.7054212545946767,-2.966850654424708,4.6809661142708165,0.019452401981642206,0.38960533577494216,-0.581182747978521,0.034951452400916044,-0.2599303971552375,0.4377520227320122,-0.673781501214933,-0.2884314038561721,0.1301282129855622,-0.023907470266759136,0.20285587950311593,1.2846471193022853,-0.3627795161742693,0.953457092789193,0.3205076853020767,-0.22135688838408907,0.17695671457614143,0.1513825860103231,0.6592775590392692,-0.004926117554456232,-0.201087633008408,0.13148582764495773,-0.6730733385345262,-0.7524164655198093,-0.1786100833755045,0.45317672848588586,0.6901007031656112,-0.26873895532181113,0.6720766907077831,-0.7638868895749384,0.7098063099598363,0.09979323094644056,-0.645267900848855,0.3527461891049719,-0.47150128521306023,-0.15503723952847934,-0.036126032731188,-0.5508307251556763,0.7122364409360968,-1.0235885445716186,-0.332201726379266,-0.2568751476798518,0.6505917294094582,0.1382720035572151,-0.4451627685842526,-0.22416460900777804,0.3088462300600773,-0.32355288209757727,0.820783919786469,-0.2852815214435025,0.6473577221205576,0.15979175516801217,0.2820625647546518,0.09588331228207891,-0.0731396699921813,0.6112907307867298,0.5789244175399598,-0.9299019863514543,0.378490629251586,0.19661445351215992,0.1849641326156603,0.13623907211827496,0.5148524913527389,0.1699791564151972,-0.006521053705186276,0.33015926751035063,1.3166263593206167,0.1984841187085341,0.357920612096979,0.6262789201684335,0.24493297328956687,0.36820092344516203,0.785554113490223,0.24186960994850348,-0.7463889402195659,0.3590251232300242,-0.22582760032909607,0.09149186792927046,-0.8641765271283246,0.34965057035556824,0.44357011679250125,0.9096253003871181,0.24288769216833747,-0.10361208919797071,-0.20807167344966895,-0.2634304352876024,-0.8212388785981625,0.20148844907816274,0.09197589470002179,-0.9878140277321913,0.33853592431019447,0.8191630782256668,0.6761535407299595,-0.36492404432096875,-0.5020695701628325
1.3997142591305174,-0.7601429790737351,-0.40205293407851106,2.206397865273719,0.09185531900836916,-0.34238291612098143,0.1381077028482482,-0.45361063961440024,0.837726758403346,0.633184463190066,0.157682245007109,-0.33653785927822166,0.2746759333062203,0.22036602212720469,1.2488718168004733,-0.6117598816050865,0.27598429745419467,-0.5243032168337444,0.803980544237654,0.01583633969474972,-0.21010482038217348,0.5959328730991414,-0.05739345198777966,-0.08607744731930699,-0.6128593631545213,-0.32171871439294986,-0.9873587660541396,-0.022259247479565012,0.16891871567185876,-0.6080298721197983,0.3339072640031104,0.29358208931253377,0.23673203638321996,0.21170275775157452,-0.5844794374450378,-0.2873477769381429,0.40013125640512653,-0.26796023862199986,-0.2448715522152424,-0.32458601474381366,-0.36958048321692066,0.03266990928841048,0.12532067546989306,-0.5050602815700727,-0.5154326109932553,0.4515251919043826,-0.04631200735058881,0.8390841702005122,-0.20995396010716355,-0.016482816844880465,0.7169288672191394,0.07724161039222441,-1.357072657371375,-0.42289971467187276,1.0072356014920771,-0.273499729208717,0.15901178472617655,-0.3560822812376235,-0.8443806349637044,-0.19390024846158216,-0.12787248876103022,-0.5324817175295339,-0.36589624383858504,0.8541693060059561,0.30429412536473216,0.4889836679581933,0.6911236092013093,0.5734339033599605,0.09064307271871623,-0.1603033984142341,-0.5535501059357008,-0.012561015953590245,0.36589304207377243,0.3084737026160203,-0.1551088978787866,-0.31915028027573095,0.2738144241825141,-0.1448497587894362,-0.2117694240925235,0.1800547850746973,-0.07326700580675552,-0.6011373740203315,0.40863511670465696,-0.00249359801563934,0.024244124335879524,-0.192481426429834,0.49726446448784556,-0.5627843498429708,-0.42013511709400514,-0.6388680236233267,0.2734078695700662,0.41601166848846693,-0.6104422984902955,-0.7650642336632365,-0.09839767563828626,-0.3075132322961939,0.07834911613289422,0.7040070289654934,-0.38165112966025594,-0.2828072856031818
3.323666061775028,2.2038999640493935,-1.7987999706866662,1.5346220933231176,0.881238481089886,0.20951842819733743,-0.25271461933679695,-0.05022492619441206,0.22969501599034842,0.32630330036347394,0.10517003781944678,0.1741730828124346,-0.624464413408753,-1.0320067718967043,0.08585264242451222,-0.10505500576658437,0.056384868956018706,0.10070904942547532,-0.778449036891045,0.05631820463226042,0.14054298351467417,0.1421815056985625,0.1461324830395476,-0.4883110646911261,0.12187493448464133,0.537833135505613,0.3155271283341253,0.29984698114629854,-0.5798355729452207,0.4900516717849301,0.6075359681373526,-0.7030744438732972,-0.4181473247662454,0.09330010813642424,0.12235380733303045,0.4522624140891169,-0.025964394634226638,-0.36919801859822043,-0.01168184710541538,-0.3351818863780009,-0.01739221227519798,-0.1142369925877469,-0.25017050750089037,-0.8908410946922433,0.16828209794554122,-0.3264629209493956,-0.45091744794201366,0.5568517916630522,0.4669027978141646,-0.49759400102618373,0.25259793924994284,0.5832472987961232,0.12667282600854649,0.30670616479704754,0.0018973619126145282,-0.6450112546186364,0.23637585484717616,0.44259555401673384,0.018877199848561007,0.36189744666174145,-0.5533131307683063,-0.02431366672177591,0.17563687545437962,-0.11847747163201823,-0.6720482615800704,-0.21229066890257445,-0.6194028219062044,0.15965007174495682,-0.34965117296004833,0.0011598603723787346,0.02253171153805453,-0.15475498550078964,-0.6618469068118192,0.026574213464809582,-0.2665385930676977,-0.09523136283175003,0.11086287283821074,0.07904748504247863,-0.21181264756580367,-0.4099701988449147,-0.5554437868334257,-0.8698600707091168,-0.10093802069113568,-0.1657285059949559,-0.22699271742537597,0.5953782327861746,0.13559875427065432,-0.035530103029133404,0.44334744031712015,0.7359473802741924,0.09696413488592459,0.19223490797672596,0.007672230981223291,-0.7981166164707818,-0.3088128987160212,0.7351927489978799,-0.5657567847974738,0.2927910180012092,-0.054313403601084075,0.6886149044871306
-0.4441628826944028,0.48312009128154676,2.4735024143582685,-1.713330938708179,-1.7699531143735647,-0.015881042372363097,0.006557921569983573,0.2988475638518264,-0.1489107777420081,0.1729746547326845,0.19107385266694532,0.5619959613882313,0.5578876266708489,-0.25859151507793354,0.7209524927748465,-0.37701484032884586,0.4637650853711333,0.6000049566133734,0.08611859924117395,-0.34560488926300753,-0.07128269165391843,-0.1777992621473094,0.18342069790200377,-0.11078276543363015,0.7352197349614173,0.41466192183082234,0.16394848365461173,0.5158824908423895,0.4187452501071356,0.9224868734389141,0.3569743899025589,0.2727067499874266,0.7574927923405794,-0.04030634990297358,0.3423733099121787,0.25946194170401105,0.30263996335278326,-0.4573463101404883,0.3268328362735422,0.24978421091900826,-0.2904210102169831,-0.8625757102794802,-0.15475280660664759,-1.0522377737377302,-0.20499075534138494,-0.41980142777587826,-0.0305546361865489,0.011117501638775482,-0.2326464879805994,-0.20295186383726743,-0.3404885891569722,-0.1992683289816869,0.2672153643204216,-0.4720178624900508,0.006207568692484938,-0.06072668031662233,0.12214464392523425,-0.43644802982630926,0.03829899076236786,-0.059770062448635926,-0.3066194462394757,-0.6739649642732426,0.05997642139164748,-0.5113575903204292,0.6684415384008114,-0.26827763017075473,-0.800850768049851,0.9167810793042446,0.03133762972214757,0.28503743805320925,-0.23935962272333852,-0.3808870100196452,-0.2362755813161953,-0.27844659781755626,-0.4074755586567349,-0.4197741275335299,0.26701757947323634,-1.292035008012914,-0.12455886748446096,1.2141503625916568,0.14932980548379,-0.08183218775726775,0.8039964510380441,0.3858345096343838,0.26428936806888287,0.8391215157160122,0.08286505351443783,0.3627496379583182,1.313959259616329,-0.6819073192951569,-0.11772598152887806,-0.3011346607828539,-0.07731578184271988,0.8072820296725872,-0.07288693723513125,-0.2544302157438494,0.13364553654610462,0.012783113179745753,-0.8156182364205432,-0.08644580885335247
-2.2478924554484596,-2.106144204911683,4.015545119343855,-1.9401799416177732,-1.4148512270593776,0.059051477596183316,-0.13671268212033144,0.4627185027150638,-0.2607470139705541,0.19793803818758257,0.22880435941391428,-0.5215962611373889,-0.10043225286481369,0.2961227072024662,0.335491528433691,0.06648162778049518,-0.17244245255000187,-0.16305503502572075,-0.5127516679693206,0.5971469283561679,0.2542818262005797,-0.30975615707622217,-0.013967422928835627,0.3146897423337868,-0.30116335351675955,-0.9923975797718109,-0.45665571420534407,-0.2214824623465095,-0.07827481612103805,0.39202364343005947,-0.1524816320328768,-0.551701366132719,-1.0086622635326024,-0.5371746834454819,-0.5129466317397657,-0.30915534695682767,0.1527447553738346,-0.15925077867220677,-0.10381657128530968,1.2161448606799237,-0.013207708643157897,0.26433086819779894,0.24735439367324924,0.34742226044183117,-0.12241256775176612,-0.5447889414616547,-0.06664849841914246,0.6400648878415837,-0.7744560129234912,-0.214215314514442,0.723681646144684,0.1923134957096066,-0.16563006041885928,0.5380888703041857,-0.7098086715021906,-0.05046440189452041,-0.4456871470505812,-0.4288412269724994,-0.052944030741729854,-0.9983928553261217,-0.07166344615851178,-0.27595728740399267,-0.08044567498025963,0.3423751867306265,0.4283314544600396,0.29087645354786584,0.6964658695257928,0.43143895989727843,0.14376703927669782,-0.6308014451087395,0.7485576325747494,0.2821164091131801,0.7625449442795987,-0.13812256485021365,0.31054430600328453,0.3796178578055241,-0.321076077291729,0.5759400474973541,0.011907467379435573,-0.6894056601367358,0.2534436563472549,-0.2623163236193554,-0.5413121845621878,-0.44786497973435324,0.12708587533319265,-0.24266125435107053,0.26940557933747167,-0.3409666255791475,0.2736695921588337,-0.1342035882934232,0.12994173432051356,0.9325764015297924,0.7192979795569201,-0.014331043789623495,-0.3063454078577204,0.02321883401210648,-0.31953017472287726,0.21689516264792294,0.32461107983551957,-0.08915006994479432
0.43371591548761584,-0.476519920800398,-1.7482311034883748,-1.8087780429435683,3.7785894068483845,-0.14301669210707288,0.2776547308484086,0.1075464161712862,-0.8500659796634907,-0.7277040355111121,0.8978333328098497,0.03675222191753904,0.031155813035835103,-0.37666107959555345,0.6133192217398188,0.11911201924817749,0.171366291699805,0.2989964435006526,-0.44745691708351887,0.7036120205398727,-0.08811161460589778,-0.32233985716726576,-0.39444903801268844,0.23344712202380244,0.03211195785539023,-0.03361891918039347,0.7109252952199864,-0.23835041843965044,-0.5354693288629289,-0.011695746333023897,-0.1800263214270435,0.612571576894061,-0.583161044715649,-0.8218713448517803,-0.0987813904915505,0.39426129815174116,0.3446251676729814,-0.15121904898300026,0.5264917706224274,0.07575526499126473,0.04119414025232251,-0.7537577637197622,0.4667075064811385,-0.8251130646977114,-0.000781118517702949,0.731629206576422,-0.08461572435424226,0.14097576296887554,0.5369367357673202,-0.018959072362467595,-1.1792739241353036,-0.34821160211361896,0.3881649222620952,0.24638468214405207,-0.25251948078427217,-0.31703709319919865,-0.1207989627641517,-0.05814862146750623,0.3943904683729817,-0.08950099018360838,-0.08586365103738747,0.0008776796087775112,0.4519125088391907,-0.5658894558051136,0.6881845270536048,-0.11120267011578772,0.6647220558721312,1.0403332955436377,0.03184015490457189,0.5289866169718807,1.0493800729484086,0.6921476502076851,-0.28489455619470677,0.6711270918014244,0.16076146897688984,-0.5593795564578785,0.005779527327434561,0.47076073009661373,0.1111365811577868,0.22878757727133467,-0.5755544517744714,-0.5472572572120447,-0.5710107845436319,-0.10116717291621044,0.6569623453860876,-0.7831462486538062,0.5521851782644159,0.41673531046698226,-0.1979995821668681,-0.8406351038463313,0.08943209347891679,-0.539305803069937,0.3913249602758888,0.021703784629692413,-0.4881670428471625,1.088667585632678,0.6235998866086022,-0.517561237867479,-0.44148547703581964,0.23278385696177978
0.39542482690092207,4.398189265799022,-0.46737274737647416,3.0322841732314156,-1.7469873649151197,-0.12459611904174267,0.01904110211098764,0.15095431295397585,-0.006743092747534488,-0.553434445712077,-0.1364053657645093,0.9226948370556637,0.5056548814039188,-0.4959009728751208,0.30772387765978154,-0.5445972972582277,-0.7423733749697377,0.631286472133267,0.5424280903614803,-0.26155863589779815,-0.08104710160879662,-0.5545606500188621,0.8646198913582549,0.4022226379645914,0.07629143612835287,-0.1327631079249456,-0.0264239617343019,0.9027749141656208,0.197667493782959,-0.5547028018768532,0.07004478522224027,-0.5316129344123574,-0.1427520345374215,-0.6511780566606169,-0.3934418941659414,-0.4376643386231133,-0.3816690025013482,-0.044371693872188485,0.1551521728620168,-0.5044968933239761,-0.24336642307548445,-0.05362309961757389,0.037022175165690625,-0.36540925293707505,-0.569133618954345,1.023630213126136,-0.7852827800920412,-0.5181301957545429,-0.1390685502442818,-0.8419150849232858,-0.22864799628874766,0.24169078014826714,0.02111518288335675,-0.3441718795745874,-0.6512403485460017,-0.05534136265215052,-0.2903924817296361,-0.8282017656388921,0.7162438825914663,0.09277932891123271,0.3857753431347584,-0.03152010108656135,0.30772765831165305,-0.18656461110489708,-0.17575774234748323,-0.4442329006398179,0.6749686425260223,-0.2558532107878799,0.14807933334609102,0.240603948152831,0.0768559206965849,-0.06907207997415835,-0.36481749292781274,0.4660527369412399,0.011777526544466382,-0.4037599991253689,-0.028438335743261534,-0.48260154879932454,0.8648370859787079,-0.047709302301783406,-0.09912156879367885,0.7427269749166676,-0.42785738565466214,0.0514969016909422,0.23595876866868237,-0.1474088032000586,-0.4489792319409569,0.33421063214087654,-0.19003845206678474,0.07805866485122695,-0.5993798241106716,0.3851044747562728,-0.06373915533301724,-1.4672965105013454,0.3510220464583513,0.2516850828176259,0.16784543650423203,-0.45376206644417294,-0.23413548974750162,0.3082001050865541
0.24966949383661888,3.0586478667096313,-1.3759681531937982,1.972905212389837,-4.021685586213885,0.9771934172023178,-0.037479986736680876,0.3604801494484103,-0.6457202447198965,0.17430410344809238,0.031429452074628605,0.7448615303149364,-0.17512113875969115,-0.13878907036822474,-0.19633146269731244,0.7139296155352246,-0.16922754481396388,-0.09313974645942252,0.1895546458476756,-0.2313731329844165,0.46362021304283574,0.06598913653818167,0.3318232339234575,-0.04390108697819193,0.34531102189471535,-0.8862970606733093,0.20547370267185622,0.18222261688511998,0.232416739175409,0.08790437207573985,0.10191202574541032,0.03543240729911901,0.33383539050370176,0.29867262275119666,-0.38239750050362914,-0.05657163377933688,-0.3491483848480625,-0.21746658965632654,-0.08402974615907029,-0.3847169541985526,-0.39977406136242843,-0.7269042140698477,-0.18557654834170875,-0.23215888771710855,0.45051263647289497,-0.563021240752255,-0.19522555655892754,0.38086891519882626,-0.18670508711253517,0.7164849798089341,0.49508392365951115,-0.17447373788840687,0.2166882998890465,0.6853279084933773,0.2181933276415427,0.6247410312762264,-0.2740558857034259,-0.14367227188066703,-0.08595114760529955,0.14785554816332702,0.10888906900366954,-0.627414501877924,0.17435372786670644,-0.3838420968585319,-0.16058115750318164,-0.587875561211114,0.29425866928287286,-0.2903924831986005,0.369071115709034,0.009732177326956276,0.878357718788964,-0.1840074308482232,-0.2735104371492689,-0.23859459705699834,0.37533034046873026,0.9475416905138168,0.3521683017964968,0.3126362643594153,-0.5915154230419942,-0.48223563821723425,-0.020017974337950297,0.9987387977886961,-0.2082163152373178,-0.19098830199027403,-0.08889857092022922,-0.5874234563589762,-0.32810237539310066,0.22207135567382724,0.8404672065874566,-0.903011032834679,-0.27498879348247884,-0.5817217032604209,-0.4075900110477737,-0.16468383413033005,-0.7320341647567197,0.6180374464487898,-0.348422822849345,0.17197384023078624,0.43494586653164313,0.13779672530838794
1.8592795651249432,-2.1263908649995837,1.3516155828601206,-2.854447442225398,-1.0949369576215817,0.6364062340780121,-0.7901750742972455,-0.4579835168163896,-0.08534101717568116,0.27150443636359545,-0.17639494460336066,0.4404627467178469,0.5795799093915196,0.05984769019127156,-0.5697459701776024,-0.5825874609553187,-0.178171415473092,0.21765379978424104,0.02469367538573976,-0.11099932357139689,-0.1336763170697552,0.15618249005572835,0.34893337973613725,0.6769241434822171,0.33402389412730377,0.020652112007062868,0.2643806163115062,-0.47708318700007557,-0.1463600871141748,0.24297997919897427,-0.10657857157392137,0.7043925900985574,0.24284156505785362,-0.3931260330775061,-0.19582779521512084,-1.0064131294832885,0.9711154204104784,-0.2714858868985162,-0.18638886095871848,0.5677726553903923,0.4035087949471529,-0.4445139231156034,0.48884762247042046,0.35068518414683164,0.685987573071384,-0.10860590992187172,0.2889143396209256,-0.18169681560557974,0.21243758363226953,0.021774727366695792,0.1643059359504404,-0.27032587952515946,0.21934985107395583,0.5133966891512084,0.32814577622950725,-0.8545621665542661,0.17395088995564953,0.4903601676207597,-0.36077968695604384,0.9374091378945224,0.10766066033112179,-0.2349205446015254,-0.5327561524964175,-0.34723176604603534,0.3063864827703652,-0.3066043069804953,-0.46341137061073817,-0.12708040769620133,0.4831960985536953,0.1965370641541146,0.8600818969670729,-0.02836094585789225,-0.627971793537712,-0.3412591307152988,-0.2503848845154745,0.36718417909829837,-0.5484444403188579,-0.23767277851480684,0.8204439099533831,-0.2604384598467556,0.10742200101650326,0.43179419889551884,-0.338849491793471,-0.33988009943510566,0.5458335958353814,0.29377666677990133,-0.09519539075434179,0.6037906730800805,-0.37692377236115987,-0.3280462395699392,0.22106693179345793,-0.9474801639063843,0.2663837908642099,-0.9274458932783208,0.1968380247396311,-0.14062713155114717,0.7660903169544918,-0.5378688334554055,0.07842485554940215,-0.5783808372489039
3.0769989356270693,-1.4895577659831167,1.5623238431027946,2.602350874300168,-0.2870247665368817,-0.30503466293677167,-0.04091971408818928,-0.5067880100312357,-0.7162796027901714,-0.16873212947074281,-0.6423054151149796,0.104561459342658,-0.3694560753783442,-0.6265307487428942,-0.17391436537133584,-0.22506188300637042,0.3072066532711844,0.07967157566242623,0.4860741888638785,0.17581261695212444,0.18766117605639882,0.16355557605396337,-0.6967031329151808,-0.19035941752708624,-0.007079372020545702,-0.5134628164099598,0.298138925212642,0.30893353812839797,0.057208287831355134,-0.29619316428526377,-0.07083369453165168,-0.40267452275670074,0.2222157501808895,-0.5472952169276256,0.6493207613463287,0.12386160011717905,-0.22360734580392166,-0.4678365260368158,-0.6064733075022387,-0.21485507698567977,0.4288775892582322,0.0058618351129985985,0.20883248695586012,-0.4187104100345337,-0.1797832698290106,0.26837430108978544,-0.7691829229516681,0.38844667587697007,0.05509487127914896,-1.1902275046691444,0.35642255972587755,0.47143013068882444,0.05473101275708324,0.3517469658023332,0.017359756850980037,-0.20281538060764354,0.7398683260417778,-0.34477109265809175,-0.2984895869860819,0.8993517922886745,-0.49876894019180557,-0.5359538551337383,0.15727685645033523,0.47718729785514474,0.018149567543904694,-0.22660906273746048,-0.4306420226563951,-0.8412093960511653,0.6024859719328618,-0.25834491825579253,-0.27667166743397914,-0.27064667034395873,-0.10304491949084597,-0.08566447133388252,-0.5284641296775843,-0.14182350149735234,-0.5221366421375866,-0.08174874365871208,-0.029335301721021483,0.27507281921479365,0.28103749003216233,0.3402113651585729,-0.17475734169113902,0.028068633077108204,0.14633494124210542,-0.2968534918777391,0.23714181458593594,-0.2590439969120978,0.28227518356142944,0.28171987755027583,-0.34088206159560824,-0.2598740468273834,-0.41883220506100355,-0.02183203215827938,0.5774601887851099,-0.9643026683714294,0.166902504809236,0.10214104519810893,-0.15266331503147532,0.35282204036659415
-2.340138684026917,2.3706599202177996,-1.768314220385974,4.033838306393915,0.7810887777546982,0.10057631763213126,0.07420843636742287,-0.43433151072137544,0.5735635276648682,0.07653663682757311,0.27234656827694176,0.11447405440243152,0.4220919887768525,0.342790222804478,0.3193116501658384,0.30259916397245706,-0.3115191964499416,-0.514636828655327,0.4004959702651688,0.16984995272320305,0.46532881239581997,-0.1849513458483603,-0.3624026266044714,0.315884486693711,-0.8221903923869741,0.5778170332802631,0.030027190662092043,0.3444745249282594,-0.3270453699348092,0.3675882400422596,0.11502961425952249,0.11791453491243027,-0.46581760535199584,-0.4610956365838816,-0.11693710549521052,0.2737324103857123,0.8314265701987754,0.25018265430638714,-0.26034737669805624,-0.5564948888064934,-0.4943325030142043,-0.06383239193698809,0.30761743028941363,-0.815013593282147,0.03690393103103719,0.5389026369486234,-0.35510985427755876,-0.4656389302813885,0.03656346730681901,0.4538325034689492,0.09193620441981303,-0.20830457688136242,-0.3817969342675333,-0.2135010144200777,0.35188947798677933,-0.9527035812921789,0.7298280461454586,0.342594584717442,0.6317641915141122,0.32280614749125125,1.0285670696464901,0.7794871185237442,-1.3128025168204531,0.7364643731082753,-0.2127946648925946,-0.1626034505939451,0.03952729119762287,0.5981009101684308,0.5695405285632449,-0.203986244208287,-0.49688222439291807,0.38446423495812004,-0.12051132074730204,0.12790669209633207,-1.0314889721934388,-0.45244892587794766,-0.45214485066364907,0.4655341279628923,-0.6728148773627438,-0.038100195684100946,-0.8902648396919526,0.5695470958432508,-0.7445096750690875,-0.03215591814547995,0.6284245420322057,-0.3013764443501524,-0.3196523718789451,-0.7993920948753802,0.002115366444916388,0.6816984616538215,-0.4885508247523769,0.805542526910627,-0.03605215043304785,0.07836956721737437,-0.4728811039346642,-0.03999961484910934,-0.42541293774185207,-0.7908350096832695,-0.08904310776621262,0.4875459788547469
-2.848359306774567,-0.4495587756692241,-2.112086859107652,-0.2098819948817181,-0.9569760537920993,0.5308183068209726,0.2692445155618989,-0.21823850130154007,0.8065793837637384,0.34128342571459946,0.5845999023404433,0.4212774197730095,-0.15182514200810318,0.15912030035149838,-0.5530498891055449,0.3162666960709041,0.43938205242569633,-0.27993900782923786,1.1152701883170582,0.07646107332500546,-0.47554173239907344,0.28634095696888684,-0.59015752140602,0.3942006907572765,-0.28938577859185827,-0.6479516785416009,-0.5300178280999596,0.346496660124591,-0.3266054991010777,1.1527857706740787,0.17390305013827173,0.2914872169121224,-0.4478656138952171,0.09585733930059792,-0.8887055441619857,0.3920501926368607,0.4156226665557103,-0.3136020311285456,-0.19804706947436612,0.8297360542715584,0.3872881338293435,-0.22625602220365718,0.3593257201904841,-0.3784693397478243,0.0969069409216294,1.5329632506830324,0.6684254723685489,-0.0838996888465118,0.09342438818653122,-0.27721359505185683,-0.6062862755149923,0.08672868833066319,-0.6255639696061882,-0.2899928001667259,0.16270409840475944,0.20332184664416517,0.14925676720711104,-0.5554040201144989,-0.03421123889252028,-0.06324857877584336,0.6849981986035337,-0.4325955248449267,-0.6234690830178755,0.3788179179100059,0.6467064225392549,0.28486280636780104,0.4879450351552654,-0.01151571588997399,-0.6963842399056548,-0.09792328969605232,-0.6696132864550156,-0.4833381866543466,-0.5454478126159256,0.9404157219484455,-1.0342746721268363,-0.14394630366290606,-0.008011509971463266,0.3371379236210516,-0.2294193500606545,-0.2552022174769664,1.2463304393840908,-0.66761058554321,-0.038971128371338294,0.7529246083785792,0.24784884370944,0.1376159885298814,0.5427379309134625,0.3763944353062029,-0.511391284209607,-0.251505954031458,0.17377933246060512,0.162088030219927,-0.0888914704139437,-0.5688732680532805,-0.09883342546026216,-0.9646435361578994,0.07513848353640253,-0.15522425620257987,-0.030853510414131265,0.3254260390092789
-0.17654978493146217,0.5906163475010506,-1.0732449150711336,-0.16609159487254008,-0.10857103490994469,0.6331384283048872,-0.5950424425285048,-0.22081143376828602,0.02759465719700077,0.025136742393282983,1.24273574876719,0.0049264709661002775,-0.2334372756481706,-0.045321427699452056,0.32764545018189106,-0.37897362673398904,0.8833149889295139,-0.3915131695751231,-0.23194294591521544,-0.5513068783823115,-0.1893362301863275,0.010618771113647929,-0.5247608845425198,-0.39287930679602,-0.35706976019483405,0.017865281644299142,1.2340006314391139,-0.00021763719264641116,0.31231563705681004,-1.1751348331562408,0.4400270061844772,-0.24212117793107193,-0.40457482130038364,0.5826006128413928,0.3579741815715254,-0.744992413589024,0.11406240185434242,-0.0009682531487514642,-0.29067509882320813,0.034462328421257855,-0.3834068072484946,-0.2867110124788482,-1.134752662301584,0.6631658637520859,-0.435500148214318,0.582516376643325,-0.6166456412026844,-0.35172559007944426,0.01071062873959868,-0.05936971228156506,-0.4632831309986072,-0.1417851428003122,-0.6222337936594444,0.2061594986255251,-0.09623823180843122,0.314075353509558,-0.1326824162201031,-0.5405125455834255,0.3133020809725901,-0.4447917988287968,-0.23182301097733618,-0.1083805934775386,0.04441062034567683,0.11994920062611648,-0.006973069866295244,-0.14845241805913437,-0.3568916696963821,-0.11469265195295228,-0.049209556286198254,0.2856599966793688,0.021433676211656563,-0.11620141884817023,-0.2659482913049018,0.25493023152093724,0.0014239592427219199,0.008937606454234503,-0.03939792794766207,0.4061545207154697,-0.21125413525677703,0.13876282347857158,-0.19708570113996712,-0.63176090012799,0.08148440453687239,-0.355961270465243,1.2573016626289188,-0.27290881177625687,-0.5925908053599075,0.18311830313770444,1.1393458612357241,0.34033839686156514,-0.07258044622408256,-0.2566314638961759,-0.11644419408032608,0.032852359053465625,-0.02654401507883179,0.4877180056404934,-0.1272191861735133,-0.13041893452018155,0.0060598928492782145,-0.31599098730537356
-2.218290169179933,-1.0557805065064136,0.7845190723518994,-0.8798954302019288,2.220656089813339,0.20154838971558553,0.010702992844486234,-0.36229169887044665,0.1661933759584005,-0.7188475473452862,-0.06221558562332953,-0.35924770905260756,0.35760439227534163,0.19719600241840052,0.798047878991223,0.5940378313570365,0.20802584057153456,-0.4998423847741342,0.07079741205633738,-0.12601359223458142,0.06572098910210064,0.18486729617677436,0.4240441004886851,-0.4679422700081152,-0.2923872121786558,-0.21797308936718096,-0.06363578029650001,0.7849279468505357,0.8516198246550097,0.4476040586059748,-0.14709020338527384,0.02151286796784423,-1.322350579774836,1.0942435490293414,-0.048215913204970824,0.28467805502222593,-0.17944136103782302,0.14018061647195543,0.2934433940828271,-0.16854331231365874,-0.3103548851293223,0.5089085565998561,-0.4617552812162475,-0.40485524412745844,-0.4717293830057955,-0.267828078332126,0.2745005514982761,0.03788397374444325,0.20770393333618525,0.04506771615005468,-0.02744855391769906,0.4123416540918002,0.09964944595380053,0.7029287057293948,-0.4574237918124834,0.26090385435620783,-0.43121946329173666,0.9628202216824681,0.6941905267553097,0.6134869462525194,-0.05111978465693903,-0.03558856363015257,0.15564794882820018,0.3012765605422984,-0.08323903514293975,0.17474901911613114,0.4167103429503087,-0.19818580887095916,0.030474707865307205,-0.12522878670519488,-0.30997192507034393,0.6687656752169866,-0.599341465495464,0.2607502245702459,-0.4457226615712018,-0.1412276702560005,-0.42925936295281886,0.23035506763465086,-0.03677646305064509,-1.3785725550366668,-0.6292596030730354,-0.08228041533225217,0.011668339845685521,-0.6971120232623631,0.32862896041441647,0.006475778549716144,-0.1620292800815342,-0.07724745185080846,0.521729555307681,0.08078573805732259,0.07609447961183458,-0.49519774697115504,-0.12149969231283554,-0.1088245409606889,-0.37797924440266284,1.2904815865596877,0.8805463475271743,-0.23188421801577327,0.10088484920307593,-0.3605837946762826
1.5334206867406837,-2.6147395107917735,3.2394432379440588,0.3153268969873792,-1.1690332390818228,0.20231670340730262,-0.6574562398383476,-0.14912793906852412,0.2924108058297902,1.050407787039773,0.5353017668823244,-0.3501278338151233,0.664348394687766,0.5608242945835049,0.3032621186151253,0.016819175478949278,-0.23645917917079842,-0.2200260151993813,0.856332715316117,0.046959808878653295,-0.42356876106257735,0.24052139509993886,0.14003445796568867,0.330731750235804,-0.4202927838412273,-0.2554219650453253,-0.05065078671969639,0.3960803277523967,-0.18072071316192542,-1.23450401919735,-0.22073824881540946,-0.15451573852168865,0.5474696344828955,-0.4793250817409344,-0.3439459809700253,0.08625015826938949,0.2509314550263226,-0.39809405119956276,-1.302163334189604,-0.9473085381472688,0.41150203911096883,0.21269369645647151,-0.3291415863486594,0.8911243847883411,-0.12640502572165344,0.582288797434478,-0.29854936787068875,0.5776461216540814,0.37104132402645407,0.037593293448036504,0.44826038878311275,-0.9645983480576088,-0.46081710882998717,-0.12087517308117068,0.4433968404175425,0.2752164023036873,-0.5755891474046694,-0.8795125904065919,0.15905461531317838,0.43943155601132783,0.5135425584983477,-0.13480228531658356,0.9428419785202095,-0.28084513238091047,0.1159894595572298,0.19264581036384146,-0.07830695573217952,0.042870361719852174,-0.4172043292456446,0.23933368757054285,0.0170451717042075,-0.031608903839784576,-0.47040861446028565,0.490574773957254,-0.3758412398958036,0.44874911143607715,0.07906242098938412,0.48359517175682876,-0.0013038408132726924,0.887940788871807,-0.3205606426375742,0.4711596980446055,-0.3929882087112637,-0.38902728457025226,0.41045324553189577,-0.14912751193004403,0.9503106316894232,0.7067000913024595,-0.643387322271548,0.04502986578956298,-0.6738957111622241,0.048217623309033376,0.27290934278725126,-0.4348212147329651,-0.19512417131015317,0.6308689073472684,-0.7079771492954116,-0.10945120592440113,-0.014069881386870367,0.2513253496856007
2.1796017432670887,-0.8253623460661789,-5.708806120278834,1.8713752109195416,-0.3464500397673925,0.3107049838017726,0.06434076244416558,0.42556796476109965,0.41690635668562703,-0.06647763334136242,-1.1100633579769876,0.05288968130034922,0.05672292641858375,0.946305095903695,0.19473199677420042,0.2280764852025167,0.6094276744131596,-0.5844376478390639,0.6681458653549893,0.2890858127262127,-0.5234611437882488,0.1914979977933838,-0.5848133995103794,0.2507298579742119,0.3897009946777645,-0.17152897568238804,-0.11638892320963731,0.31574474842477546,-0.16714112203317832,0.8191365701289207,-0.12827439287662515,-0.46088669813029337,-0.07594967339198662,-0.21085677263010363,-0.19822058899932965,-0.023402101548211256,0.4795975555805715,-0.27465433228714087,0.51755515390047,0.5309599638324481,0.4318269024174982,0.33584720856384415,0.37668119422106267,0.289015134441341,-0.623763874434438,-0.07461672942610725,-0.6185609760367531,0.28496823973119906,-0.4117692746728689,0.6132623466745344,0.23355237658695058,-0.09721191708227124,-0.10558728237747159,-0.1768549506577477,0.10931487888426475,-0.6044909460564901,0.08737671260542607,0.3071724250892943,1.309032545085349,-0.34783303746126915,0.11413026814404689,-0.2272340786646304,0.007787105319176138,0.5501853443823009,-0.44935320162984405,0.17370228692499262,-0.12017877618769485,0.529455753378252,0.5120245673461025,-0.08957281125358091,-0.0035195049587573076,-0.46052676839262274,0.5918671534368535,-0.21038296658409514,-0.5368854049522365,0.46302727569439417,0.05950219535663306,0.45960625462124305,0.27922393730440415,-0.07768190434494353,-0.3532332045151403,-0.07162703690937999,-0.2731112461097265,-0.3828901163797767,0.4284103705467933,0.10441471698234184,0.7602828710726901,0.06117055306929687,1.4197590732427958,0.7590017311890745,0.013525928141999146,0.5081932613498545,-0.014404130688899916,0.31747807798868255,-0.27164231620676393,0.888940333245113,-0.938385946865975,-0.8140179090262888,-0.1950056792150851,0.0030999011696730785
0.3405873184152397,1.6792177179441148,0.5093937944370313,3.4443435774618085,-1.2553569327555807,0.3939585252733922,-0.06784050294299411,0.15746802050647213,0.6605141839817464,-0.16564395814172062,-0.31832637464291763,-0.23569718564017084,-0.5656944570198051,-0.18229685854090769,-0.2967986411389991,0.45232714049389167,0.007382064983630449,0.43792953958264796,0.028160334927862553,0.6488630290580298,-0.29027014765903564,0.06930243520460443,0.17702900952875428,0.19013550902321544,-0.9756046902243097,-0.018914089839788862,0.033348738184233936,0.14821180588847105,0.1600412695095335,0.1440055155912854,0.297492737625602,-0.3306927400706778,0.7361555668872832,0.2439511901108147,0.0008115978813248265,0.32763698528141655,0.12217406776049035,0.6431840525737648,0.090729445789237,-0.3717773170442729,0.22405959527430314,0.889192992943272,-0.3814251683061337,-0.3052159635725042,-0.6890098681498289,-0.48194859764584747,0.3898210633290539,-0.514326435347623,0.07849615765127164,0.5122799729393843,0.3115068195200715,-0.1823166966821698,-0.9424401144925799,0.03951437699366704,0.34693914990763597,1.0225975060934875,-0.064011727160582,0.2674848849938817,-0.3901483162888441,-0.3212789766167046,-0.38538191440374503,0.5569017120323198,0.4858293723730531,-0.40240839131127787,0.8588466636042013,-0.8936624364599829,0.12135106304053901,-0.21822683382269198,-0.4095642083426955,-0.7334713570563809,-0.5874671068432215,0.012175757348994364,-0.41148972163396286,0.5679798480657566,0.09975004676729807,0.9319462756963556,0.4704704850628534,0.026963164408298605,0.1295145620399659,-0.21716667612203205,1.1932693660292637,0.41217958659051657,0.17437331996180253,-0.214923641844087,-0.01038389664531245,0.6791792456201204,-0.3456885348027018,-0.08668505765567067,0.9827113386827895,-0.835922650454616,-0.21480224959208663,0.8468059846739248,0.11505557850000393,0.4802061117828176,0.0035277240967991645,0.31449753525997504,-0.2409305216424659,-0.4063485965490537,0.5430570546557533,-0.6135360111576763
1.221899080608578,0.5754693391261448,0.842855198839929,4.640964151265791,0.1792880714392851,0.21921019234035075,0.14187216422904134,-0.5851427776145269,0.20030486949773618,-0.03344376055694175,0.00010806754081549331,-0.3662328494503665,-1.1500070373955495,-0.7511781740232638,0.9034662799515798,-0.18262348540216,-0.8590987653345893,-0.3769026239458259,-0.13353759534207552,-0.4310618235196551,0.9551097443617728,-0.15349934996159248,0.3868114724292077,0.08140027433055655,0.2860616075168647,-0.4211910442224661,0.255501129063445,0.43748377644350217,-1.3418180389484482,0.036987783779754604,-0.287866583737796,0.5500869419761633,0.10727288712637378,0.11358766385735553,-0.5666147930570214,0.2992936150329033,0.07950091727076235,0.3968646228354312,0.794851558822435,0.2478662816933339,-0.3831698713952756,0.6921623625345447,0.3544150016115071,-0.12123874487408579,0.6349395194363976,-0.32670681758994824,-0.45443720214918887,-0.22328903951374304,-0.1536870217547272,-0.1550811154206537,0.8286091239358326,0.10021816251379487,-0.25166684347430834,-0.04117952250178958,0.6037461037546934,-0.43183837023241967,0.9070208474145349,-0.1826504965561883,0.4491598908672314,-0.21053591303216268,0.5904750545789005,0.07925071095817436,0.28264490760800626,-0.2512368971002721,-0.46446087624914667,-0.7747344352775072,-0.5824942949129192,-1.4097823642049967,-0.409468889740673,-0.10345861058911482,-0.38031768808113486,-0.2987553149472367,0.09015669198165607,-0.4618648151623305,-0.10624420720528066,0.506354271472989,-0.005778570462166272,0.09097672542543704,-0.1468598687650679,-0.4769684995972745,0.08109462704291849,-0.2898846791463441,0.10808226894846602,0.6074858079335173,0.6924599396914556,0.048624232807295546,-0.16776133531989781,0.5795707817589002,-0.205664744435601,0.3745287992943913,0.23835846191828786,-0.44822063054188604,-0.47502488629745504,0.5773757166775676,-0.26605741512628217,-0.7336127053855765,-0.5348388584197881,0.5177022006837283,0.21506989409199392,0.4705609507227795
0.015207535044337504,-1.41743747120373,-0.7427067174264799,0.9670378528082082,1.235241158352188,0.299727484959967,0.5623333579486122,-0.6997070367209155,-0.23594841171066977,-0.4272398828070504,-0.3444494685128638,-0.6798508070463145,-0.40038738940345187,0.094542974283767,-0.11997768731955646,0.8865502086148485,-0.74081784125632,0.124964798365439,-0.5442535949375761,0.4122996052638924,0.15871599374515266,0.5141715489057344,0.04060555554989988,-0.4271509750722299,-0.17802866701137615,-0.3724320760245292,-0.17085588016260078,0.5269644706912096,0.3752626109842884,0.17561683182747326,-0.3298932194132651,-0.3793186327588599,0.2618771106550627,-0.2847131408547784,0.8447108594543224,0.012413772362263993,-0.5712498588955769,-0.03309256463720389,-0.5231999494302957,0.31706447684010447,-0.38635245588082073,0.1283550697780274,0.07673734897292744,0.20640490250124832,-0.15288436751597143,0.4886038726096155,-0.23804002373606917,-0.20435360977167338,-0.11620576073644215,0.4057669774850097,-0.14261974471006006,0.11410922134633586,0.4883846397167195,-0.08508664468418536,0.6420554917368079,-0.7192797051990214,0.2877839823537253,0.15661157618954671,-0.5590027363035713,0.2015780403555892,-0.29620913186255365,0.5921358119536637,0.4246215114445536,-1.1847639423912648,-0.39357766017563006,0.4036484702932338,-0.04962879835354872,-0.18986722938734932,0.3822876585314912,0.06347132419249826,0.42361545663392675,0.04585421986982795,0.1183977426510742,0.2180708969881755,-0.06678440344457094,0.5463071678182345,-0.027467334040514903,0.5244397409986487,-0.12829045288573776,0.1329115182261361,0.1104120191186116,-0.33733343948507527,-0.7702064814870029,-0.15110503899219901,-0.5204086410244494,0.19317630402813546,-0.5372207989562356,0.8761540049344344,-0.40816126523250545,-0.12009011888665638,-0.048383207179470505,-0.20077279209462898,0.6368982550104015,0.021711462127369876,0.21957383467735092,0.7035427460585153,0.22335328694942544,0.34878267783815337,-0.01234171839498908,-0.26604669603361736
-0.6635849313159942,2.3963969506688527,1.3073119136722393,-1.495286278230154,-2.4527158587272133,0.1174564620640546,-0.10446610472306432,0.14960263540313107,0.11567424636384549,-0.5184580674458751,-0.5319243738906806,-0.19832632834940395,-0.0005508480761809949,0.21727672304888657,-0.5564322917125278,-0.42716622503039997,-0.2906850601886524,0.293183818429164,-0.47499721762146796,0.2902503274223325,0.6031829929414437,0.05505162499006877,0.42694611689434764,-0.036719672312771644,-0.9250353432007182,-0.19253516964622452,-0.33495875050429236,-0.8200690068527188,0.07605755515277669,0.315260539101048,-0.6193373813082408,-0.055339865175034565,0.1194636574348457,0.4572301010008768,-0.8893520139430738,-0.34473266539754555,1.152406046380578,-0.28681694669320074,0.549609058137847,0.39588299370339486,0.6082691212125398,-0.23404543639048128,0.23675574627752116,-0.6397634324844376,-0.0455496344580042,0.42225201436815035,0.07640078046190733,0.1949077911290189,-0.4681837028106401,-0.7466922642009071,0.07669624070267837,0.32955624125080246,-0.46754590166721516,0.08490067229886387,-1.0833535421298086,0.1318395690953382,0.6662001673111171,-0.48006819777082727,-0.12270464922259107,-0.2335809599967765,-0.5559045748756638,-0.31363947003624165,0.1327409077179551,0.5114932150574538,-0.09398182263747841,-0.06663473704543259,0.3039543149072379,-0.3923358257141727,-0.3903087978490004,-0.11820980692921121,0.20230970445357746,-0.4286635337080284,0.25068499636425123,-0.023031496471937717,0.1463282365024082,-0.6903604930142884,0.10958337012235542,-0.17990266493222218,0.6381807493556837,-0.2926271487789662,-0.4730961593492159,-0.17789328220952358,-0.28821620528724756,0.4614979586478996,-0.5020457994582394,-0.7026770119822626,-0.6519868347625083,0.0976430991706474,0.4222404572946356,1.0942555117117072,-0.03268865863264161,0.25748694180929044,0.05161638877545118,0.006322270291993943,-0.5409719276330632,-0.059695602172781866,0.5796168214962675,0.8055655568302917,-0.5670753482719836,-0.0719399634947473
1.205447541534783,0.7025307061030628,-2.499047392102583,-0.13400516508025107,0.8794895465194449,0.35724481585198525,-0.4283371911915943,-0.5406866814821677,-0.8252102281436152,0.9021237835550248,0.4360290059098087,0.2473172313386335,0.2836542599887624,-0.4556467292637272,-0.40211248758246004,-0.20473143049691592,0.43127568455615406,0.34859982868345507,-0.01171338169310521,-0.837871506360843,-0.6199957605093813,-0.5113304317990892,-0.12552339977565244,-0.9152746783582738,-0.19852341861276174,0.39552517686085764,-0.25758130916656735,0.06984488874872301,-0.19247619466871835,0.32207105221690585,-0.4006629002329536,1.1003761314269596,-0.33343527416316365,0.7263623225240321,-0.134945523580575,-0.16398816529074636,0.3631973712003828,-0.618761413333755,0.010840987578330082,-0.531360966981048,0.3268305884182124,-0.37125518810414193,1.142769654400637,0.1146260377361157,-0.49810901188987894,0.2770238337243175,-0.06790218056134982,-0.3015591679318202,0.6567084817172067,-0.19792300337622398,0.4014886227358778,0.730089798768027,-0.15154359578295434,0.5919131884312303,0.22591862393849807,0.2285941207833817,-0.3441557357238307,0.22481003878305755,-0.3825863944533816,0.04715622465916145,-0.16154065642295806,0.4642376932025577,-0.07698788984428355,-0.5299292121877965,-0.28872169259545566,0.34273714275908146,-0.24821821843953118,-0.6841125637213141,0.6975423006591351,0.3493996717167479,0.05742326471370374,-0.019101544857641473,-0.18859184002812684,-0.8765606322466152,-0.2687421749610361,0.3344078731226622,0.4625870279102079,-0.5232044093459131,-0.5896545950860941,0.18822679643594215,-0.14007543030374045,-0.9167040486189033,-0.29914724048981517,0.3617475824053896,0.08793605957254454,-0.5622141324579318,0.4305301403204893,-0.05152578285370125,-0.06866443795906911,0.22434318436501027,-0.24865167836377416,1.610514158889986,0.7830174719713525,0.6559707509020895,0.06625451870884108,-0.3243591805381279,0.28282265875966917,0.5059542195668851,-0.3527158195906199,0.09038742025503348
1.1740714461950774,-2.1689425386050374,4.675075196004656,-3.5603281561021265,0.7453960142473,-0.24565008528581767,-0.33393147678135954,0.4938057751246028,0.5519401598003819,-0.7848521943972181,-0.24184915098860046,0.3250320340751547,-0.4298057811950965,-0.44849950198445343,-0.18858408631923756,0.35265057943946704,-0.004503945422101321,-0.04630682064925934,0.27250436603274375,0.06199506302196888,-0.08488221332511739,0.4424836079193501,0.27075184737104047,-0.38730434543494385,0.18443485245171448,-0.16981076253491725,-0.005610652337304561,-0.05742776955405038,-0.05071405393901465,-0.20540431254540684,-0.8490095855708921,0.8534755494814832,0.0880790231706001,-0.6124489230359198,0.026402220560247564,0.09494627627809459,0.6202707170903171,0.19558531562218598,-0.06722582108311373,0.1844982189641396,0.15878155797192553,0.06782156085470707,0.013526058172441499,0.465453530573703,0.30329427326313074,-0.4403010910781555,0.12442448425343884,0.03329685642433136,-0.4745088278276136,-0.8754416468883424,-0.23920835700791557,-0.3177340760580613,-0.05291533756209586,0.12319356895931201,0.17301181291722473,0.03621520425686773,-0.2560521408176723,0.1902417325015427,0.10117480402272451,-1.1054887518744136,0.6229337126269064,-0.16364805395063856,0.1670768702745555,-0.09226942307399245,-0.8513690889813308,-0.8408929822813755,-0.1525904750857031,-0.9269727744407283,-0.030070656451587192,-0.2918937104930044,0.890739381034581,0.14966143172106308,-0.2843079130865294,0.2766633307458454,0.4624409387089643,-0.4641254863450858,0.3197769261681067,-0.46620407539413056,0.6614272453487602,-0.4584000356863261,0.0310336354265081,0.10709962880489914,0.22208503562597592,-0.19719667666557078,-0.1739802628073307,0.4502741520834327,-0.221439194256658,0.017696229668384307,0.4558455656509424,-0.2155768609111065,-1.0476088086940452,-0.09809846330055481,0.7396489401251953,-0.1942141283338145,0.10085093148263513,0.7373578529509593,-0.08348882964367815,0.45712487294508375,-0.017174692173940298,0.3921074471281378
1.0629079903932914,-0.5504648496626237,-1.6613656481776666,0.8793188685665582,-0.008401964790068606,-0.5392861722230724,-0.5197442252797148,-0.6643791719871254,-0.2719105956380972,-0.024496794548363555,0.08093649201979042,-0.06097711756890717,0.2697747725064089,-0.47751954969533295,0.0790507728231245,0.26818170310069733,-0.2229284066693935,-0.23542445478994783,-0.4502227390681148,0.27564556865466605,-0.19632629825919332,0.3568845658772822,-0.689103474055848,0.4457591915163824,0.2530237232400791,0.4243220746140725,0.0271062807313419,-0.42626489462357114,-0.08703254966683205,0.021900779488408725,0.21810593064765205,-0.3278808487406128,0.3347202306727938,-0.16933956449059584,-0.19488663485002836,-0.1635596492357365,0.7441870668945214,-0.2391422702918494,0.45899631667180646,-1.1294873866714155,-0.2961996734307085,0.4241980378750758,-0.3052907862297432,0.8581355805781148,0.2859170326573052,-0.4248665384209203,-0.352537150722346,-0.555328531610091,0.4101515521744425,-0.12839769171889195,0.912340687080157,0.2947317460497577,0.6190584937644138,0.08428251435001193,0.27344448959327367,-0.027521860321939835,0.17264525052281818,-0.2607138481878476,-0.21480280892324913,0.5027730631564444,-0.04717165672702285,0.4649723781261524,-0.5197608776629196,-0.21681316181623925,-0.26333050189633544,0.5233333240326693,-0.7574819365065812,-0.06117787086825702,0.3653608350836561,0.24049900215274442,0.5179472607154266,-0.7467384116164565,-0.9582744520753597,0.02251485624989914,1.0765782156329187,-0.4438977348629784,0.009617452400914963,-0.5340224587039412,0.6695527863450157,0.13877466773533978,0.5546973833312225,0.620663336790606,-0.21757432654300307,-0.926630461743236,0.43477276939807824,1.0002255659338821,0.4469972330153897,-0.9841979557385064,-0.10940216986888353,-0.35794970899537737,0.07615806845411707,-0.19524368940180345,-0.8346253062941734,0.10083681277084544,-0.4993549656212987,0.48483006397067546,-0.653288609624572,0.16569695357463782,0.7313896603840692,0.1609923118267548
-0.39071826005047045,1.7637371352274334,0.2534537369573031,3.852065831163912,2.445141163290373,0.013313456017799326,-0.020420727984953146,-0.47236518585504883,-0.15162704480884093,-0.6206221891285469,-0.6828709410170715,0.2892754909281123,-0.2766062867327037,-1.0243123352002328,-0.08583553836293467,0.3414014374154432,-0.3013772562546914,-0.45954537856296035,0.22850479730899267,0.6465087276877823,0.7529020984448062,0.21252833986035571,0.3426334378167383,-0.3695600224715463,-0.6181811210527274,0.41780724009719844,-0.2792715998779042,0.5184541823282027,-0.4283131772216126,0.6535855209845269,0.4418391666040155,0.7088052146109814,0.16190736387268406,-0.9778276333097747,-0.8145896258310478,0.09643866207745776,-1.1471564229808886,-0.293481099223617,0.6631217628612115,-0.165391910628817,-0.033076113854436526,-0.1486825889829891,0.19253105303708348,0.41729320314809926,0.9946916504771803,-0.4442142240962583,0.04462175373195169,-0.8825279274244292,0.11232007094861647,-0.19312429204266937,0.12103595346766326,0.45215097236822976,-0.42783131389475804,-0.3484884362151415,-0.26310659458821173,-0.1699835417880225,-0.5642314942450324,0.1149694832481829,0.35686046291302237,0.00653147934323291,-0.5730793483648449,-0.4548268354896214,0.20488323727872468,0.3834045856002755,0.27846400652185005,0.28710535106405793,-0.030619179200914014,-0.09213956666607992,0.7453043176182369,-0.5918266854599573,-0.30055447504297916,-0.5455146232178336,-0.5151042037335136,0.23535301183770385,0.6889816679130205,0.3980995011067285,0.01753802704302171,0.2863906980062075,0.7368203543170391,-0.32924852994955983,-0.3447985173429169,-0.6388877675538053,-0.8942275107975817,-0.3348103704725751,-0.18151946787289686,0.4714258117610461,-0.021380105619634736,-0.002195023130795762,-0.29615067131916034,0.46937422550284674,-0.8944224333961462,0.08250747622435803,-0.5803639056842331,-0.13904841533299436,-0.2876693215690707,-0.9087311454917305,0.23180137446278307,-0.052518426137279056,0.34623562423136145,0.8588871802626028
1.0836344813402257,1.2897042379279229,-0.40965539213584157,-2.5351986757030263,-0.9433759056673704,1.3006596029461701,0.018469054068197918,-0.7391133083645534,0.6225781216781779,0.09912637934684448,0.717923032286713,0.39617907833081434,0.4290314640068454,0.5598225685937724,-0.837787586743545,-0.02844839021556824,-0.3806776895135181,0.924024126907601,-0.03240589466727765,0.309011533479667,-0.14186068193660126,0.12074892958680718,0.14413997693075806,0.4265972060196873,0.43289678954209276,-0.2537444879701038,0.2327679436872338,0.7135134052772967,0.22249475449893327,0.5127330864955392,-0.04506878197027349,-0.0643307703251602,-0.28602384042993867,-0.12315755352518576,0.5123653699559573,-1.0686066437792112,0.454097995980824,0.568397532279658,0.006582105084120165,-0.40268843858767844,7.71610350191768e-05,-0.05765959893953279,-0.682027979849494,-0.24990157910213592,0.2615073932047607,0.3217820650944452,0.7838523108760693,0.10479232135826001,0.17671139975028072,0.16980656144049622,-0.172246682189127,-1.0207035524518127,-0.38020333746641544,0.4335415022226733,0.06865521982530197,-0.8535009462227453,0.20149282455119732,0.13600345206485256,-0.029685794494588427,0.10085352873219836,-0.25583059721248197,0.10529720968797145,0.08528597502205885,0.001007483420339227,0.09412780719057333,-0.19304463342203496,0.5227686331048259,-0.6162022531404842,-0.9472004304324874,-0.11681238597919309,0.13778191771216178,-0.35885340608992733,0.46763018976600346,-0.5589086006694367,0.15139524947318694,0.049104659511727745,0.41524966727877044,0.3777080980973136,-0.8073269704655724,-0.43203176318922965,0.8624533073361752,-0.007200829368003839,-0.7098170720672535,-0.2849205931231103,0.19014151940630722,-0.41415834511553207,-0.16503213434431796,-0.4883526712114363,0.16158270834156524,-0.2615484161298571,0.45977039815556153,-0.10254721077890022,0.19603611744601984,0.1382951629216009,-0.3289041099335802,0.04052384731204405,-0.46313273493875334,0.4364714829774039,0.6796444527322807,-0.42905095941801225
1.7347628912661657,-2.829683929744374,1.9568590687506269,-1.6830784674593189,0.7250810493613387,0.5317675651267696,0.07177640622911007,0.7351037533892185,-0.8607543359422435,-0.08551706829891899,-0.025671540905522035,0.5682285747367464,-0.3829155005907535,-0.48334725145890406,0.277385165378535,-0.40242949671162226,-0.28342290137905074,0.20784595434955827,-0.48419156184252726,-0.03532341850577044,0.203620715898342,0.3671571398358022,0.1366228382627073,-0.1479914742059259,-0.006261465268272314,0.31809575061250733,-0.0781661982288191,-0.3811168980379096,-0.40562954386449773,0.2641886863550491,0.10215612563797954,-0.3307934072734765,0.7930452200221284,0.512699675244535,-0.05675780990873125,0.006481404537378391,0.6372584243819487,-0.1433605288473109,0.17387560196136528,-0.2478224320420752,0.032525204868370655,-0.0630842040577273,-0.1586635563596759,-0.3114097932193848,0.014440915771715941,-0.12337736260802504,0.38620016688464986,0.4201141736513748,0.1712659115833886,0.2533289440696024,-0.8398917262328072,1.0093099827649665,-0.11008848711764255,0.294314341022476,0.08694891373426927,0.261541703653119,-0.12732315854530138,0.18810043170295368,0.05622238632267716,0.1718629998250992,-0.13432328447585712,-0.14852457496115207,-0.2796790861863393,0.39649486373871495,-0.30101529244546743,0.5755873251069067,0.37169779065155656,-0.7061820069557726,0.964803867223164,0.4568701732462138,0.5007524845226503,0.33529719487456033,0.009607879722007329,0.5937186959028717,0.10801880855075345,0.07809162989491215,0.3020474386828787,-0.17509117269868765,-0.33913789171234043,0.5189989314988119,0.7676373804710994,0.9614547904491839,0.2770584548714326,0.3217464567729235,-1.0923953942305369,0.14252899327664997,-0.6413129298814595,0.23995474356400087,0.03350193803072383,-0.32414811426475865,0.21076118324534987,0.21417705915140095,0.21705890307289247,-0.06899897227807307,-0.8100337575977264,0.22619028611405775,-0.20339923057099238,0.20021010118932187,-0.6771615935188471,-0.8333285978819095
-1.4598460099503234,-0.1687061564515998,1.1645654999922441,3.915258267104551,-3.242519220042626,0.3443271253238688,-0.13422918817940185,-0.4823599856624972,-0.05644732051655737,-0.07922396535039301,0.39063428865909255,0.4977587610257622,-0.18463701792559767,0.15973785368838717,0.2273384687466403,-0.2565511653818629,-0.43672075372614205,0.4987729680113926,0.3723191093674961,0.17587196747195813,0.049089577221066,-0.632188676172622,0.40187795546834504,-0.0470601436021105,-0.0372143293596279,0.13868640015807357,-0.42816427320248895,0.33470041603470063,-0.2775305741808918,-0.30865150676163056,0.16898686596968174,0.06164670024054008,0.24394264487155487,-0.7782846401612751,0.015466793367056149,-0.12194072665081705,0.13144099203822557,-0.2426713023123722,-0.041591038515801475,-1.089058541604582,-0.10713663154859276,0.12047464978796053,0.01186697130477796,-0.13997974996261642,-0.14736648866247423,0.21865948322642595,-0.11304178573443253,0.09695792399416679,0.6210088982428926,-0.24474431548684344,-0.31162736715414535,-0.02536281450795429,0.27345618838784136,0.6932408942804192,-0.18847160159704135,0.10803004475805729,0.1910183151667424,-0.2140406760058889,0.5817025631129358,-0.42504172636464355,-0.16066812249032195,-0.4251852101540873,0.07632288783696116,0.41465202136639,0.22173695706689772,-0.44480036146007823,0.35912446942675136,0.6533272444087577,0.3274599767999246,-0.17319837719620615,-0.01696114359239734,0.145328171937072,0.016135315599558983,-0.6998450164961089,-0.2204405418918062,-0.07117812922532295,0.026110164816952476,0.758024510513011,-0.2752276617051709,0.1046362833968614,0.5409471356557451,-0.4983842049626375,-0.09557303365125484,-0.13758819591833674,-0.24968349401295978,0.1302135154272848,0.014029630445491076,0.22121576593591175,-0.7142483307144731,-0.03690268345688089,0.6324639869747826,0.10749152844231352,-0.034443455495318756,0.2742275101433531,-0.17282965822306215,0.42188069914956544,-0.305337238886475,0.006575779683415494,-0.47734533765697157,-0.5227610589958529
-1.7248200783081153,2.0105109999752737,-0.023760038336670952,2.0603077382405335,-0.05558384468656312,0.04310839333609304,-0.282231075780739,0.5281434656532004,0.27854211899889997,-0.037235909956560634,0.299361410540737,0.39347914024459474,0.6371272709549012,1.1893591330163042,-0.4333526313125673,-0.3138421073444724,0.8445350060119823,-0.7392900973808069,0.1820402069837294,0.05782075305882141,0.45404190120693916,-0.6002553163579248,-0.26522905353424703,0.3652713492604337,-0.36170121843944314,0.2571698162638324,0.14530184486749112,-0.701428649310406,-0.6127623626051463,0.6299101299484879,-0.016195647231397343,-0.2543495052194643,-0.0430030090471669,-0.5890950062058044,-0.09335989532806106,0.39336527914991154,-0.1948790553805234,0.7696785067570525,-0.08000153993328603,0.3601004261168989,-0.4357285406682485,-0.20182938263281636,0.27535625706637,-0.25370981351880917,0.4254983444937861,-0.19759893298626355,-0.6913935570229955,-0.3977408605776648,0.7655261416631784,-0.111547660445876,-0.10089967015162794,-0.10409600281653568,-0.35294054458155827,-0.057312727163546386,0.27777991322209955,-0.09236544456998097,0.5806562526520886,0.43083943367775823,0.15512207155224053,-0.10508282335451251,0.35102861937578467,0.2348637052656303,-0.6534150878359847,0.7496800160270861,0.436992449921831,0.026806986476531073,0.15192245980558414,-0.12110191193737342,0.018738076200749607,-0.17751082683256705,0.4443958782259097,-1.4015918136385188,-0.24677218434959164,0.6368339226308926,-0.6789386793583245,-0.6458426606607272,0.14032355144982475,0.4601268941258292,-0.0748499638022172,0.22430577749783406,-0.28538112201664045,0.768260364054817,0.6771555960260015,0.020832949706622538,0.3424174126436965,-1.113653466727284,0.08087514419238011,-0.005665251852606861,-0.15843984922065907,-0.03500669985745256,0.06437327387583103,-0.1974122677813836,0.46586787515981065,0.4503714882465995,0.7795521718130025,0.390545495870204,0.2133772418876535,-0.42788707448236596,0.3770107113432713,0.18749074290649356
-2.335057218217452,1.1454078408406638,-0.9037007481825263,3.6796667014261657,-2.358616529386879,0.2469455798207484,0.12030864027623245,0.6405515392897986,0.5399400199334579,0.25588891451951723,-0.28657277443681484,-0.4207783122393583,-0.07833962004343314,-0.1014195869613649,0.03815177056099853,0.10998902801691193,0.3011953752375628,-0.349433287331683,-0.1071782762119177,0.23657450090920723,0.15411985551456736,-0.17493557667158133,0.19219444438295394,-0.45373240344197197,0.9364389198499153,0.4937221017812886,0.0810741460971289,0.4293268248960265,-0.46726142362031226,-0.9672195151721671,-0.2990831473202996,-0.7100995362842523,0.5165710846130864,0.4599284690706856,-0.029542474979746065,0.5270924412648794,0.26711735995637714,0.14524632801752663,-0.45550047867612464,-0.6023233202572408,0.2937949219587223,0.5243588164837834,-1.0146819903347772,0.0899161662737547,0.055976774575108364,0.5687829894201356,0.7237726691150459,-0.011974929607732198,0.2720700575436066,0.6059866886205417,-0.15812039295027774,-0.0032186364373640473,-0.2952487416608603,-0.23343108835540288,-0.8155359520416433,-0.5981626148264608,0.31738782074631977,-0.9647084624871962,-0.9679331166439507,0.3484282865313129,-0.7479445866429844,-0.01476037214668381,-0.5737965786677599,-0.07092386731315388,-0.3837148956312223,-0.12487484443984789,0.4175759734773148,0.08858800619299377,-0.5415677454664373,-0.12127906985878041,-0.1964139479200217,-0.12572164895158838,0.16823513660705755,0.9690860927138825,-0.7351863637411619,-0.38447111477565327,-0.04925663383225353,-0.2781232714358209,-0.48311727820331035,0.5306725861570923,-0.32278021046890387,-0.28054664527105583,0.40093606498453643,0.5137726369155642,-0.512422258359466,-0.642105538479489,-0.017897087744105613,-0.2936577496649932,-0.01746311094267571,-0.5009352118078533,0.45075106342792554,-0.10855927618834928,0.23809562689472338,-0.20650406907660554,0.5194108841035195,0.24235712389885358,-0.5162976110714387,-0.10516462595030333,0.1298495554382122,-0.4673996739357911
1.6329642383439342,-1.3837390802574139,-1.112752438613901,0.5722886359184336,-1.486787701174914,0.15625369078147508,0.06470421359312212,-0.028525407240773806,0.017044920760313977,0.1913558311137081,0.1833565583844436,-0.06415593986988799,-0.3388953134903902,-0.0038619524178912183,-0.24277427736843638,-0.03063460879418315,0.7769941031295736,-0.6500443539309466,0.33283893141225585,0.06657088204128209,0.25757114662443886,-1.0018250519679868,-0.417947581767298,-0.11770750430293225,-0.7622560060709623,0.17169824632223124,0.23022486015802807,0.25280219709945856,0.01513902585498108,0.4444563901352936,-0.5385250002410856,-0.9888646600230401,-0.6004261131514511,0.49662068115691066,0.47724113566501414,0.029722288727425182,-0.13808027520342114,0.1543651648400756,-0.6963244485775563,0.6319492768677575,-0.10052624463367037,0.05753654215352021,-0.5243668855252748,-0.34110958910223965,0.296455521954181,0.19763576704944047,0.2512443671147046,-0.11952937082702214,-0.17752960748452715,-0.8168931845086354,-0.7445510639028186,-0.3899728839803011,0.2762508113619731,0.21948094964246914,0.4104209346107328,0.5094968487704833,-0.288833883584957,0.2439013702126804,-0.7590534465851037,0.6047681368254516,-0.32624103768733903,-0.6266906616084967,0.07853857151859571,0.3636977902594872,-0.07205219852284617,0.3620746739366833,-0.19261203365998272,0.25131899052200646,-0.25490833875160823,0.07524889872886145,-0.06456364431283623,0.5162021286028396,-0.01884100744754459,-0.29493812101559436,0.5622796084496178,0.625977672285682,0.5473440309756725,-0.3718804295473309,-0.48953957745796595,0.3013926034398582,-0.7114701156633607,0.29414327439524335,0.12866913157337317,-0.46672198439096163,0.49308867527700617,0.07925897318447164,0.005060722928436338,0.5645915572622537,-0.16099008094076847,-0.4495228485053075,-0.19992445400142303,-0.7850999421373513,-0.4949994712459264,0.013153968556551139,0.3068294733338485,-0.5316845863258166,0.2668897507868085,-0.511496629332744,0.22126490803571716,0.5491145805542401
-2.25030450569335,3.823100455179989,1.277247060777372,2.866439352141741,0.3757390125094164,0.022628398918892425,-0.3018334749065161,-0.3241435916764775,-0.18842164448087903,-0.44047225694251096,0.016838185752641385,-0.3766841347826485,-0.2456640434977171,0.30230853650222306,-0.6673282453913086,-0.0034170591976769747,0.09851748074951437,-0.01889627217953017,-0.029426689879225403,0.0661145898606466,0.5641423321115313,0.49885630478002174,0.1948942858646028,-0.05367009227342519,-0.012288246587253512,-0.2990374483149807,-0.2640254894676484,-0.6225239883045918,-0.024818907409157032,-0.1660180732815267,-0.2020629861453917,0.2831267182893035,-0.020182457640782064,0.059231000502575744,0.4687146082100921,-0.23064823839327023,-0.37848575153037767,0.5138865426372514,-1.0963808882941142,-0.3714452043958648,-0.21615389448341404,0.4148553895652318,0.057291997491073325,0.15325446767769993,0.23884963184998786,0.2919208260879157,-0.14870383612896476,0.1562469154795824,-0.5930321404886102,0.1537217050252684,0.09378268028868297,-0.49295837682121535,0.7377184391292826,-0.005746973105555206,-0.2864700513940735,0.468529089939524,-0.7320571929735759,0.17306242485448722,-0.04200861864762255,0.5280092024662564,0.6476885740873084,0.32580465675762377,-0.2334120171227697,0.2580636533086021,-0.36306963492649236,0.22385848311358203,-0.5149977046031037,0.3897998215053432,0.754969527087632,0.6307326928932395,0.5644079281274609,0.24773222053888025,0.4196274906919309,0.17615110067784082,-0.387815823501937,0.49365709105792105,0.6616216220508296,-0.02903531629512715,-0.5681835305367552,-0.8122982876032624,0.03945701163576066,0.3029694495610634,-0.14751641386800685,0.4607821743273206,-0.3272381584325245,-0.6593568694078704,0.26965268830006395,-0.33705456722820043,-0.8250788032323736,-0.277177257476088,0.319756167942856,0.38255045705115587,0.3591168238153339,-0.23613485315452604,-1.38252363635104,0.11973889642278804,-0.7456917210790622,-0.5155686739428025,-0.018850394161897557,0.07477996212791968
2.9940907632914535,3.990168064622795,0.6038035662551475,-0.43143072980625086,1.1141876166033984,0.011840067081249352,-0.8390525932505012,-0.03419517614159474,0.5482292421739556,-0.9358978052835034,0.037820410090986294,0.0174533281796513,-0.39968766977149034,-0.5836604321052308,0.7993391473976512,0.01756885460580557,-0.6628540842345932,0.25707944306955993,0.49654925973371145,-0.5755343751097518,0.5108968999502093,-0.9385795911704703,-0.13389288853930684,0.619139505783094,-0.08670490169914616,0.1778547239079001,-0.2273113842736102,-0.04460805137285831,0.18471123236118914,0.48697629384874447,-0.2199725925431745,-0.14547479982328573,0.37350040156770736,0.4537812119470687,-0.3323793787165329,0.16452840699041316,0.3037720231995014,0.06718582571327367,-0.24545364509158227,0.28722432825816363,0.5464103542950993,-0.32950738653065365,0.22327170476718336,0.1370412828808249,0.6642644445598623,0.580880997873455,0.7171164168085165,-0.4887695761770581,-0.06817806450263585,1.1863692371259726,0.20366437541033428,0.34904769364418636,0.35958407083627564,-0.14889020890204907,0.3989074855287533,0.14830820801101552,-0.6755274540714045,0.03251635466462497,0.29381224032170045,-0.4728904371138144,-0.8437554002974545,0.650059206398981,0.1585062324649901,-0.8921410274404722,0.49789475769582625,-0.5433351086879081,0.3368517063568665,0.12603807657721022,-0.1017048521474219,-0.5096344428281305,0.092965221264641,-1.139026499361402,-0.48757590021266867,0.007027570010450127,-0.26153796467188656,0.8134894040835845,-0.34769424589116277,0.27577772723366123,0.18661790318286017,0.7593688196585939,-0.17736706443046477,0.09044182145336035,0.0750232363937133,0.43173957878623714,-0.36309738681043496,-0.36506771955878975,0.31620623831163497,0.500314038218864,-0.41099625353586916,0.5383346651998864,0.0720180463110606,-0.9824183273421978,0.5274499525353861,0.7490684738930744,-0.46447000299783797,-0.6332618178796495,-0.14014447689108375,-0.1453886326377068,-0.3052863270524084,0.07272075651948892
0.5859998401438639,-1.695900768607412,-0.8749788290285611,-0.6160977289845078,0.34900723160979175,0.1462497210239531,0.3467428613829059,-0.1742051250761787,-0.2151890370015088,0.12765120470406696,-0.22510250112931834,-0.07007650769443075,-0.07369486571430127,0.2393324762323897,0.4902317441637572,0.2685008793664517,1.196550897932315,-0.14552666518385282,0.14090914630620058,-0.6478816550298191,-0.7287502943975174,-0.18599448570582897,0.18883858598038977,-0.07373997181706136,0.09241865008692407,0.17810787099137912,0.4078982288800872,0.4643875079430868,0.30646719009898,-0.4431748852101786,0.324472048825631,0.3483254597410943,0.16587973840571663,-0.18817393482835196,-0.1325200724416169,0.44120778023780644,-0.20681650767257254,-0.4225789515157874,-1.6299426380856725,-0.4110015023736421,0.20847227332461113,0.31465195237062565,0.2914764601093224,-0.527637218931738,0.30480421715637546,-0.184584991232242,0.46280597069419094,0.004135180575770371,0.21404875014834487,-0.2045548872081896,-0.18164234203261717,-0.06974215233769807,0.6313425628595899,-0.1408750277257844,-0.21996448099773416,0.40083323234907586,-1.4363761478198238,0.20780725798779373,-0.49773575174525736,-0.3823844541931265,-0.09037770141965666,-0.3605171970348063,-0.20120110789618856,-0.398598761105836,0.1990934638643363,-0.10367543620484118,0.14287985329754876,-0.22717761929365773,0.18852336987703414,-0.7079960110987861,0.17565253024410804,-0.300206913235007,0.735312083649218,0.30266304377159686,-0.6943207043767594,0.5940281145893871,-0.5844971886823576,0.213283710122827,-0.27809235809395555,0.1488731655624449,0.08942749118156179,-0.8820364128601516,0.15612003059122384,-0.41342267691464823,-0.7667393334661933,0.18414947294008155,-0.001814011913636759,0.23333618865173178,-0.4960990820359374,0.08250929936571409,0.9449032654073636,0.16021531159196709,-0.0009309939463989046,0.517355664851981,-0.4150537053558999,-0.1165987261087683,-0.002483143465032947,0.12158802934302547,0.023030670232203444,0.15542160783123202
-1.0531826063690741,-0.15323900697043782,0.4931984580669193,-1.5053287336818217,0.3058771929015909,-0.026633833728286566,0.5200822907908821,0.37144611183976745,0.09159168362667446,0.25243702311343724,0.15198969191441222,0.7429623085103909,0.1420515801602917,-0.14879718334990502,-0.2771651441090399,0.7042169623096176,0.1380180222065484,0.29637623693265075,0.2183884447134704,-0.14045661886119673,0.30060177372100505,-0.03533317175263059,0.1447982352113975,-0.15387343719316646,0.00514113614892575,0.7328597058887718,0.4951923909557477,-0.40541248687338877,0.22572945923631593,-0.9468896862160094,-0.10376400792834431,0.3022892906738266,0.2672941569362717,0.2958973732312182,-0.054366300998096403,0.12466168199499522,0.19818494951514073,-0.6188472042607822,-0.09494551560650875,-0.23363011441205442,0.0834265048650948,-0.21074772432698644,-0.07670123044533103,-0.23831888315319544,0.38587077760893385,-0.14559551971146462,-0.3129591017242036,-0.16400575251619426,-0.2125021134020149,0.1355082626297175,0.463599116389014,-0.3125635780298305,-0.1133795133877874,-0.1415987826246791,0.10747759097044134,-0.09343143153318073,-0.8423577710099646,0.5659674000174024,-0.1605694010982761,0.7294674193736804,-0.22539172436921745,0.22632334589705186,-0.3186512920778169,-0.17692867598562834,-0.4848420133892026,0.5111584435978165,-0.6159254067048613,0.11316379278435128,0.7103512310125185,-0.06187651204134917,0.1645750650302306,-0.10816116031676115,-0.8097421458035059,0.8026388967235771,-0.18808300206119707,-0.14571486249269214,0.5075951472086967,0.10958569575699335,0.47472504104733604,-0.6521074224319765,0.7927859033194408,0.2624448086038714,0.01779622094777615,-0.2821488098631551,0.10604905699802018,-0.09071264928201954,-0.04119468080307926,0.5842241485318489,-0.49005319556829735,0.28692192349155293,-0.4131668379061826,0.21220166830008919,0.536885152736529,0.31301322926198477,-0.0966013411395572,-0.38500199009120656,0.27417259253725246,0.5816154203314359,1.1538949958895683,0.2996659240916876
3.9044148337144238,2.6647748025083358,1.8436845650846088,2.1486123363379996,2.281104538704145,0.23175516714326683,0.02445452348267534,-0.28130479743325965,0.5269130614252991,-0.11903647834451304,0.4761885270686598,-0.19293222913651953,-0.3658689425979647,0.21615848404295632,-0.029482156094213792,0.6272776634185566,-0.020303423377839785,-0.18794880305257014,-0.454005625720138,-0.4701248186202607,0.21451202585055357,-0.017509672936498313,0.17699628352413363,0.08159445365978786,0.19253415623713,-0.6027756732373821,0.4689872452551776,-0.27599570342631,0.26432960949347334,-0.3352156632649148,-0.4092983401859578,0.5695609783722526,-0.547858590934082,0.09128153974069969,-0.6164062713132716,0.12452307061716057,0.35476553331615784,-0.10637783761897146,-0.7608450090179542,-0.29176602049868866,1.0797222141915617,-0.1834256289223624,0.6593066435249516,-0.8490911727960981,0.5082135737815225,0.3142046302723643,0.11001568201213019,-0.22446669027353114,-0.5220575051687653,0.25193708900876854,-0.15444699407760035,-0.8053746470990062,-0.07675112031670762,0.340296306201925,0.3281198225795673,-0.11935436708152387,0.262333205934366,-0.4644414246426195,0.787189358192355,-0.1604648934840321,0.9742034101637975,0.011680251084773172,-0.21063406338722038,-0.2523758319340941,0.5472514563311759,-0.3313753170265845,0.1014461491813143,0.38814042678836413,0.695278405466727,0.15245937748682037,-0.005519341595756044,0.3315550359079996,0.6664294391837443,-0.03149965203346234,-0.2491800417155824,0.16765082502726938,-0.15542182649086156,0.2584179134647706,0.10050848573776938,0.058902966173557544,0.5486973905441674,0.16582666325744078,0.3214747611370945,-0.04467148537074331,0.9645996956908102,0.8339261743505365,0.3705179287429683,0.1793408140540934,0.6392292197962193,0.5591803412325658,0.3430773930551193,0.21231441717022106,-0.5529136340507688,-0.2760230241220939,-0.07593993893866027,-0.27332838410002336,0.3208890732100055,0.3429838628654407,0.16096760231847818,-0.14724959777604124
-4.184254246015653,-1.5778562606119562,0.027538269905554302,0.931585317808523,-1.8248638126059993,0.09992871363489167,0.28579151019903604,-0.3179548646893642,0.06024568371579111,-0.23210535219488437,-0.19975933476302582,0.2561838513567384,0.34780415976345286,-0.01789659116138035,0.9907716721447374,-0.18337527241089832,0.010391020062349446,-0.09918853058189711,0.5234913705842958,0.17215405225546496,-0.07440381989506216,0.5961854419803532,0.03191192118072562,-0.3551096330753825,1.213033989710035,0.21286651271621346,0.1728044151275312,0.1507871569392358,0.4011191352012727,-0.23913751319820745,0.47549972355893605,-0.17209564046861667,0.13862439717866207,0.44583313948638614,0.148106915239263,-0.6096175963509493,-0.003921410841752725,0.09747473031406859,0.42649623395724495,0.37259263521662084,0.5173105764930351,0.423530227081892,-0.0712133536799801,0.721781905561359,-0.37379079984956687,0.022075845945966302,-0.7184114985203832,0.19302839796912613,-0.7939731590172078,-0.16089202097410715,0.20646296035783082,0.25171100614644504,0.689274783709207,0.1958430555616155,1.0082834547939408,0.30296615090907925,0.5316541026175242,-0.8431862836921487,-0.5689745447839804,0.20616366014472098,0.07530982726922376,0.25049328826989864,0.2798561730351462,-0.14872038891670353,0.05303424185025018,0.3960348096328961,0.09500586846254422,-0.23942382116814884,0.375037953182662,-0.35228262443000236,0.9419557307678077,-0.17193640386438158,0.7320264581743089,0.026259927704157224,-0.05593816136933192,-0.209383743656258,-0.6825105005478418,-0.34376901577621477,0.34356620125494497,0.07575911333831747,0.623693395176017,-0.4029471599281014,0.46249508030850717,0.25529406179875724,0.3311811967580672,-0.2570738738871349,0.1587341084313315,-0.7909221321509081,-0.08182619029515907,0.8969206411695317,0.20368857622463676,-0.639338709607048,0.10382205400942877,0.6521364524092702,-0.4268427828152515,0.15061246447226176,0.14228607174752778,-0.2913084289038513,0.33602077802470776,0.7400568287720973
0.6275344849919539,-0.863802338818586,1.554835197708797,0.25937049900444376,-1.4879000046846722,0.39497640495917113,0.24490591147563678,-0.8362534631018735,0.2212085245834276,-0.25293228200700135,-0.12431736529932116,0.46560279469296956,0.005719612262240168,0.23440368234508407,-0.5285074483845917,0.6424378923146855,-0.12951278533191385,-0.4858399983281544,0.32998448480331594,0.48633539574301277,0.42049793791381135,-0.05068381217567258,-0.711117022219836,0.06571263767781806,-0.052688319276825844,-0.6064957989135379,-0.1224327084633754,-0.27893355064339836,-0.7512215114706619,0.36592913328273435,-0.209846316928094,0.3619211458031494,0.008309632194569094,-0.6722689183446344,0.608202613941476,0.5000561447127345,0.5153253472893855,-0.31213766348068994,-0.14551889050151898,0.2097161325714833,0.21683509878591933,-0.0732269714776654,-0.4737776570564179,-0.07129581791057614,-0.056391671171650185,-0.0931736877320244,0.4231709207691311,-0.1600029762580275,0.6080643596204566,0.03777843207149023,0.40788425444088,-0.4778108091605273,0.024078475690296496,0.17062609737664836,0.10672028908079303,-0.26569795741125013,0.12426931156861863,0.24277802151534753,-0.20808219907953165,-0.007776559166817313,-0.5161424674418454,0.2059705707982437,0.2681404435371007,0.17857534731213773,-0.280215604882511,-0.39774672674114986,0.32835387533512334,0.6656927934784046,-0.3692559536036826,0.026784293101643365,0.2554267968498394,-0.1249822233311901,-0.061037389966371196,-0.6562834025010308,0.12635877232860704,-0.08679655609450544,-0.07192472605647066,-0.6204090200758237,-0.1783427042044138,-0.5568375086013554,-0.328040473968059,0.3566640555952302,-0.34779376017886227,0.0313163008772025,0.13802457439903493,-1.0666133683295969,-0.7549858563537598,-0.517852356715264,0.10324127504486286,-0.34281436307358026,-0.08441085266972374,-0.3513976338839995,0.03932235893745764,-0.34324441047907783,-0.211272987143383,0.04748258053144845,-0.18128284931570013,-0.037706105992026985,0.38050488312944386,0.47384894300305985
-3.7925183135022063,1.2050958662550513,-3.930058499752229,1.7572833178183664,0.293327734234945,-0.3265862533285867,0.3468266512422152,-0.1303917098124577,-0.6668015632416076,-1.0917418863789106,-0.3584945911924068,0.04847609845064677,-0.6587253404220604,0.8300506049826629,-0.2532636554680113,-0.7803717200619696,0.5714437790054044,0.6810505011742063,-0.3396440570756454,-0.3563692927383909,0.0402428501998778,-0.05099604979987879,-0.4903818049002897,-0.09917309469632568,-0.42347642595867885,0.539282386644739,-0.04580847962199839,-0.12031995257706776,-0.03859663906966171,-0.44552475863562463,-0.06872666193357813,0.7089394179117502,0.3475448337469879,-0.1872381023527453,0.39067514874251036,-0.38078377154215537,0.5288610536727784,0.5700245860396367,-0.07423602506270635,0.06973162247298936,-0.050943783737486995,0.1449362018711235,-0.9973770226513519,-0.0721886139944174,0.39242795195658414,-0.175814481536711,0.24435168841486793,1.0884090249504637,0.13548813525933162,0.9703091042928585,-0.3032038842083854,-0.15585005396019355,0.04785225603522608,-0.3776076783511105,-0.14941212143106897,0.03685864062050895,0.5121954767674191,0.44104223999485964,-0.0992199183836323,-0.10901135484574435,-0.2580994474234688,-0.096309757304325,-0.004271640307768437,0.06200916346121338,0.09799264351161338,0.06484883276825945,-0.10655257409036883,0.05139257369067184,0.3639007935706514,1.185576012324979,-0.16764370004362414,-0.07074073201608605,0.720174046963852,0.8382000285468507,-0.9878262077500107,-0.7700011726429735,0.6832983919981308,-0.0010103848750963062,0.4967395507048154,-0.314316926813934,0.397440612931415,0.38284495532484947,0.7300046970239066,-0.34777661859464987,0.25012320575225977,0.021210729100006563,0.22533374789160843,0.1577948481889497,-0.6734519492596032,-0.5427436113650642,-0.6705797741570411,0.7261335964520934,-0.10202266278682844,0.44812176434466083,-0.7861422777240222,-0.1510287940004807,0.22093729252209998,-0.8557658173023103,0.5069262104428174,0.09595054503670157
2.146241509612775,3.71425988794572,-1.8980615599290802,-0.01794700790983894,0.09701808515324783,0.00034558566259402596,-0.17772204341591596,-0.07915825722010122,0.26978444423160036,0.47209940277209594,-0.27419923916124583,-0.48068664460733035,0.3547825971119675,1.0340692069553548,0.35739850872976325,0.1493454389143024,0.5389418780925852,-0.11019105788668257,-0.2470025421246855,0.6325213886407336,0.9134183747705784,0.2984668892950855,-0.01925388235690602,-0.608151296546978,0.2495499967866177,-0.37852955887264694,0.17242568185068832,0.013407845569468346,-0.3697496288202005,-0.17577924226492478,-0.16067692044843326,-0.2895780619272934,0.4477194776680145,0.31513327600586644,0.9475933071168242,0.15918626866026678,0.08519459553537254,-0.022504101527335688,0.4903144967550029,0.1278154556582106,0.02711394151907319,0.16470309673501432,-0.3075191325602807,-0.4124389867399052,0.059572467781308265,-0.4652126957161036,0.4689862158007928,-0.3178385741448144,0.21097475831006987,-0.15298661772576,-0.363945796094047,-0.02739799762973522,-0.4343811012998868,0.24842864451931895,0.5342385886593415,0.5655039514180492,0.28727325288357103,-0.24869335973836618,-0.39446769662151704,0.1306770540284461,-1.0633977113857347,0.08504025375671304,-0.03866785889328108,0.05977311355580406,-0.10879393211529971,-0.4617858376429776,-0.9180406859220431,0.3222397340713733,-0.28849935720801234,0.4535750125718625,-0.18523766279444143,-0.622389533890427,0.09271402499470491,-0.4305886122741488,-1.202107138437288,0.721437582201343,0.27042922351914545,-0.06979489535549495,0.18302107471564094,0.3301817699230792,0.3556969418205216,0.3250771725655973,-0.6132846696053347,-0.31783454849457976,0.15957731586740212,-0.26246424710405153,-0.003942244610454421,-0.40295216703116427,-0.08338982563988781,0.4054475798785929,-0.45310467940610005,-0.20488317339470935,0.5536118098597756,-0.11403208828105356,0.8761807789369315,-0.10143438278162775,-0.3769682819564114,0.17560418911285114,0.8856920951443711,-0.26611969741878216
-1.9024316018359402,-0.873743333460799,1.188948775729005,-0.14633368677872483,-0.4270976646707376,0.5922605561155788,0.04373279870353883,-0.06379291233406378,-0.8848995957076531,0.1694347840550256,0.6204634820483281,0.1427562489650237,0.4153504521345301,-0.06862267161827673,0.523944698068586,-0.5406210308064733,0.14386083154772458,0.2505992192689963,-0.5842142898862551,0.41602519386214876,0.26474868515148164,0.29868336771455023,-0.4508432315318013,-0.3478196224282027,0.595178419539804,-0.4343154352633942,-0.774043196863797,-0.5987130780763212,-0.4404595418700815,-0.27929724342670115,-0.014665272842742782,-0.007513777620654763,0.022127257783993926,0.5421654460970796,-0.1060824910781288,-0.43131132690608526,-0.2677344208510573,-0.01325293270233469,-0.12584829333924924,0.13249436646239376,0.04809313566628133,0.1819956571117915,0.007056203916755335,0.7003285194412537,0.6918476620580198,-0.1751457866385988,0.4070215167932243,0.12014497695643966,-0.03936157074184091,0.098200142604891,0.953750322732474,0.7841999527731744,-0.30517064487424234,0.11971497638022004,-0.6509685581709705,-0.252934592861259,-0.5514860782632792,0.3918802575152315,-0.017902682265990913,0.24737587912457884,0.7787334253883643,0.14912401923438504,0.2609558375009327,0.04027227531508221,0.6247638433626682,-0.040632682753057515,-0.5418002607676587,-0.5652973877062551,-0.041330271623482594,-1.5002262722585844,-0.25743332352201465,0.1259118267208714,0.24459782308143058,0.055829721542699835,-0.17663186453654853,-0.5679156615906635,0.25822394771240453,0.4757940522979248,-1.4070252776776901,0.047236177945080476,-0.272364423795951,0.16405432863995073,-0.03612976825067374,0.4967497664727196,0.21533404516165722,-0.27395565282146295,0.1321605193730745,-0.13313107348222258,0.6375312265111795,0.532323258967857,-0.5409679022543974,-0.5863096368067817,-0.6761147711813451,-0.4524532208242672,0.19979346266717252,0.6436599690138554,-0.38251273569370753,0.8524702109282135,0.24517614842595606,0.13856910924757265
-3.4909730381844124,0.9196968350738127,0.5581313747170302,2.523810443602471,1.7856877125346395,-0.6790046384300895,0.16747617687822086,0.0698712898275349,-0.3739227796571129,0.6425448812015865,-0.04502550167241972,0.48824513873551795,0.21486459797811067,0.3770408474134616,-0.11637910829770705,-0.21513876221098888,-0.10967046805140945,-0.40370457526994324,-0.029287044895177593,0.04489431572812517,-0.5792736401298598,0.05577971745414331,0.2677218271169217,0.9496059424076657,1.01121663135496,-0.3681977394952959,-0.5494562681536719,0.2737603689845052,-0.23114277246163256,0.07620105207564366,-0.8914147388139879,-0.6661205965420407,0.8500184579935944,0.3548387931006196,-0.22656016905695833,0.6575767197987089,0.09173136328434825,0.781831584217307,0.8104581441201049,-0.22458894091133455,0.14928348877528705,-0.5319020728048797,0.10031474976168951,0.45596131279364754,0.31887867232462574,-0.1540443894009438,0.011317819158288263,-0.16173814622851296,0.2474324920852813,0.049424760183408065,-0.25461921992053194,-0.6072157015801573,0.3644186188472876,0.6708120421476098,-0.4263500977937897,0.31146088883446155,0.7808201349483103,0.5613185301117776,1.8002468160020095,-0.05266614901438969,-0.17212991154932716,-0.2551473429369688,0.18210012391306557,-0.29352547713035637,0.28236319932839427,0.8371125954437949,-0.5928075264219257,0.7906187820384188,-0.4836314649740892,-0.577859909599885,-0.6915462868953,-0.6068529442950483,-0.6229104621473494,0.4774372567667882,0.13450111121411143,-0.07592799921256613,-1.0158474798448474,-0.31906157628185844,0.2028621807584856,0.11789564496862134,0.3530340745773653,0.4822334782423733,0.4123664177330225,-0.15446339521557745,0.2709674622218231,0.28186447862619385,0.047075934129429974,-0.12103189197687943,0.1495460505390529,0.7449939219532379,-0.18081680905223158,0.018800822627824742,-0.31632111246854133,-0.5792084663843643,0.24452400567405017,0.5336124746572154,-0.7288893020754271,0.29103008798600455,0.12761929919375148,-0.4456778632226424
4.786010954498972,-1.9274199862882642,-0.13449874358667416,-1.8400703020563554,1.1025685068883473,-0.0463404695739462,0.031921921978773,-0.2555825797027782,-0.8145557695186301,0.08433326763402045,-0.46730092432942594,-0.046930662400744144,-0.09846511084687216,0.7362707878566677,-0.516034641934837,0.6164414013087145,-0.06752133397015808,0.02664547194070686,0.8584026125878637,0.12704399769671484,0.27027600636319354,-0.5233940314465053,-0.160589435277065,0.0376828961408592,0.000849511971640097,0.5018530624645439,0.025638904098256685,0.353522715806566,-0.5528236276994754,0.07622969894881848,0.46474009396678667,0.20520501272216832,-0.679309092081297,0.748392462950559,0.3658527668039954,-0.44787702761992876,-0.6743332161792953,-0.6814887200443253,-0.6780168623293715,0.7676574074700506,-0.44853550541111115,-0.31383108802498183,-0.2138098077697104,-0.1362868487652721,0.10584193686697918,-0.7763393249309485,0.10470233837235089,-0.07623111678094763,-0.12774940890052197,0.06328694094648889,0.719554906497181,0.10155379631518133,-0.5086310961434527,0.06824740793611046,0.2732648739583233,-0.12426235225285043,0.4462433546997699,0.5088444768583172,-0.8833855195117696,-0.18810748538232366,-1.016247500209651,1.2154187906295637,-0.060290436166245145,-0.21545276335467187,-0.20260145595911072,-0.5113807282033362,0.3132958130873035,0.2789771097470484,1.086954016657876,-0.505117900492562,0.05933283160866183,0.014799755725925625,0.39749006311975515,0.07775171633021771,0.7050243122067055,-0.1551112813913922,-0.2770463907704487,0.5375018026988738,0.14143183257484132,-0.3469368811084138,0.3332712939598419,0.3226889869679215,-0.698374583267123,-0.5391178575439003,-0.684897831120362,0.6768216094244295,0.04780336120752419,0.09558587007347027,-0.6611595762560648,-0.15517729658952423,-0.6528426924951267,-0.04283198550495033,0.20111000912086058,0.04644742432364869,0.6055979517529175,0.197935807841922,0.7246507610544923,0.1565424754015489,-0.10987250648516031,0.02821123639607274
-2.145965738292756,-2.2654100119916767,-3.299439912976607,-1.2069694904786092,2.2564580623952795,0.08858561599673215,0.21978913683825663,-0.2965534841291102,-0.33870221033024095,-0.09811994985412982,-0.3627575345679012,-0.6212616271399686,0.12311930863906244,-0.08489592790740133,-0.02834713678621103,-0.4207965624474904,0.20571310782185326,-0.2759493631861715,0.0917360125854649,-0.6146191657668508,0.04096751863296617,-0.253662108737046,-0.30271429801974664,1.1060442127005758,0.2123283341761299,0.5222522723572903,-0.34458276513674363,0.5214949128382464,0.020070974043214094,0.5269600704728943,1.0042729746050467,0.04879860532048053,-0.27524543212979696,0.3976189848307781,0.5168420772957212,-0.4964551934084517,-0.03589165798536521,-0.6533603614665074,-0.23341317773944179,0.4237308958690277,0.5177619213865822,0.3421913105108258,-0.9055650486715804,0.6706777301346661,0.12664568436285253,0.2304194962935352,0.3101444870984508,0.48301659967122595,0.5862757435646225,-0.09076527263507361,-1.1260262852187735,-0.9169359612139367,0.70654171284069,-0.3869378780141327,0.3985198275229527,0.46106010677128106,-0.43189784648482604,-0.22311462846178634,-0.3077179497167502,0.33441383966816,-0.06579854247519594,-0.2785813924523741,0.4168034969906537,-0.08182313527991518,0.29699760536596487,0.14002633116759902,-0.5015608775460241,0.39781519691958994,-0.32132160477322963,-0.1563280712736606,-0.11928922900401093,0.5601662458702772,0.7520686746742788,-0.29931030130683134,-0.05689836604475323,-0.4020237144199138,-0.8582864395425527,0.4388271249807775,0.09556206156025593,0.4292364358783495,-0.13725256073928863,-0.526491232831677,0.04379778382489192,-0.20011878233643388,0.6117983594620705,-0.7468907088919786,-0.09892263049790795,-0.5153009103240268,0.2990952908092694,0.39112567621180566,0.28371311816805894,-0.21074005114759378,0.035520598108893464,-0.07167684953701642,0.6953020194669585,0.6012389183495531,0.09816836133749683,-0.058561208086300456,1.1077745740546487,0.33796154490678915
3.4731471406709513,-0.8966915019435238,0.07978168796815724,0.3181204876124806,-1.4307147833885963,0.5811402137454045,-0.017322007456583372,0.17253735652191274,-0.88175265015807,-0.3949063257131508,-0.2808622785865597,0.35395142239986277,-0.18971151596907654,0.5808958753966632,0.4187126090737675,0.24195769754930183,-0.4133379866933868,0.7684953354232037,-0.2821621656242492,0.3170903350181961,-0.14409958759160788,0.7391548832833142,0.5579784571854154,0.140197266063851,0.0605225094685348,-0.49694220558992935,-0.08372458386122733,0.8686966614664582,-0.35748173704649966,-0.2674247497820708,-0.5529045760087621,0.5885764835818542,-0.3412334098446732,0.431540126084769,-1.1446548293373953,-0.15102296239762475,-0.16274252738823225,0.039295453568660516,0.8638885886633857,-0.6421195871208462,0.45008235506704825,0.33078352299057073,0.30043501256948546,-0.3867330337476588,0.7954941323731807,0.9412774934380607,0.33034772270200025,0.4134241712830064,0.3055802841029436,-0.2431305634857149,-0.035617434781081134,0.433266101418088,0.6215790674626869,-0.1289286488901587,0.5120814397937438,-0.00838097085449273,-0.7990591100285311,0.1939071768222384,0.7619770170263515,-0.42893418289211677,-0.49648770147614135,0.20932615155976383,0.023073401580730662,-0.35363363919699065,0.15941461099741766,0.243923876410681,0.04670664628962178,0.32348621731917465,-0.7664941434909464,0.017000357741266372,0.12364969311109712,0.5560038388126005,-0.3761980003277448,-0.42600571088649225,-0.05446760925137136,0.5940467768854201,-0.23861999888530733,0.3074917011637079,-0.15200437430551764,-1.098719310724478,0.7768071617539559,0.8386864114850747,0.37413946993118785,0.25287374962740833,0.03843978845418533,0.41008633150249535,-0.029934877525283284,-0.13858406596680395,0.6931891426257016,0.7680360339616723,-0.4073977589088755,1.1596386120294262,-0.2065347653424788,-0.6092947243471601,-0.2199139984209382,-0.38275350200572456,0.46228817223548674,0.9212887109334359,0.05572481708453883,0.15238998579673876
-2.3973312736169676,-2.167008607904421,0.6180259651832563,0.6904538457439066,0.8107857000189,-0.33181032081094836,0.3943804104242693,-0.30103633897182663,0.6068400583402638,1.1046419467099318,0.030709669239281645,-0.16816066349613826,-0.595241627872802,0.41307955112130623,0.27866855388727313,-0.5278333634009597,-0.26897687843634954,0.46346723437293674,0.3196804384211103,-0.6274640650024629,-0.10996524361062138,0.09893683920637059,-0.5275170322750304,-0.3979828721501912,0.05829832969523522,0.22787450231564907,-0.9527077350408475,0.8333976338266346,0.3360873564394424,-0.012517476630759156,0.07085652203786841,0.09797343603615195,0.3424720734677362,0.20351306164618482,-1.0895263581299133,0.636458180090227,0.29257750134295274,0.31678158385777305,-0.4960118796076208,0.6547498145407699,-0.2705310352020538,0.42351959686818585,-0.8776025853952876,0.2743678566712588,0.3616877226622728,0.07991249902439458,-0.23668474279760565,0.025887509895983943,-0.6827315894709352,-0.41165357868160274,0.0750782786378064,0.0838000682850161,0.4371396831871667,0.4240934306633792,0.41929233327479987,0.23589515704737243,-0.21454380647617688,0.5743799489196815,0.9131144664451657,0.05692047741631682,0.071530793390768,-0.6451054289995765,-0.35458982168986297,-0.6304865966125103,0.40473098106306304,0.26506257397460764,-0.1928939022041468,0.2792543916369665,0.10475039562671576,0.048540525746572964,-0.1487850240843181,0.3425418517508309,0.4846916070332029,0.5035417192741869,-0.2365904049539173,0.7441908872150642,1.080359933792243,0.2617804077170946,0.2321050084244304,-0.3283527267547457,-1.3949440840751346,-0.2431225126147228,-0.8796267072758811,-0.05811210851655366,-0.41576485632668314,0.5344624960164293,0.7127377888312413,0.5870507022122834,-0.8332487102722091,-0.2439412172156182,-0.16518524822859085,0.13412476077902397,-0.25907276393084655,-0.36012473017889324,-0.26165428774831656,0.2713291156952817,-0.30806243972844305,0.20543052839354348,0.03100655605994586,-0.6270340827649342
-4.167675850039839,-2.809145952443082,-0.17571769359842426,-1.1670627958766264,-4.069602847242644,0.17207107822139556,-0.2942572820214753,-0.47214503712786554,0.2782804941616676,0.6502749990131607,-0.4652897270353376,-0.025912413790048158,0.7721738734231176,0.40121461754613774,0.031492981352997246,-0.08146583738898074,0.06595755645998662,-0.20685898130326885,-0.2844783338744382,0.7922086017114245,0.0028623457502796974,0.6465021944190303,0.07628240146693041,0.25908636734827095,-0.1353312467900778,-0.6143635010341527,0.4296383818382528,-0.20438337409934215,-0.3000866340743961,0.3352539282716534,0.05982427069334143,-0.560727812063228,-0.5342729839727021,0.05022348585675961,-0.09355431220952305,0.9804344431989622,0.007597828611062651,0.8337260838071772,0.2022293610801075,0.252380938670768,-0.4515168996166988,-0.6219978718485575,-0.3645741107729306,-0.01083961337213107,-0.1535407316675365,0.7262980943666018,0.21848225544797156,-0.18054382443710923,-0.639055543139043,-0.21310337147857217,-0.23151178122653926,-0.2605706951075512,0.649051699078696,-0.05968423419214463,0.06633647009491005,-0.08492065922594577,0.7647233566757169,-0.2945948551401622,0.08809510662836766,0.4630712746296897,-0.33396805174617544,0.2499169423215779,-0.2137022362523672,-0.5503165888829342,-0.5041054366590854,0.3519442121739711,-0.1491457735030537,-0.6308666914173756,-0.1821486430058523,0.26130493954896467,0.3954942105124412,0.016318041628613073,0.0024415754698293305,-0.1252347620163284,-0.24346643250435224,-1.1783954391708484,-0.19321955181671768,0.302375357962137,-0.7195254680407276,-1.0625504837585062,-0.18579381868399705,-0.2127098474297981,0.13645701760446668,0.045495836020633756,0.42980604971993386,0.216981795383809,-0.6338285374433401,0.1252479702618818,0.6934355228332911,0.5331979542568963,0.47927117537415664,-0.6301595717913077,-0.07367678883526761,-0.06592845886036454,0.2592369009893295,-0.2624631635216955,0.5691654463671373,-0.674916211851088,-0.27628496610280906,-0.37318096652218274
-1.7842305985435698,2.493566122395319,-0.2502041024013127,-0.2671071629129248,1.3348564477697882,0.5203035285090235,-0.037079064128959005,-0.2795322141574201,-0.47120109470314037,0.15593360050376126,0.12970570519783015,-0.22751530626421643,0.2733917507401516,0.1322960028764606,0.32999519032345853,0.26596494155706635,-0.31568814733723677,0.043343213282938754,0.3672914887244322,0.12990481277445118,0.2709492363169083,0.32036825305308275,-0.1136898718128108,0.6553577356991069,-0.8730025678462179,0.08882540106766722,0.10397150980734304,-0.672109304635436,-0.09946385941631983,0.17478699390702684,-0.5422195117435116,-0.5030096732309497,-0.11904511293862295,-0.3166728735766856,-0.12956502020606894,-0.10480605170783909,-0.32792508761171757,-0.28848159163949555,-0.9899859676531724,0.5858071090332833,0.609264399001649,-0.40928160708264155,0.2089560901096153,0.593175279708869,-0.22193184013797926,-0.2607608350888428,-0.34028081470468813,0.19431987183634508,-1.298735436240827,-0.18900987443147144,0.011716544453032529,0.3956361164167384,0.7275542075363405,0.37311680227847493,0.4888081446461286,-0.4758125807908293,-0.49961901200131253,-0.4444578333520982,-0.1370012917354659,0.14880802135048735,-0.35407131792265395,0.8202886356172744,-0.16912114829174163,0.48375146179304784,0.7178558899873847,-0.6259808138633072,-0.28862787670084156,-0.5833185581746902,0.05743723797863919,-0.09837601526725726,-0.5500823697607605,-0.015373018214575243,-0.7501737340837722,-0.4324450678856233,-0.15487265132658584,-0.8731105470315446,-0.3162400980379362,-0.7712907450193784,-0.06971815482018447,-0.13427905340170565,0.5514654617229935,-0.3364459955922521,0.2729199200147434,0.32058718246901713,-0.5000847690688783,-0.6157180570692741,-0.4650183947942729,-0.28685517316270037,0.7575610352704077,-0.2087143116023843,0.43463462000384206,0.8124868969592438,-0.192426081937425,-0.04988840281562107,0.21964744379813206,0.31657072660035984,-0.017480537440955287,0.7989411691444055,-0.20655673955041579,0.29410907109705436
-0.4956957423302054,1.057416218577757,0.3188062583846154,3.0375648191798206,-1.3539035547571816,-0.23782038775408643,0.6421870897213195,0.09634390985057337,-0.4998525689328588,0.47258975449993035,-0.1316884658469955,0.26404539038644687,-0.03909125611089481,0.1775856290965293,0.3440744773750245,-0.062392521701241675,-1.2077667786832484,0.20803203180838017,-0.6730810126063349,-0.4018677247692452,0.46492805666706327,-0.6433764999181961,0.22904562431956857,-1.1213219418692306,-0.48312938479991846,-0.6391812856672195,0.4663908876360088,0.5085540597443846,0.4638482704668799,0.08218599379383366,-0.5044266308232304,-0.5341953836703026,-0.20881879803541017,0.2885352046656447,-0.015552818340080302,0.04439384630716652,-0.4875939160111438,0.12762197551163842,-0.044066253363822576,-0.6246340283927325,0.43180032530782697,0.5216786232116969,0.0783093677333901,0.05958016167725448,-0.10446199414794265,0.19643135392116887,-0.246774232283149,0.2672164124445139,-0.4619766865164003,0.07770367989993178,0.30991359850383704,-0.30696532823441613,1.3480914425723398,0.599220791963125,0.18307214039136502,0.001686990058307571,0.4972252254249576,-0.15197679832385144,0.05643377468643032,-0.25454721660450225,-0.3758394847564722,0.5810521201646301,-0.467809924270025,0.388316987785338,-0.9866928086953723,-0.06762135250554244,-0.24072727594154278,-0.5580758421057869,0.22380193430048784,0.22703468967016988,-0.4384983559710697,0.09774069303242762,-0.22616877097603516,0.08783029307471955,0.10462422309274505,0.12733334866984197,0.6220542772076383,0.7301374362449254,0.2457707474683841,0.28156378432831336,0.500004991732939,0.11065570186229395,0.7323959683872312,-0.4929185368192951,0.42850928597546045,-0.410455734729284,0.2687635569550954,0.728649966633492,0.13491024586534153,0.09949502617463109,-0.2937561914951129,-0.33424089306155275,0.18171990265274934,0.06619342832235736,-0.38736860535623324,0.5111950786551869,-1.006854604266491,0.26464427293145537,0.6923011468836391,0.3996875589197066
-2.114458096473257,1.8991895799092615,1.2080373754959268,0.9219617801779276,1.9018183429578988,0.8137464916653075,-0.3667557704022378,0.457079344926727,0.08063989754486713,-0.2893384138981132,0.22359966843906193,0.17902721544200642,-0.16833064194876343,0.47608815726722203,-0.12037039427141416,-0.509181839736987,0.8395712879660538,-0.41154471425162636,-0.28200652272461385,-0.0776412419328273,0.3862671089228782,-0.0975877490490161,-0.5810579732072753,-0.3178591835489392,0.19020061206428857,0.2875526317335905,0.7054151249816948,0.12438808938935357,-0.3082659978047656,-0.14681101099418356,0.49102225035902164,-0.3378537383973411,0.1547785132049539,-0.16596175985813358,-0.24060919118034332,-0.16610967019982767,0.2799003636045626,-0.13922352254026266,0.12751535795261998,-0.07680098654482936,-0.3693095816838477,-0.4182220648758581,0.41084430790980253,0.3220965272530402,0.42795834854996545,0.2559216177726913,0.16357312319386205,0.12300959266784618,-0.4641611362724378,-0.07245245902353706,0.16701970524330303,-0.4163466316684207,0.3092902525306111,0.44405085121464033,-0.37123834824448665,0.08433627273907389,-0.03952408051046552,-0.6942644873105632,0.08425205387014364,0.42150051560497365,0.56127710965352,-0.11523365936838235,-0.0005620451069320228,0.2090456096784715,0.8619917425658813,0.8525185892602887,0.032433907227159005,-0.43656154199793556,0.37361516608481293,0.45760272255441015,-0.5181737034832894,-0.17444754514753957,-0.7514169466644008,-0.5707780846993044,0.6396187211066576,1.0037441455374865,-0.02418490659673295,0.43691317862637963,-0.43660413224952277,-0.2800754110936122,-0.3743939673937278,0.07341277598159164,-0.19402297927935877,-0.41862185643745836,-0.398852439480626,0.12903963690945922,0.1847386021587423,0.1708887528608991,-0.059753151828605924,-0.06505398002384986,-0.457214314753026,0.44998242833977475,-0.006800875992345863,0.5149505985777856,-0.12409145286510946,-0.5772590200354991,-0.24380007657713754,-0.04707365085338973,-0.042742358860316305,1.084246698867821
-3.8509119582456766,2.2204171532466015,-2.3316884336128285,1.4224771829427494,-2.658536552143902,-0.3334031814214294,0.24007259940982625,0.24699929741160206,-0.35517304473879546,0.5130245350878665,-0.09051542432439233,0.5393839372262208,-0.04574695590444294,1.0503758963508742,-0.33067911188313137,0.08400381182507415,1.0195550050183908,-0.5558291717882707,-0.44070679569698545,0.155860427248357,0.03973451513032161,-0.5145483000607025,-0.017733286460597266,-0.13256071728821123,-0.09346459374748586,0.5035395366998412,-0.6197514019737909,0.4111299108115013,0.16230455262859328,-0.033993399872932546,1.04011514951595,-0.251439721200183,0.07180025592619094,0.3698645740354747,0.30221607063546774,-0.21279874595523174,-0.057625067507452894,0.4783181459144243,-0.4026580604182539,0.18580784927884297,-0.014702082490876124,0.765347675852532,-0.017121431738632596,0.5373412935300526,-0.22567020721777697,0.1644081560361423,0.49514535734235127,0.04411514280070887,0.6382937485550739,0.1282911276475066,0.023402568600362307,-0.9353823563240166,-0.03238452934469475,0.8531435276504741,-0.478755432001037,0.2516322715505882,-0.8228290363176376,-0.26047953445345323,0.378890630329458,-0.14600626050713938,-0.3346208169190394,0.394062987549231,-0.4061034751063636,0.0343048482810769,0.32896522820096663,0.3154561364281911,-0.037599359850185005,-0.7027381606447389,0.9029888084240608,0.14004949283104565,0.7601739526454739,0.1170314324159628,0.019858824869884845,-0.5590159344775542,-0.09536896812292807,-0.12349319463609137,-0.3576200110473604,0.419321483300851,0.09711994003748431,0.18922489727952604,-0.7022193467532838,-0.39275716030435537,-0.5584801388542564,-0.9914554619727968,0.007168931178012882,0.6086183733466477,0.06979942067001255,0.368380098346297,-0.6539060504740056,0.2216827879754951,0.4538654775827983,0.20196360500408062,0.21530814491214909,-0.42120854567957466,0.39569178474664585,-0.20474643189925337,-0.03616098754448038,-0.4582610053991225,-0.022818725895617138,-0.8915607727132359
-3.7228273999384953,0.8929278027810663,-2.4477943487445843,-0.22525708345159068,2.822149937064849,-0.06682133448448696,0.38514941147499204,0.5019752208263688,0.5161348858800242,-0.14743644039097373,-0.36205250548938783,-0.6423102315325323,-1.5222687079140451,-0.33429922055985845,0.0051185772754000994,0.44818575343197836,-0.5502720209176409,0.26143662332003387,0.3553992530153775,-0.4490522647793767,0.44646847236327086,0.08184756915246368,0.33262788946549937,-0.7117282525572604,0.12468180568849024,-0.2371311195441564,-0.1512714567141926,-0.9596065614279881,0.24734974455783515,-0.4641807494781711,0.07926038276551256,-0.3358738263048891,0.02823772848622773,0.04547758373663512,0.091597440809306,-0.26385489881633223,0.3678232204576138,-0.4501377745589383,-0.23171879092373598,-0.2611780483739098,-0.8028151833623678,0.30070177006961146,1.0014684517469692,-0.3087041726473236,0.19686998418472607,-0.19154920174407442,-0.4060903536924499,-0.3763599739113876,0.259838705404395,0.7122024081062327,0.2097801065124798,0.15807248978276744,-0.39453781673193034,0.047520638194092996,-0.5214454926619905,-0.5768821083007033,-0.3493533873454598,-0.7902730870475418,0.8449415682985647,-0.027236763868494773,-0.31604336621830303,-0.3493629186393367,0.30610887234227246,-0.8627783208785461,-0.6076617313645692,-0.9425667480825326,-0.6895896413210845,-0.4278875848989561,-0.08587703465148237,-0.0967695286841529,-0.6444779098473751,-0.9897193102142171,-0.6322811617794454,-1.0547932431354619,0.06612454951875824,-1.0478625194562592,0.11389143618986501,1.0709205364137502,0.1641843519958281,-0.13865078469834563,-0.43035979287098686,-0.6629369512056187,-0.5309249337682329,0.49242898080122544,-0.14521070109971612,-0.41680504762915344,0.251692669084761,0.2895731789553448,0.1644937840427429,-0.19523189615731254,-0.12183858460754401,0.0745324254003278,-0.48968603875390165,-0.39074950804645675,0.029925398729639643,-0.2600133176608924,-0.5663338542246985,-0.6596624594641896,-0.18922338226108326,0.2070009528018987
2.123373997717969,2.925897126215885,0.003990795368412625,-3.503568815181011,-1.1195220096825094,0.30411425433148687,-0.7028795863452059,0.19135179340043404,0.9886710588650722,1.0378610498726277,0.1517664977746507,0.2841551460678583,-0.44331709352946425,1.5913092061808014,-0.4871962877465674,0.7332453322283116,-0.7604343354511751,0.3039050970229094,-0.046778158041117984,-0.6764248107132035,0.6132236570162966,-0.4959528603231102,-0.45266592191467875,0.2788995116393125,0.2249831628219415,-0.3777079644425969,-1.0443786501461965,0.47086407241761774,0.21560996754678985,-0.6095520799314716,0.38717921321391763,-0.031170392206074125,-0.2842655657698096,-0.4680778940781478,1.2491407124539498,0.19050004249206173,-0.5169920154304162,-0.19715494719866075,0.0005589966434192749,0.7020530120615343,0.09792950494971503,-0.4867582803368794,-0.3326482125827414,0.1725650246206558,-0.013751265700661638,0.18730754235287,-0.0013541750320419882,0.28716795945989343,-0.4845170372818291,-0.3018336929165634,1.0109264933443105,-0.03013487864949005,-0.18205784092559663,-0.22257781186670664,0.14066923807785361,-0.7053244853110001,0.17730861145821508,0.6581412890234567,0.21209635929390594,-0.4491210423946187,0.3215831063933003,0.18493401513515217,-0.1826438757067848,0.03881616755038226,-0.19084844520580133,-0.40744822710518824,0.014691144286304234,0.04298218485335107,0.5600061571484896,0.5419750764744299,-0.049999615545320425,-0.7746862436218902,0.4304779977789546,0.41682491490231033,0.22605455602956126,0.08143339742396219,-0.06797730569292074,0.029226265537275795,-0.4388408976753631,-0.294798240175139,0.05941201312345907,0.39523762988636374,-0.134202261929991,-0.743822335709672,-0.5299655915025182,0.24444989466237915,-0.5575936248095641,-0.08333018227937915,0.6406344235379442,-0.5988742830621314,0.15980853392139643,0.2403833752579361,-0.597939346137861,0.8599475924157762,-0.2004652683659983,-0.05192241663152142,-0.14215898959345113,0.1515686717792841,-0.06011523357662105,0.1423661786728687
-0.06097699830673475,-1.8861613407239526,1.29262778368106,0.7470450633172795,0.7356507160134008,-0.067056587167459,-0.8432181246773374,-0.1411796692110653,-0.20948907447527126,-0.5438792947939945,0.6886004753303272,0.3423461831934371,-0.08526122368751589,0.3552576754656939,-0.21940184244781671,-0.2611776937030627,0.26447666342815596,-0.1005667823191606,-0.46263201186462116,0.11375724471176805,-0.7168057619052893,-0.24197074984826134,-0.04434619729792747,0.19588817250264376,-0.7450693394584965,-0.5712269540988614,-0.5203625242198349,0.8182744763452396,0.7866930240833605,-0.8190049641852768,-0.7664039840342055,-0.4245511352217489,-0.20325888003090492,0.012833670246833453,0.1816367295698168,0.24672793971018994,0.32070154423900266,-0.11587015528560214,0.45757314756977,-0.2644151812401434,-0.29273213415217236,-0.17289695307112055,-0.22331139975610792,-0.5898099409099543,-0.35218684402444284,0.14360624969302857,0.27734169100509315,-0.16348390581369934,-0.2901746897601394,0.3362301075929761,-0.3915703987791651,0.09805857799335228,-0.41955704595562826,-0.1446508606362408,0.0016995196954834204,-0.9107213727059287,0.1846542352293523,0.43064011899527654,-0.202101197195857,-0.17003615806535313,-0.8303928298546629,-0.010721898655683234,-0.318488645812983,0.07154655080145693,0.23682697044507284,0.08233462512229302,0.5293721123376993,0.17148452132284805,-0.3628324640711007,-0.06533047083187177,0.562692529868112,-0.8630948710553993,0.6722866658281182,-0.4728192496864741,-0.43835285599835044,-0.6437401633575316,-0.5089527576760184,-0.2687705926905616,0.06726590140339272,0.26690825894695747,0.3269142123780371,0.7035501407405251,0.557732395271084,-0.6004072673231232,0.3454741232515896,0.4723293488298474,-0.5816617362199797,-0.2578897866461991,-0.22586939036230774,0.35637165841816265,-0.08348522553543213,0.1365686186820177,-0.4644372748694376,0.3067320559996601,-0.24865627495699805,0.16937850373771696,0.2079644752521046,0.012723763082433321,0.29173791834770474,0.09818763810771397
1.3194755762596018,-2.455797205423943,-4.033566560118499,-1.4619258323135038,-4.206938787209681,-0.1435550484167846,-0.16367413148213125,0.12138285854684235,-0.04457025485115054,0.22130773854195468,-0.5472492603780336,0.4869082833676203,-0.36412573771440987,0.6471819138705073,-0.05937931761451651,0.04625361371201312,0.22256149777168183,0.22205535272258872,-0.11336018286669573,-0.3274703858322743,-0.5887044159651073,0.34134580878824844,0.3421060641891714,-0.04951251721647348,-0.554954831540996,0.3281921311177519,0.5620946836384736,0.3360833822088798,0.2836648306346393,0.9818554602617244,0.052111303299790405,0.27160360817283374,-0.004224735613687301,-0.38838831221605863,-0.23515858885219465,0.42568605654626956,0.22045832571820295,0.1419400603701576,-0.29554931454285843,0.4956064674528624,-0.39901140376093913,0.34985776234217997,0.2979173740907643,-0.0950324646824201,-0.246829442901587,-0.28531093673801666,0.12062572962802992,0.5974744972442944,0.5845465387304816,0.683532407005765,0.3468868050787657,-0.2765183204107921,0.06253943609784814,0.5322589485041204,0.44406299755764,-0.8413017357443632,0.01914663313002265,-0.5974118947055916,0.1466447327136102,-0.16209132718409539,0.7588331792722095,-0.3999908239165069,0.004805724293987787,0.6607866958756287,0.4623598047873634,-0.45928010541579284,-0.008964809267362556,-0.6275974085273703,-0.5142565095299834,-0.42007037954026394,0.23524288259471599,0.4609700814093317,0.8615939396817476,0.6527486209668997,-0.8636906532826009,0.3101629234791222,0.3873225626615639,-0.35738786147944673,-0.1395508151033624,-0.4634326852104626,-0.32665282448932553,-0.08800093949933063,0.11678543494337668,0.6403134264974846,-0.2577438563250438,-0.8126512459165337,-0.014482963902885646,0.20936683177702684,-0.23311128052400698,-0.2064809907866686,-0.4516975630789817,-0.17991960313835054,-0.04852449952635492,-0.05140458444826536,0.6130866690234715,0.602362727809884,0.1682910726673135,0.15462196591577218,-0.6682755290648135,-0.20869426505243585
-4.670545764723249,-0.7676727913067659,1.5294625785933151,-1.7674032943521103,-1.2591969905177411,0.4107798442332802,-0.025499216422769793,0.2926986409069416,0.4862498227758872,-0.06312094901249085,-0.40253730868671433,-0.07501901377192893,-0.3344714766485461,-0.18380861696256542,0.4980934686563092,-0.22558515756899222,0.356400660509309,0.025238636266008637,0.3020785809299659,-0.6208750011295384,0.3000845912097217,0.14917037988229823,-0.014958945967952145,-0.08232109970054349,0.25290586468096454,-0.38354023952081245,1.0430741972229793,0.24284671500520555,-0.2883388929384316,0.2429081937095235,-0.35110667080550684,-0.7846368699310944,-0.2527104863706188,-0.22451212455311398,0.6239273955135929,0.025052203061855006,-0.40280978565954306,0.011646910336517075,-0.21636622671813252,0.07690473670042389,-0.5059047338889701,0.5403505813224437,-0.21553711755046434,-0.025819595221711046,0.257031116170356,-0.31702749687066484,-0.4460771093797372,-0.42006759464341026,-0.2943229453820437,-0.1288811373289591,-0.37629865579547944,0.12599711934269842,-0.33209048979001443,0.280007697931873,0.7082132319126638,-0.4118215077790719,0.0501320826095238,0.8880483642555217,-0.4691471586189207,0.5252906045778886,-0.08013852376629083,-0.43462411677116786,-0.4473469645013503,0.5945448292002393,0.10503706858026374,0.6604807251904621,-0.9202067942054781,-0.48748524554546113,-0.12244407947692143,0.6114390872097323,-0.16772070407708586,-0.4654803212328429,0.14203660073356342,-0.1994969576899431,0.07073309311882256,0.3180452316664942,0.1878951032816396,0.19516270858366444,-0.42539524736239726,-0.8548649782527223,0.7550023766304197,0.4860555188790898,-0.6172173431802798,0.2527075536246192,-0.08498838471834676,0.6876119856009761,-0.7896661556219413,0.652525104326392,-0.08028995633699502,0.561267602441826,-0.05111760383404392,0.16824280158671578,0.5940628296372565,0.5409619444023798,-0.12055056987035541,-0.40891455679767064,0.4883265923739207,-0.13396651397743847,0.6178387685062143,-0.09594247375904001
-2.4738528654013776,-1.016197363714212,-0.017188713433352792,-0.2934964514702144,-1.530428714731884,0.446086501520543,-0.07404996931471242,0.2139601104620328,-0.1627708268939443,0.26690242922647334,0.28269650858508555,-0.3850128950059971,-0.06863969650681241,-1.0522762679742896,0.16198879263263177,-0.2815970481937579,-0.03233680108977894,0.6893533461786766,-0.04182200728094559,-0.6520566762380183,0.23103760215278574,0.3173905926997639,-0.5589370081381712,-0.4172804068045208,0.4643863489956957,0.27697989082690444,-0.5127867738118165,-0.17955235748194848,0.23793867543185282,0.5907708778605416,-0.08053029835311294,-0.4329514198127032,-0.563821698257852,-0.5789726943127759,-0.7170865498462957,0.42584024823085326,0.16634663794291601,0.06093028911638895,-0.1678185556674973,-0.705182317617328,-0.3553936809261596,-0.20793161941100502,0.44334647691135215,-0.7492779649996422,0.2071502731117363,0.34106865959222615,-0.12736998132660732,-0.3070704317505693,-0.1892260332656318,0.1299253219524583,0.13376825124536665,0.07542859412219151,-0.4286993425346813,-0.1814708529606227,0.2896620490429598,-0.2364202976589696,0.5563274753487687,-0.06520064543898164,-0.10298147864431074,0.3024591405663092,-0.3055196566330947,-0.05452904129465146,0.14450408429866404,0.4258521972009107,0.2656573543005289,-0.6228459145961697,-0.31451492393241276,0.008591102613859165,-0.4578062501623337,-0.24770489870480086,0.034664525448541414,0.28067672693727597,0.6458294880768398,-0.3094992347138458,-0.19039751784311917,0.21866329879392407,0.5177325355772808,0.613275321803784,-0.28315110631510754,-0.35361177019317,-0.4180965489748274,-0.04258540476280327,-0.20083294467304674,0.4557939850609947,-0.5331165381532239,0.1027688671081815,0.1398401067086541,-0.7901449297026766,-0.31618626411792133,0.6249421048056426,0.6004850967690063,0.30266496129181997,0.24542784828120812,-0.054265350674559835,-0.2190892478259668,-0.044453093965282894,0.2768164661328688,0.6465791832437567,0.11950389641860265,-0.16617174752233863
1.770696666528627,0.16443324622646793,-1.0688963905410962,-0.734005746646374,1.6742912473072065,-0.2297851602494381,0.10856498882432704,0.5748197027928872,0.280618450025438,-0.022838861834041723,-0.24645499375676444,0.3749831367906099,-0.5372192412324843,0.07206388853434942,0.43154200450061125,0.363024135097469,0.06151762193315048,-0.4685829266178295,0.1491684772664426,0.07145465910731363,0.2860863326584483,0.6974246531784153,-0.02825335137355397,-0.8564053564417038,0.5276736880555629,-0.1932209645648969,0.6713626801101521,0.13091914826638193,-0.24951381435350278,-0.06657412936850367,-0.02238424236389393,-0.5789904899233047,-0.22770993859379296,-0.17789809830697526,-0.3298719448975916,-0.3756588181910942,-0.41910404022121606,-0.05718757987546986,-0.2670042632154818,0.650202471444074,-0.41549632627999256,-0.31367127431480946,-0.13117641320694354,-0.41706927878488204,-0.5198390050605537,0.30189351164174727,-0.007448040158055524,0.1972512869352348,-0.4559222545617193,0.09732234079578901,0.06659916674690564,0.05635432698708293,-0.4007479494694339,-0.16047114090040232,-0.0949380359316363,-0.38012987671991655,-0.4339055691949145,-0.18384463619394864,0.13645418498589004,-0.19035904950861895,0.27499493498173816,-0.2315463117868163,-0.40485385303433824,-0.08503659528556937,0.6159573409432942,-0.13910924024325244,0.2880548759071739,-0.3814495567123995,0.28088221540471675,-0.29469650954403825,0.2828106042462409,0.754601932608834,-0.6004324078515964,-0.08292677250098374,0.13297303526780016,0.11642683341030173,0.408567421872352,-0.7772775110735695,0.09035728584389546,-0.534639723534565,-0.3692263364222289,-0.0139949178250107,0.0003863725065184928,0.354420599750969,-0.7486722771384428,0.32041504417656436,-0.25356220159047216,-0.07103782790137914,-0.6485183518117612,0.418135191369794,-0.08252017623804708,-0.41112419161258024,0.16445111928296033,0.8844332297525669,0.4949677144361726,-0.16440658589231247,-0.5185351651481429,0.09634490862928419,0.8211314083661733,0.23961863585787785
-0.4378355121226374,-0.8685016603366049,-2.104856734528597,-0.20640216223919367,-0.4518795940543045,0.6551502103042116,0.8307548162183738,0.10622117316559593,0.5316458834645303,-0.05721501975140544,-0.39233423284383195,-0.4263436065039488,-0.1311258915212881,-0.9301492261293832,0.1636264982661398,-0.009506972466554783,-0.20858972258298525,0.5245493499676168,0.6089014196743521,-0.4529291729039882,0.045032117292982426,-0.056156682875655534,0.03252728058815405,0.1495900645467207,0.35492520683004797,0.11185201451492172,0.18236896579419334,0.7873493967823877,0.17857261192170293,0.16684139153674044,0.21940536004910433,-0.43029386689777194,-0.06322210497049895,-0.0756314650644609,-0.12409543094123511,0.38713064383511464,-0.2713760431219232,1.3674636339230544,0.5781778540283532,0.3298114534254243,0.5545377680464088,0.14125499802187036,-0.8489151712760268,0.22853397924051458,-0.006956766269356938,0.7710049761075488,0.012509176999728294,-0.1717041253535161,0.48261997169126536,-1.156376742108166,0.3467139822448418,-0.14984273950654642,-0.19661215766968115,0.30567832103691805,0.11814398191077966,0.38754914658976136,-0.2580510147178876,0.1455557749688633,-0.07675717570652787,-1.321060514182475,-0.2279036231821314,0.12939919507301656,-0.7107169847909437,0.49827911250242873,0.4547210258432314,-0.10802250482636905,0.9745717488621709,-0.7412386479241979,0.6589849702692745,0.5097574181925749,-0.5640385834033264,-0.4659233500004494,0.6455300451084439,0.8281565445321591,0.37381872134172806,-0.5108660294948917,0.09507083702206601,0.6632198775575471,0.149765464958263,0.10792858748851542,-0.4783737906536638,0.26209649795188533,0.09286613502724267,0.26397896865516773,0.00030535953927759567,0.027764182522866162,-0.5205875022764196,-0.005030045029578283,-0.625230507358608,-0.4314299333537529,-0.9192503064715528,-0.04216747662722325,0.6898104114514033,0.6279246660373047,-0.07198924392369019,-0.7414718069686426,0.4300249767124595,0.2732899065769429,0.4080763858867879,-0.053427226139615196
-0.4596799818288321,-0.4624084008330811,-0.1372639020999364,1.6389711113804126,-0.8496648637263531,-0.047802030565398085,-0.012691309443636877,0.5754037780566308,0.21513109241920628,-0.4600373469664572,-0.4971368935116614,-0.00650035874013009,0.3002650649899934,0.7110982639685702,-0.46646705610967765,0.05737380978637837,0.3156309922005221,0.360032791718242,-0.17572072745893152,0.44421431805078254,0.19854701138711123,-0.20339391053277703,0.6514451997846481,0.7407126259698033,0.18990753880315112,-0.6231359087827391,0.08410282720540549,-0.09684218405700698,0.5352772393429063,0.060737061210445344,0.6858468010872303,-0.12190498297050668,-0.25050262765097003,0.09010755162084755,-1.0085559704826763,-0.28612629031789805,0.018326518008189754,-0.7384861364143758,0.22981453924210166,-0.14414677141152465,0.29455581847981566,-0.46869146160472064,0.25706248370545404,-0.3563876156116901,-0.0678660917642381,-0.3854577385230202,0.22630362492263456,0.8138139270542737,-0.32225129954645476,0.38960312232085,-0.6008793335944511,-0.2717277746072354,0.13753127889754904,-0.6228894770542791,0.25336720223599773,0.4794514372968157,0.08748234935194285,-0.4480822603476149,0.6244674389349175,-0.38590167154855726,0.2630938861946172,0.7581509230540575,-0.9431342272962076,0.5197944566152949,-0.5714532128769367,-0.47619501671315656,-0.4468248417856851,-0.9971339203888252,-0.7088212234670737,-0.2774683297607408,-1.0289738461726445,0.5767359859551214,-0.05968140988554594,0.7925720429061516,-0.10017763868407337,-0.6284006217253242,0.4321235665441719,0.40844482575733876,0.7991840008312942,0.3778968101721034,-0.9221522418650238,-0.259393361826311,-0.7118017226394368,-0.13262701196813192,0.5213954490511665,-0.07180863273794724,0.13440503962183337,0.02818121179518384,-0.34120962414492806,-0.19532226570786138,-1.3099176029433282,-0.0717847270815635,-0.3668074841434753,0.1057571303564112,-0.36904997477388857,0.645628728734879,-0.5885441488791953,-0.38544952517765424,0.45067190899216764,0.7489399068572082
-0.5311924586770186,-0.8618846188295065,-0.8699642148705757,2.071925502164832,-0.21730478199380976,-0.3641762293593329,0.14457180137186107,0.7296598438411643,-1.161923979441945,-0.3824480057166568,-0.03295604687007578,0.9455603495060951,0.677324982162147,-0.25818298748612045,0.4598880956318663,-0.3189384087315255,0.21767918478323467,-0.8175547826847096,0.359692164477063,0.11367196837037884,0.1811176284840256,0.041991805840524754,-0.23763577569144348,-0.9160933169345618,-0.0025497940338660213,0.3034525133201787,0.20536939733158938,-0.43767678177973873,0.14769609564746553,-0.8235716514409732,-0.341932770235168,0.22207357281069823,-0.46336631283445845,0.38762549324862233,-0.511679886857925,-0.1191128899179858,-0.23431955139855332,-0.4466746023107901,-0.16989885378456743,-0.8334222594718874,-0.22296862505601842,0.12233432853825371,0.11523688754782593,-0.15457982441022403,-0.2927231322347282,-0.5302021958570786,-0.439285670843296,-0.22719426604888301,0.2569656685756986,-0.7601653912309265,-0.8382762583739075,0.6247240885945865,0.656604321020601,-0.3229245699630286,-0.3439158421393216,-0.6825218278128378,-0.3459836108917538,-0.8378469009129309,-0.24616213314100494,0.0507038389144858,0.0882665163449506,0.40461575443836006,0.0885600937444216,0.8579601299499354,-0.3226537459914565,0.36705683827019026,0.5747831408472983,0.03889392358602825,-0.9039374281246773,0.5166700556016707,-0.2956850980798345,1.0159889509670277,-0.22191378276339763,1.2055227041351155,-0.5284240196324114,0.30833734288641124,0.1060333816540108,-1.1915145587808968,-0.24405607005579352,-0.10624190607316168,-0.18445669173279589,0.0904249365707882,-0.4576458350912074,0.5362664406744242,-0.4314995805731753,0.10219999475152194,0.11685754361952295,-0.4669971560675833,0.2992286011229864,0.21234594420168343,0.143796552003982,-0.09290658283145854,0.731463202372949,-0.79777973974928,-0.5661691116438852,0.6725684364788158,0.003941700845471567,0.1532996980227895,-0.15461329799921097,0.4076556130756876
-1.2049419705572968,-4.432311247718161,-1.0612376950535853,1.3956265557385144,-1.2053973562578504,0.7803346320603808,0.07440032250314434,0.4388827135551604,-0.8055627681224857,-0.2788111818424007,0.19656045004240008,0.15596370430539389,0.712203875579671,0.5964463758296517,-0.27662057654375644,-0.7814476856131014,0.03864556151151702,0.521234100772307,0.13165205170248684,-0.40520735038486244,0.0550840765537768,0.07803000663357673,0.6046211479742029,0.8958142282957162,-0.5937944863643249,-0.3512925810727025,-0.0836695650175507,-0.26685280226363234,-0.924354454273383,-0.02513409428360505,-0.053001098967682174,0.6272351196837701,0.867609056822359,-0.46646976448029637,-0.37640059764625505,0.17155444859833693,-0.26348869668563707,-0.0217976991707833,0.1295179027912661,0.2761754023649551,0.5921692773542762,0.653890318650057,-0.15813405766489408,0.5346626686452667,-0.07472487178856373,0.2176372455562833,-0.25202262077745713,0.3929691898253642,-0.4378768515840881,0.6908389920753795,0.220779142879685,-0.10146779900893092,0.18216548452007686,-0.17937425892540693,0.3336452433864835,0.5081700164855054,0.5072411574540598,0.6293903842958308,0.36796323347497295,-0.42374104968846044,0.13596212401677799,-0.30840213748055745,-0.2645149546582639,0.043546258882689946,0.022306476099141326,-0.13025334247619397,-0.148189665220223,-0.2820696628692162,-0.22581253410339372,-0.10987035721404172,0.06318818762236843,0.2695866131931384,0.3598753295517197,0.7148514067735438,1.0162047399614762,0.013556786640415602,-0.045769038576919774,-0.11515943535593819,-0.25004421825965284,0.5391281374085044,-0.19909224549697518,0.5487993325522955,-0.2604003419665714,0.6166296130847077,0.03844385733379426,0.45309358303614766,0.5709821198645801,-1.105907007023443,-0.012938134639048325,0.4947962764345304,0.23274997307331002,-0.39665205079233057,-0.12630959596734875,-0.6659017585679645,0.1552877398664583,-0.3543370717245642,-0.7037088491507931,-0.30826054490951393,0.8754384304385396,0.3946219684241805
2.7614689099936953,0.33069216650084576,-2.101403119451871,-1.4886424562807026,-0.017861162326479607,-0.2767954673484684,0.2901611803745213,0.4472656501171054,0.2617072843348731,0.15249088086357154,0.3210378607412339,-0.1893300742255428,-0.4479236608278183,-0.10294498364154413,0.5172439952825854,-0.06774010363982783,0.6302511875873582,0.22167927795566286,0.25767168623372244,-0.22715607324163192,-0.9309649187883486,0.05658511271994835,0.5079257792385089,-1.0309585007007487,-0.7068946839312603,0.36903933619180124,0.134646577022105,0.7032838853606685,0.05518522011965921,-0.07919772279703172,-0.012484084114454223,0.05345508077542317,0.24567283308637006,-0.47755696421110666,0.0805551693270103,0.12139808347041262,-0.8116020595563345,-0.11379640180049436,-0.299808471005933,0.1533350704264704,-0.09409606301689957,0.7175877369814007,-0.21586601387039162,-1.0029476565661186,0.061568289678933935,0.12517709655779197,0.27170726378710963,-0.9553405759494508,-0.2487726562237921,0.6122887049893121,-0.09528563986617583,-0.14804191836513494,-0.3045915965249975,-0.644083158976651,-0.028075577921796824,0.08143032618139368,0.1548851809694822,-0.2121020198241134,-0.10721983450823246,0.14477988270844988,-0.20108924052694008,0.5385382559586381,0.537000541822708,-0.07608525310537703,-0.020241430565331557,0.034830318093786984,0.6224341710552216,0.10591164489823036,0.6468539323901766,-0.30234308318144965,-1.1137368667159453,0.23656704492961775,0.16590868700169864,0.07321846195202633,0.17173508865478312,0.09949786978497455,0.27414677041586893,0.018418152617620642,-0.40606273681208055,0.26771832211174645,-0.07963189239087676,-0.21792259178849452,-0.48618669260571185,1.4443302254736485,0.08348987199956294,0.5736105946760244,-0.14468956784220025,-0.02366447639099244,-0.21805156108971455,-0.9764271542583803,-0.08473078201089726,0.031032888164036047,-0.3143720019242232,-0.07043662362010587,0.8384089401419648,0.011543179072417316,-0.39516045867109323,0.08670430806639565,-0.5864452566369182,-0.27847478087453403
-1.510329313497073,3.69407054461984,0.5495893575660918,-1.609950065681405,2.4285189815630517,0.4737764143029695,0.17699468245863675,0.36227641941224814,0.2058838665108488,0.3879796592879882,-0.6723304168510337,0.15933201580816947,0.8268606503219607,-0.3237478247842437,0.48128608583477245,0.21040385189593547,-0.5309446607881491,-0.37997792791153706,0.5097194783111655,0.07453168104345669,0.2648351663031082,-0.8200265096961729,-0.8369908788139827,-0.7170338501710636,-0.5465086081752678,-0.47887126758665866,-0.46876852331876684,0.055221341210912246,0.060486181465007935,-0.4228916420497275,0.426014619772209,-0.1837458450579955,0.046594386027212435,0.46726184236235496,-0.02154529510626359,0.31829504784830076,-0.0023343995662773727,0.05755557186421564,0.5138429452006263,-0.022365246356319344,0.032375990817596685,0.9405208622196646,-0.21936174214068668,0.8075440511677431,-0.7614519956413038,0.48461440746561285,0.4030792450251435,0.3607052193635295,-0.17642175678492847,-0.4880416186041958,0.36261835154324334,-0.0751515238691784,-0.6622796292197128,-0.23092778726743435,-0.3011159581967554,-0.09349995190025026,-0.4419007606488421,-0.5513730365792113,-0.5151902471221838,0.42430620782657197,0.07571718309316439,0.39381032039182395,0.20486002493509703,0.1816342372749379,-0.7219915024489973,-0.17252482409396133,-0.05456374324781292,0.4785296849025168,0.17105967768357513,0.16182798630227854,0.25141069822927586,-0.2664661249929099,-0.3299147852301317,-0.5884614866230653,0.26066969816804364,-0.3807256260630122,-0.2121758820380164,-0.12577792636646032,0.21826177826486987,-0.6488084808231683,0.2200843372113805,0.3345622505438464,0.4140875339007349,0.01746979302984214,0.20545328980951508,-0.788871528938276,-1.1700333478207774,-1.0056634926032129,0.055687948541035044,-0.15608223913941463,0.5562393458187922,0.434800331757493,-0.6205474949437615,0.13615050256595462,-0.5053228448849736,-0.22827974427077713,-0.7136056411940034,-0.8960473594733956,0.7542280895914146,-0.02369597724429624
-2.133112963027496,-0.22341830711930777,2.040875005108255,-2.7118972820831106,0.3291940483373816,-0.13742521065791224,-0.04917270096445468,0.19663677414512262,0.15532914169067363,-0.09739190396290344,-0.4599165790997793,-0.005314866622148519,0.20030018045603953,0.040144910957348276,0.9995848428611733,0.4582116020292815,-0.40179577448972714,0.08691147801886026,-0.2633007300766816,-0.7868055003277172,-0.7613414993695738,0.07624772688448933,0.378861135520547,0.17016390578841242,-0.08637963214899125,1.2129764284747697,0.30376331096615106,-0.08006983130768201,-0.3069365994251785,0.3429684886030392,-0.3277676223754054,-0.04099591769010063,0.04926528127384388,0.3542638169725413,0.3735286278749362,0.5503179513627843,-0.1253944235604778,0.1025446475081701,0.3651717071606738,0.5431365569068062,0.32600194256572446,0.052049369862678475,-0.44818863448397017,0.42962417831135163,0.1344417358032448,-0.04143832820518782,0.6201384305350022,-0.0922673793143787,0.10943544403249619,-0.17509047034658926,-0.3400120552221692,1.1783142893735303,-0.7723732895304336,0.17383387704456407,0.1922346260245553,-0.0805388155785523,-0.8435347019148963,0.25324999694980943,0.1456297479444538,-0.33959236800150056,-0.46687976386105534,0.5794446532233244,-0.9608214188085688,-0.028307314788459974,0.7943296098845782,-0.1429295295365913,0.05170010660330703,0.29075283203859775,-0.048790619385742084,-0.26943744121579527,1.011429861556089,0.1621959545145868,-0.6799038544664272,0.5574043109445929,-0.00811081629532602,0.15108065774762106,-0.28202677867398285,0.08048750883334498,-0.22909938673426908,-0.6163129566699315,0.36575320292643004,0.624637167511592,0.014653695406034046,0.7930450768950608,0.8190736363745387,0.05758113689073706,0.4487393379181644,0.0033945360815519333,0.2978016883123638,-0.03660305113839517,0.22189420401720075,0.03955203337268735,-0.9015217362754872,0.37589561596847076,0.4026030753661227,-0.31947749057599706,-0.45672216903540575,-0.09565742497822238,-0.8856017881174789,-0.1497905375930267
3.469799049818572,-1.9393181848988166,0.1395568110762777,1.6822749556491614,-2.439270388406278,0.21654503163689243,0.1634277757907963,0.126511600297935,0.33980105917968406,0.0193730347905875,-0.4943982991488286,-0.53633279214953,0.4627864299853937,-0.4619779901887739,0.6943005083917554,0.3253116899292558,0.012993885859962993,-0.1428175582915981,0.26586258693353826,0.09364870995380453,0.40809070544461995,-0.019840075365419117,-0.3096172569731386,-0.5897481955135447,0.18609326088363273,-0.6603202640067274,-0.7090400088017369,-0.05816429176808273,0.2715329209332399,0.42380461222979815,-1.1894409789328315,0.38811702174515056,0.7575041995776307,1.0842483402974983,0.14015947330816225,0.9030914792349619,0.38469305545682697,0.46684422082506105,0.11807466572063355,0.39188956330950875,0.2313817081074323,-0.16440844878489067,-0.45989675343009995,0.23222934170013448,0.35590008005854623,-0.1593812535791157,-0.4683059795922826,-0.7799207723145802,0.8848247250485882,0.5197969022748848,-0.3707992598542162,0.3896923541919789,-0.5902612700307779,-0.6106896352780656,0.33381644650815756,0.054489164741087795,-0.015243504989605411,0.6005549494770274,0.32506680829732154,-0.19698365239071347,-0.0715173864908171,0.2690029598411507,0.7662517709213487,-0.1139689559437666,-0.2664885123046551,-0.2065408543156927,0.33588331015933026,0.8631265595798278,0.31166828062630475,-0.5938238205351914,0.24918889724188453,0.4083526634161618,0.011216980445760869,0.16059141013974818,0.5539717440684754,-0.8064835954845664,-0.09412419687409354,-0.4910397773172234,0.5628037207589824,0.42506059037449884,-0.27901030979530483,0.7074651486134602,-0.92286497606317,-0.11381581081539843,-0.1906200369530377,0.4023134975253599,0.05967161472025901,-0.8171983586073959,0.8746964475939882,-0.6497262982578189,0.001716188265650381,0.9604245878507139,-0.25035650811878063,-0.1425414937521504,-0.28044571964619613,-0.3978406397620135,-0.3145958706382831,0.3920405310347131,-0.21287212157756294,-0.11105517404039285
-0.717819744625936,0.13400813518365395,-1.0906455436692537,-0.7718384190100827,-1.7721037958150871,0.4890203445009687,0.09726627610887797,-0.20529142164960407,0.4454648668932158,-0.749226586364695,-1.1047655685439068,0.547962087459474,0.32363860170460457,0.6286699866121663,0.23755694390416296,0.023129288679827137,0.32413470799054994,-1.0510460839463116,0.43824068623988216,0.2174515227245078,-0.530899080067418,-0.14093511765874275,-0.016031694805175568,0.15433742138850254,-0.03184215710947998,0.30173850525200896,-0.210814721852502,0.6889844156613818,-0.33215633347143986,-0.8899324692793362,-0.06516220422406778,0.15891523398702778,0.2928886090519778,0.2787824946419203,-0.016065865865193454,-0.25149209433319114,0.012706129450700054,0.39973096468151914,-0.28578492452406284,0.24613654214552314,0.18975273105357673,-0.249390928230385,-0.20361737162287682,-0.21011305642648775,-0.8342981024011248,-0.6284707909794792,0.2906673555660066,0.3958161153545614,-0.2782902735085321,0.5369161557409167,-0.3606555756132657,-0.6042866998933173,-0.281081713487446,-0.7300829574616928,0.6972969522743252,0.21490203996097176,0.32119069437151265,0.4247084949836201,-0.07087795781986587,-0.27029146160562983,-0.6838445958220827,0.1228313576654354,-0.41428435376003037,0.7481781885581213,0.18655833086781765,-0.42322917339015464,-0.17193442381213145,0.01099868131911279,-0.06416406243863541,0.018145344640165248,-0.516235761629541,-0.41597891617995414,0.12092087878309732,0.9765985428549515,0.6706430613824643,-0.43865042767695833,-0.29939453799445065,-0.0622476083819494,0.31805105491574864,0.575363118463965,0.35735707888895424,0.677298624605596,0.12626568404654567,-0.10191097936615634,0.4630932968325165,0.32436847946604735,-0.41352887941463207,-0.3345496399697141,0.09634143259987342,0.5440932771351302,-0.05591280026240856,-0.7990806790355418,-0.5057724716858266,-0.22077842412686038,-0.22330827515738844,0.16068866657192077,0.7075324682247893,0.7559410324296859,-0.674751908811083,0.454840575432177
0.9187624626855171,1.5724566034213079,2.712958299985875,1.239515996358699,0.6492478410422892,0.3287826689140677,-0.18127994997798108,-0.2679883902113159,-0.1766407962811612,0.11392224726429298,-0.5541554191400072,-0.845657491333742,-0.45062611763513916,-0.42690599063762075,0.5563865696283513,0.22595654706174828,0.012783003575235806,0.23539168834465907,-0.5691601645732038,0.6710167687045747,-0.1637869022848903,-0.4217676508610636,-0.46331885579660015,-0.1536282898528559,0.3549408535240316,0.49837690695909515,-1.1119943328071915,0.08369170530556577,-0.1498430850820164,0.2840183005160252,0.6945492264795938,0.1440745239641235,0.8827009077940883,0.18189323613833813,0.38507037848156017,0.2315367473065401,0.5160924214251081,-0.6181246498422477,-0.1854111819181293,-0.19839939129084108,-0.0711708009135568,-0.82573228775776,0.44343431221797963,-0.8780321904035238,0.29751228056860596,-0.15565724525037739,0.07707048902880194,0.08418800364674325,-0.551784360955609,0.47934549892865913,-0.8344535220200466,1.0945723084626655,0.7492229719591545,-0.34661134403115695,0.37006855160063024,-0.5615717636999173,-0.4084820529805637,0.16384494200614538,0.06541392114329593,-0.8042971386927975,0.9055975561136326,0.20018360306728158,0.13207371733686402,0.14909338208923395,-0.22172765169896164,-0.41229830042527754,-0.47470038076163124,-0.4539788784943397,-0.21505602028055193,0.18177267117655266,0.6324905499987328,-0.2981289033457757,0.06512911991960489,-0.3169884223018083,0.04170787516747574,-0.29158236276273547,-0.02015758272284199,-0.6078529625785539,-0.36457430175170036,0.9671182675840638,0.6825454571398829,-0.7349011844828544,-0.48346669982649354,-0.19048863228315835,0.04429543544779843,0.4185592959138557,-0.05209647476670228,0.1487352093883578,0.10354493642398307,-0.6773433295048263,-0.324941234054335,0.2384731150862725,-0.39760714991237744,1.332364699665527,0.2734334510231501,-0.13948622462465407,0.10555523399694063,-0.07776880632971642,-0.21153196548966474,-0.17744102033656892
-1.6735607717758894,0.4426467328658224,1.0276051378635938,-0.671017956550672,-0.48508688810969786,0.06709679814863181,0.24680598708121537,0.31134282622698667,0.3090031499481193,-0.3435330065984073,0.16028241494004955,0.1557566327600394,0.08947066785390625,0.16749792496584406,0.6354918423789631,-0.7411897464834718,-0.12504743111101296,-0.8051849035858467,0.004904728286508116,-0.30852274836776944,-0.32634769528653856,-0.6637449611540556,-0.04855282163011946,-0.25110454885500516,-0.013823056294787363,-0.3711000920664311,0.2986936212648409,0.039856208867528664,0.32929996869655737,0.37979203009660073,-0.4707296828738881,-0.8965462330176823,-1.0224435307433446,0.4314427404728273,0.16331231405657987,0.30703646766546977,0.3586349305999141,0.14399642014891978,0.2775020363338509,0.3293720929036924,0.05776516106744267,0.36152408189446406,0.07866648777644475,-0.12652700901187916,0.3205282694179942,-0.31267012909251835,0.014335317055689028,0.20705015732852053,0.568665849555852,-0.023858392609178606,0.04619056979876788,-0.2385943793925018,-0.5750218166746686,0.3616493591103753,0.2031485767746173,0.5707457168736714,0.01732629141416352,-0.3162781064255176,-0.6078293046661539,-0.5845830457222778,0.4916358437717718,0.619980277776124,-0.4951397035145375,-0.14821401974293996,-0.24305177888786525,0.7412402002983002,-0.2370875939534124,0.43684557463570445,0.42765022329686425,-0.7344340764018984,-1.2569754001356588,-0.5780057831903969,-0.516005611191009,-0.19839291220155028,0.018565766647521985,-0.7368216796982543,0.4068277171470601,-0.8679344058080819,0.6683939765315041,0.7463329416367612,0.27652952023871974,-0.22415326837704538,0.6089287589844398,0.5093518355121613,0.3281633776953221,0.5222150136597586,-0.3939617169479251,-0.6123152091648459,-0.5483917022566674,0.46201333239825165,-1.1313211469388575,0.8298512510711721,0.36883612045095804,-0.001315430094689151,-0.24292516988413507,0.05805032020190845,-0.12684062872144028,-0.12990334980858648,0.12676335195429092,0.06973765504601413
0.7975904275190403,-0.16003001591450916,1.4081416661080484,-1.2666480634300994,-1.0738330895709232,0.6258917141281856,0.08172392830123429,-0.21545938373427628,-0.6127801074123151,0.381314839283756,-0.8108572363256099,0.08455900095545045,0.012061463887574926,0.7104350856562596,-0.2672920214351796,0.34302613594543263,-0.029552199287083327,-0.4000135397815754,0.3096542543962505,-0.05288278527870558,-0.12798560644417467,1.3983790107976797,0.3957879418223483,-0.19796140042797772,0.23758836119822802,1.0728461310917556,0.05915526901443178,0.03409301167583268,0.36601209532292683,-0.5358258058270978,0.5577806479798111,0.024126672485013684,0.0715961808891586,1.1562384441065283,0.1560534789877608,0.4917776903097503,0.14525676949924138,-0.07663570408084008,-0.45762194999633277,0.34608236653556745,0.02696162525705438,-0.2873486233846774,0.16783315340909652,-0.20286504768636437,0.2113245515163515,0.21908186591655335,-0.32952792174452555,0.3516091343584602,-0.3234345531014511,0.46151388485218164,0.3012523267967884,0.8869168361716155,0.16475035695441123,-0.024130032486553474,-0.4440767802447044,-0.29375907694970416,0.15741259529614246,0.09750430589858584,0.14289870960798193,-0.06701398253898493,-0.2794877696776856,0.010732323235936007,-0.19967110731746476,0.5385012226561176,0.19648060788440494,-0.2041469492369421,0.07193654761341,0.054507614715047746,-0.040633346100987615,0.8332882528575692,-0.3944062748748306,0.5768322833088794,-0.5574536555576179,-0.45475230697420466,0.129016480682338,-0.6197681514095087,0.43827501233818866,-0.39374500220420794,-0.2986196340326731,-0.4921183249908016,-0.046610467806503485,0.6548885486946882,0.29593530794149897,-0.3867405921615128,-0.1981423926793751,-0.035318716310342474,-0.8901013066755286,-0.6583127103481888,0.01041244003890557,-0.957317346713711,0.10084054145495273,0.8853154888235916,0.04287022720315276,1.07647426707928,-0.2617899918463572,0.6229410833311184,-0.36019444008388785,0.071210368378322,0.6387796512485739,-0.13522811785334482
-1.4714256616293928,1.1188041983825066,2.925510266115205,-1.0751205545475697,1.3702380346058929,-0.09184308479287397,-0.6198359794232783,-0.18412756935997385,-0.6674936151638428,-0.28733984540384266,-0.8890561383601447,-0.35159383321020543,0.5935326038267795,0.3172284784578242,-0.38607803191060114,0.8237065259692742,-0.31124690787662224,0.031616034749868405,0.18752038754530767,1.1037831838968466,-0.10642658925813504,0.42711850871834733,-0.04258063719680827,0.2783946812847387,0.816492385921653,0.6297166084381588,-0.2576355103665833,0.29829666807857774,0.5275734087091069,1.5258418331800239,0.5207050239647377,0.4184942971280868,0.15347812713009126,-0.2886963874606781,0.33816560556553915,0.5112113115873446,-0.24207019115098916,-0.6586825762923414,0.21549119327889,0.15409759161599104,-0.08929093460216792,0.4725116451455631,0.037687058998215374,0.4881240401352361,0.17354416542663348,0.19746499115111288,-0.5453501040016249,0.08223947399653164,0.45894763348428147,0.7732364748249463,0.005727858027549829,0.2775602955046776,0.5218873601786316,0.02679813516918794,0.16966044693723334,-0.0056586764002537655,-0.4363638636125988,-0.1337219690110138,0.4638816842689891,-0.4627765550057522,0.4091542932702366,-0.4658478355208191,0.7030036639421087,0.12255904095633788,-0.545801285384168,-0.4206915530322258,-1.1240655436577232,-0.30746941249832815,0.09806245978352435,-0.12027421622074139,0.2523464218437908,-0.7778664476655812,0.13335032421076146,-0.46918621734497407,-0.22532755249209446,-0.11494827504537534,-0.12879477363497221,1.125409289446863,0.1665621377091317,-0.16880953605771137,-0.6216741551667238,0.15816340907616022,0.17855811200145352,0.8800593048646732,-0.025512574052021522,0.08371799974694187,0.2266983521599174,0.5937644692531248,-0.305071066254878,0.7000304552622918,-0.3840693467401339,-0.4198933540525418,0.6353370903246256,-0.6396885529856375,-0.2027607540109738,0.8197667770398308,-0.5339682591682385,0.17144541672595406,0.6925285439579885,-0.9185654009107337
-1.068404884406983,1.6530557966062842,2.0932196984011586,1.4043678457284807,0.4549705228437531,0.7415295961204525,0.6769610222897375,-0.33650474189592244,-0.057884065030261146,-0.5195497156035901,-0.06058434668619027,-0.7385023211849401,-0.07675437563585864,-0.15765043588055808,0.017968407490906727,-0.6292263834836705,-0.2623473512713272,0.20226772226581918,-0.34702918841985125,-0.7295599344375804,-0.1329616104524148,-0.3516938729353897,0.17220023889542957,0.24761446234148798,0.08899869495454105,-0.13541578021518985,-0.802116057042744,-0.5498757965423797,0.039893354739407326,0.6656487914636325,0.36468029040305355,-0.7701944446069926,-0.12469484473190148,-0.33832566627247024,0.007373600107062349,0.09656069783661929,-0.7866384712020889,0.07065758324834837,-0.2562296387526801,0.8137064314969977,0.3731203815395495,0.14121060916733202,-0.049540066309079624,-0.12917125231290005,0.2598609353605589,0.5918362983873062,0.10270965073271827,-0.3069573870249332,-0.003417414016483958,0.30485110550568917,-0.5817473531138111,-0.03621722196052165,0.7604665731071814,0.11171614752525243,-0.21476330979994832,-0.43505351404293374,-0.7630387771644107,-0.20792465335714402,-0.06781564689078601,0.07209391373459781,-0.51094467447558,-0.11100205230568495,-0.07736389763887053,-0.214810188192758,-0.15913504653542485,-0.5895810849429746,-0.3294176117645303,-0.3669774360120675,-0.8988202015069203,0.4267622791096727,-0.6475890707002773,-0.13936816227423934,0.1436207682899505,-0.05238776664323036,0.2791135469687669,0.4123738910716213,-0.16045906875956134,-0.6114889430593581,0.09457506023910914,0.4645746392350436,-0.5051370070321652,0.03828627593171033,-0.8566003946234272,0.24686742472419998,-0.07686939695315417,-0.044052444139749604,-0.688833663977704,0.5461758723180251,-0.08849881605354358,-0.2604211182364778,-0.14151677188547454,0.7549634332888407,0.9332997138950153,-0.09842163002058568,0.8665348246892874,0.36505834990906694,0.007535802526006194,-0.02745582110470274,0.055694926667992556,-0.24699005229072563
-2.3178946900976434,1.6157192847492698,3.8839850455197027,-0.7865188292933251,2.444856911876175,-0.21206378870538886,-0.3007719515529158,0.01812143130443362,0.20647093487965654,-0.21859818886950053,0.7090214164837811,-0.20457505422773986,0.2684843261909129,-0.5547836804829557,0.1306849536401524,-0.5071505510423939,0.24543863076257888,0.3538349671754788,-0.4084776229520972,0.0820945963921101,-0.6397117542933991,-0.2344094435723311,-0.5380299929718081,-0.3234172819129681,0.5639478485653782,-0.4534275335822337,-0.3936708504953641,-0.4940188327640183,0.9103698487551043,0.2552342728133753,0.9482077851187191,-0.8713781979326382,-0.345108884336854,-0.6715454017126944,0.5551770845845024,0.8058239935256918,-0.5514227705673153,-0.279154588616432,0.035423369844904205,0.06535083457647423,-0.8646461692119259,0.6134536724000311,-0.045059928108319054,0.9890278690382119,0.007653520445733101,0.11912601008687822,0.241967515467582,0.6015023909940591,-0.6300302151335843,0.29361063099576595,0.2329667215317547,-0.7497002370182543,-0.056533329489237824,-0.07679089866651952,-0.26321151324680797,0.114159726268702,0.5171827375678144,-0.3006926777473562,0.5163703010968155,-0.27085087468888713,0.1724454657590844,-0.6237157643793909,0.2265666195934825,0.12221346213057639,0.26932542599820786,0.35892897673239194,-0.27212191977214323,-0.31809527817826977,-0.37324350453234256,0.9337952011224393,0.7050744031553539,-0.03978502212908855,-0.23102905029197157,-0.019538542659315983,0.2305239939666845,-0.6165806343224924,0.38119712474259304,-0.15411923719924545,0.5455283823328624,-0.17386038856212604,0.5216315132427253,0.040471670859025595,0.21305508242135893,-0.17809743248453921,0.532879217889229,0.09365744019062812,-0.06546987716140773,-0.16398839112258054,-0.038741289206126885,-0.257130701198079,0.5388066084890323,0.968280032944609,-0.37160285285824135,-0.31943249679920926,0.009691842402531809,-0.2797923189684972,-0.492833279305817,0.12884858784412254,-0.05920449272185823,0.16901442694998525
-0.6567297112914332,1.9524553398442888,-0.5776448930021791,-1.9764157426802793,-1.0032093991048756,0.42766624084686,0.11558466933254187,0.17168354846196826,0.6093059703186754,-0.2873706695266828,0.04290219246480634,-0.4717988200891931,0.2056337931527219,0.5326929957821179,-0.18083235539128834,0.966127632121385,-0.36311155594859995,-0.3893849457167187,-0.018555204029720006,0.69310833719616,0.12274110649065327,-0.07126004544516379,-0.7779284140572698,-0.48247212441935217,0.09964051763292808,-0.08252132141911662,-0.32987928564371316,-0.8823176734560032,-0.04683832488043694,0.7590786265514037,0.02476076954855709,0.2896830507164657,-0.5650674593928783,-0.2400597000217351,-0.8203965113998899,-0.06836172826275982,0.4071990801090678,-0.521098015523299,0.25193021059729775,-0.11223640470261662,0.06887479468741223,0.19718893093507134,0.4933804384248001,0.4377365860200106,-0.9980486851818933,0.9916685293091639,-0.5557156902853168,-0.42549476982757456,0.01825581295237735,0.1380326991163549,0.11561061363749081,-0.7969823502475647,-0.0074717788388807055,0.41876197653998837,0.1671870596204213,0.6975030166848168,0.25492846563152216,-0.2093182680520518,0.2777154210588803,-0.0009018140752643871,-0.32834453461727714,-1.3321025304771241,-0.9184568265500308,0.9478926723295136,-0.1682776200502489,0.41470893186880764,-0.3875093663304033,-0.561494336613869,0.29237816390571064,0.8415993016397298,0.5525800676306775,0.6473357546323064,-0.3008479787569593,-0.3335792608761319,-0.1643815426907463,-0.6646166317409298,0.06587584549256492,-0.08231165235973051,-0.17527990993543946,0.0017867290167301478,-0.17127725151714898,0.024450990705221255,-0.34126576891792526,-0.2539274283109585,-0.16629207286081374,-0.11005310192230701,-0.22106253087501787,-0.15494618933755122,0.10024230068660732,-1.442561063247336,0.18628354632455396,0.3670736091837147,-0.11619357774861581,0.4729928834480196,-0.46104170886868545,0.6388095177189375,-0.0105496884168448,-1.206873736951231,0.051645079560727454,-0.8842490397800488
-1.6054941461764531,1.5822585444145223,-0.5279703092076722,0.5346007250985627,3.385870940991536,-0.34441944018814974,-0.02537260619900946,-0.013184470710729026,-0.39467451002371473,0.03412947909135212,-0.5824899085288462,0.06683874387438572,-0.5183003008154887,0.5081663993299891,0.099823225967137,0.4242801067104383,-0.21737695374522528,-0.21604455301873826,-0.46962690958967385,0.6889460719783317,-0.4651963989944293,-0.4303216081696722,-0.34741267390406994,0.7142724617792967,0.05875102037122395,0.8307286374263679,-0.5777316207256084,-0.08515739101224054,0.16753838911942853,-0.02564106100141336,0.24183987433974177,-0.35539339357206384,-0.621786777666281,-0.21002706481106956,-0.23570583194862293,-0.1272599771344863,0.18055477766510716,-0.15739646357317788,0.15190880797665327,-0.08257207859933936,-0.12585787941484647,-0.12366205916240305,0.30408990519710827,-0.19017725170319602,0.10276757620215109,0.21360475232170184,0.2336261693655972,-0.1211805599801539,0.2457902527897014,0.3027569499735127,0.04440783537219861,-0.407161060466398,0.8155901766495908,0.053824182590007014,0.12309854744072041,0.3536585981271045,0.13320848525420598,0.44602800413744864,0.38240033808248713,0.7083976968523945,-0.593506472218717,0.41455511714814974,-0.2072027878982097,-0.19906692542010673,-0.23627748862208942,0.42133559586785974,0.7063915613420079,0.2274067503088542,0.11867998300705816,0.02751967452006917,0.6791462144021826,0.008774594679641477,-0.02970536075437294,-0.6570810817862629,-0.4314280852990613,-0.1253830901912222,0.005328945533931984,-0.6887094451753492,0.29462053011732003,0.6306284227500708,0.36121061508125374,0.3276306075332572,-0.396622345096961,-0.046492832505691625,0.7127746814762431,-0.23738085612580787,0.8380879608977121,-0.5031300605345383,0.9751867427723816,0.6055788792409728,0.5620201624768625,-0.7458412034985283,0.5748921726482055,-0.12929903465795287,-0.07868606968721903,-0.3502603105407556,0.1729605051804095,0.42756618949159425,-0.4198722685709517,-0.35252734576900097
1.0714480088785754,1.1126861032124404,0.5599324452646959,3.1877449408080065,0.6507803284546723,-0.8177606789162355,-0.005008092028866495,-0.019853801518529474,-0.36121024779327926,-0.41755580282045157,0.3414050697839889,-0.3509818666958959,0.36711226054445184,0.2993927241646588,0.1760134033120108,-0.2674176486076343,0.022636416973289362,-0.28177619877228804,-0.12893672832850822,0.49085263222579933,0.08757269977681131,0.4843307162608536,0.5848582147708858,0.12563214577204326,0.05872919552382003,0.30192766855599656,-0.1736862422619854,0.8804174530890176,-0.9660246003681953,-0.0236674886124181,-0.5984328136720691,-0.4013745547315107,0.004391275623034886,-0.040197225553503656,-0.005576521459224003,0.45523973968429715,0.8129047087261102,-0.7887535501858416,0.548640954842429,0.03011280996050468,0.4309675465585532,0.6759709672940281,0.3068673247209905,-0.6632093024789992,0.005567726128984479,-0.09979641585727052,0.27723951580792267,-0.5443351063010223,-0.13211659515094965,0.5703723906815217,-0.009925159858706416,0.19007525093035435,-0.15711668131393902,-0.4771596513014913,-0.5439381674147259,0.3564078503584605,0.4526738523431097,0.31608655314624595,0.06513577903556225,-0.760955320155378,0.6020460860013708,-0.3477488599753589,-0.02485113888157425,-0.4287475273696612,0.4766402184888457,0.44685039644033314,0.06998709650449425,-0.31848407100085724,0.42570843796129676,0.1693282041082519,0.6199530763602635,0.311529048884251,0.9045683572735195,0.26707598611325406,-0.13466146199736403,-0.002755608857734013,-0.11731086180660737,0.0660254003656121,0.3763149575556829,-0.4914036528869418,1.4549631277370594,0.7827980159652254,-0.6112885387227183,-0.26040889212879836,-0.13253573855637782,0.21487487923065424,0.11752498015981488,0.31653983450089035,0.3882131224737848,-0.2996536191009027,-0.020222942024515342,0.0352607748179371,-0.5337559329993442,0.3535279723176864,-0.20202915829476678,-0.8860745480304909,0.10541827393640464,-0.4597168318106514,-0.32727835749193607,-0.8063482881438359
-1.6590090159220323,0.21198912169359946,-0.806443412660499,-1.55110693792144,-1.7688607089875095,-0.10325940197102028,0.1297266143322115,0.09643592693953437,-0.267324100119574,-0.37130102052455977,-0.5971040174161022,0.1678358294473665,-0.24243023208191788,-0.0874221115618722,0.2841306412093826,-0.4935001902600171,-0.27898233250345594,0.2820402643239433,0.015334559456747346,-0.6706316908452321,0.48798360102887584,0.6405054428262883,-0.77278111600931,-0.1452649998775085,0.003617145801865828,0.304152572529025,0.19832585104811098,0.3194411732112395,0.3804140435752325,-0.39136426669858215,-0.07649536164173168,-0.2525608756085618,0.16280852494112244,-0.32650171115624005,-0.18404489357646706,0.7746865284965351,-0.19990938134516759,-0.31523497413113116,-0.3075614240188942,-0.5138571701852493,0.7777036585015814,0.453735429796079,0.5066008291262664,-0.1644497507709832,-0.16634022888318667,-0.3359204235217728,-0.09809373179664836,0.2742553717913828,0.25772967679047626,-0.20833477400554185,-0.15837900823833098,-0.8778267009689706,-0.6126918918374409,0.74057620810882,-0.7696152273771891,0.04460271224828508,-0.8298882828375337,0.6835857337191927,-0.35084736121311105,0.6872050674767457,-0.5013366158021766,0.046762988329375234,0.09030320664704447,-0.17694251168699063,-0.2817994456778416,-0.3680288775740345,-0.36586643617936765,0.6366546296811992,0.013247899391510479,1.110334779070464,0.5460414754056987,0.08285194246538419,0.01184399058468521,0.989214896230906,-0.3255089765884694,0.179922640390026,-0.08885895710494214,0.09544917685538147,0.5156130252672768,0.6505945625036047,0.623285391655219,-0.1298951276352968,-0.6291262272919884,0.1612672306956182,0.37701577537312925,0.45997815914072004,0.42194481349158164,-0.1263979861573749,0.053930483896880946,0.1686403283069939,-0.3407675376840599,-0.9078352284305025,0.4993654002039456,1.6942127100123099,-0.3757969713079828,-0.27528549955983156,0.5013395932569735,0.13291155233800087,-0.006236115118963378,0.3774135474844856
0.8623878187182268,1.5199129356595023,-2.67456834984154,-0.11385277548248757,-0.4693547019335959,-0.8684318390456782,0.4833067648856367,0.6149848428674535,0.632634204238917,0.21054606815404056,0.1285876419465262,-0.8171423981333742,0.0041531255270927225,-0.25278116583019455,-0.0502584748164885,0.9126130121556671,-0.38551365361926226,-0.4813447638928369,0.93360145201373,-0.018559818550237122,0.23709152795869107,-0.5662352096056527,-0.22559449700513717,0.14758078185570944,0.16762788099175222,-0.21546676050286012,-0.10335292420704771,0.4010363293214236,0.018025878644171874,0.15467079829932887,-0.552350599716568,0.11743854768284437,-0.9206004299331335,-0.5909455427860253,0.18017743600513111,1.468985509539021,0.5908324688854796,-0.29448840170613716,-0.044731287064390515,-0.31959948951534434,0.5039104882244184,0.4188227685555708,0.08327408974886699,0.11013504849928953,-0.4904184371492938,0.48926362428896286,-0.5035849013546415,-0.6894737362484717,-0.5001569220793354,-0.19801580555332363,0.6017386985547418,-0.7901993182113538,-0.4749333299595347,-0.06433822151699707,-0.14378283112281137,0.2456292806992185,-0.22445527718684213,0.10441813915349693,0.501197672131402,0.4321447592631569,-0.7265689356966564,-0.40452074179806,0.05468194143003984,0.6377070295948227,-0.0030167622288350096,0.2846373020830594,-0.4158077618321894,-0.4318190256024148,-0.09527953850322257,-0.19059149461131156,0.47507221162029517,0.23139860209157426,-0.2388234622334978,0.5406847874752637,0.5959527047952629,0.01880159291875799,0.1467131961708224,0.22445992299663464,0.7190035078314485,0.47064016783153045,0.9648641342194765,-0.024126523155830564,-0.20298322387631199,0.8572450245235103,-0.45215727813438267,-0.13236875513887603,0.07207203029921236,-0.3943692323454785,0.7920804469649793,-0.8774269743196738,-0.6667672752824558,-0.4693030062921716,0.24477661501175554,0.02060209892874391,0.5265176807842032,0.6981428520363283,-0.22147399773156093,-0.5119736802198422,0.10440072674378859,0.14446345595129298
0.8322003381450043,2.329005345984934,1.3438239622338066,0.853206166039912,-2.9691942761207484,-0.4494313030732444,0.03841956622172725,0.06621129206822733,-0.07391546616059576,-0.14519168569295085,-0.3231182374902026,0.036138024675422716,0.8907579227793758,0.5233486128221332,-0.34200783687398933,-0.3218651358121733,-0.3219509449835165,0.4947171559532766,-0.13179524482357016,0.05245254023158057,0.24488670597921086,0.14470595418710996,-0.30955868707790124,-0.16230944492612923,0.24726352770743013,0.1646039439076888,0.5116587188679934,0.02304783938988919,-0.41797459889163013,-0.7738168312843534,-0.1001618077187633,-0.5162662061285795,0.15726403122953458,-0.35879590761319097,0.19780006284683171,0.13673552963302446,-0.3564135830643638,0.6132509801281137,-0.036858022192060275,-0.14232204284865266,-0.7421928623760119,-0.23281773691415117,-0.6533471678514607,0.8586204697263907,0.4039356883984639,0.10420478611007451,0.33027678396728183,-0.08150785305452858,-0.3182856715297891,-0.07587162645604836,-0.12421903793515471,0.01925482296291302,-0.9260660420088892,0.1831294727109619,-0.42240807240166073,0.4534617619600919,-0.11949914024308182,1.0675113889516883,0.10448457852186205,-0.07732558182494371,-0.13827525203876317,0.05378474079506785,-0.3278015986581208,0.7237649660062654,0.7105982375152917,0.5089638734974844,-0.7355404338639677,-0.5161291289391804,0.026416045374196586,-0.20450518057860972,0.08016928690064974,0.7094388391816573,1.0129969871028122,0.24759581075167797,-0.3093437384549453,-0.6223576742755017,-0.2582048293049826,-0.04068388050480647,-0.9188112284272246,0.27114749102741864,0.14434068964834346,-0.7043397363424191,-1.0941604357758636,-0.538818058301063,0.611226393404227,-0.0308851014449709,-0.09970101802775772,0.8401910834086705,-0.23754349899884827,-1.014320947529461,-0.5307909072284553,-0.3448735048276667,-0.5333118760243819,-0.367212596512243,0.5826635574208835,0.5767973199466577,-0.4180650780894582,0.5672707063050052,-0.579315664407092,0.20808561677228732
0.4194923463983589,1.612164462772991,-0.21204001615890533,-4.333465076727364,-1.289707395944537,-0.3028638220120765,0.3328838538706861,0.22990009156307034,0.12351643397478769,-0.01151190125765449,0.1221654041452965,-0.25020190018879307,-0.03865538465290489,-0.20313208979499464,-0.06389999930221688,-0.1693010870918548,0.6105679099906172,0.45385975671491635,-0.8258099851535585,0.7365388200638875,0.34518376784476523,-0.5666430956985481,-0.06920615084410345,-0.026319075262713806,0.252807584514434,0.44807136532584685,0.4290552403427526,-0.35791919752306744,0.36174130766379803,-0.6741411385508896,-0.16652921863232256,0.6348066822349289,0.2869004556493198,0.3521641690257034,1.0847349119372325,0.5240975517408227,0.4684189177431123,-0.1542161995173233,-0.11933424912737074,0.30554567973536184,0.7869929519526867,-0.09413339665015355,0.060797315286536584,-0.4820110021098369,0.16093514052670363,0.48582095020775656,-0.7875601851777441,0.32671924671673935,0.34739376117916765,0.7476526792260824,0.0629357245519139,-0.19860846588052608,-0.561265623374383,-0.219602050972233,1.0348708842047907,-0.11567161544918825,0.18841793057863684,-0.16898146173778525,-0.43839327575311093,-1.141593705011619,-0.6549656431440335,0.8000667845618227,0.21046588457850954,-0.6422101167065006,0.2874641169824908,0.7157898114078745,-0.16051232804677038,-0.41375749604561607,-0.5867713409728581,-0.017174177743977587,0.35238836023512987,0.3509554618263293,-0.7048301854042135,-0.33266981525379924,-0.14275505440924066,-0.8081467831717425,-0.4187146752817316,-0.5580840388147696,0.20611921219252194,-0.15729419048505044,-0.1808882094113995,-0.5712162049348497,0.5597868940929845,-0.05151415041956843,0.6935397937168402,-0.062111291066285906,0.780840519121023,0.31272429334694163,0.07558662070657578,-0.3249073462735494,0.8504859888453441,0.8535653376377639,0.12590468469364777,-0.20170730415998117,0.2330999545139347,-0.22793891112874423,0.3317154845024761,-0.25522566628096266,0.2069071079109223,0.6737802897127658
-2.121037995541188,0.4840674095859071,-0.41530205896372174,-0.49773058555250554,-2.176995224995039,-0.055862232610486624,0.2221921440718752,-0.2293854908374763,-0.19027290613469386,0.10018213374590162,-0.2111901647568341,0.7915573640268294,-0.4911115211401929,0.1069845862632084,-0.25706166253229235,0.30166453507242874,-0.6610235874591007,-0.009888845747525786,-0.16186012659546936,0.35477228243963455,0.1858505163062352,0.08828460939876837,0.0225011757455779,0.223706471213436,0.17313811688619926,-0.49796658986318065,0.07181797136246164,-0.24622455899553028,-0.24108724475174273,0.36353352652623805,-0.21461133978370875,-0.6137552755431224,0.539747643730865,-0.758869230144391,-0.6142781297989472,0.5089837180815769,-0.06824862360508543,-0.45330151335935803,-0.4118791432100769,0.3723466387386341,0.0602826259710954,-0.7443177909608261,0.679049403169248,0.35968042897440816,0.35844182216947773,0.6475384576599058,-0.39715248673848713,0.8056318581690266,-0.878768027898627,-0.6035520379078776,0.153293986048295,-0.4020100810545964,-0.23514994871481476,-0.16050531729689138,-0.2116669281974087,0.24409439429186966,-0.7813239828414206,-0.1752262186570349,0.18809183221824308,0.6247736357244619,0.11995718439362733,0.5567022661691139,-0.6042104705418354,-0.013510057576402095,0.8438569391601088,-0.6565001696592392,-0.5272705859932416,0.4815729732956212,-0.3792679202393517,-0.07619320739407233,0.6722292193260805,-0.1132528119111255,0.18767914154750645,-0.47102836414399285,0.11485008824338071,0.4325113957247979,0.4268075650894108,0.6898871442021633,-0.22977278653320182,-0.3965032077366822,0.042268070653613966,-0.04730685492021489,-0.3258223583085644,-0.343074968598737,0.22236979037150395,-0.10271110814696305,0.22932642406766945,0.06618127586456013,-0.24348746159815862,0.31502482889092137,-0.03068696590946341,-0.8112392484940869,0.18399260098985523,-0.4593837331286744,-0.11166662236681102,0.2764507979114293,-0.5337146960888417,-0.8260283641494593,0.08301834443793986,-0.40189079541814643
2.1290997225324317,2.6609791129078197,-1.1677030765181486,-1.6189114676349345,0.802105299514038,0.15082866614164983,0.3964992582531325,0.26397315201435056,0.2570372486256319,-0.18345250555563222,0.22415063877771785,-0.042184796677374924,0.4499969902317173,-0.6305274022780315,0.11663056349949541,-0.19169133206870265,0.09569248478935652,0.3108379597409233,0.26288491548104764,0.1402120188463311,0.8349393556586878,0.5996157702443125,-0.7347851073502214,-0.019919698560613715,0.37847401533894814,-0.9298666576263608,-0.16458031466085626,-0.11248568050532322,0.24403299505671897,0.28032811238249206,0.0704096863077217,0.43515035497362003,0.0896930581883007,0.16722372653470535,-0.11454677451767345,-0.17106987194277196,1.139325648838831,-0.16741875134504483,-0.530339005732777,-0.01632115076659321,0.1560464303837233,0.06495372370724493,-0.3969343956848624,-0.1713892480111736,-0.2899062729282627,0.6091316151226249,0.4803707190266763,-0.30299703145008844,0.787821564458507,-0.4247694606990971,0.58272023803008,0.3182950293417136,0.5230103886996592,0.12416566362257174,0.4113882665117703,-0.10857440173822125,-0.3653888469696162,0.334889187506343,-0.5763226993847674,-0.4486741963540708,-0.27409965640267314,-0.8413800206606966,0.8980923520059166,-0.7796131308018998,0.5473934484939259,0.5429468550496082,0.3799040917982664,-0.191865460427776,0.148870849135571,1.330344733355926,-0.7779094678955327,-1.1985824162688454,0.2628009563263144,-0.1438432121630515,-0.09874293470151442,-0.9650803787616495,0.001428338077955091,0.1591118131531573,0.29372113696658997,-0.37392325161496837,-0.06308495713054064,0.07011600362524319,0.15752826122260646,-1.0712625059933114,0.13285634715263295,0.04279354438906882,-0.7272473795080427,-0.35847588476147446,-0.8728066556492644,0.8312305596584636,0.07957775911049293,0.5636561836097551,-0.22467295311988172,-0.7141124644637854,-0.49111349527278436,-0.4566627443293222,0.0653735308369768,0.13802286771295905,0.25218602488397646,0.21567799331557375
3.010095042079379,4.242398528371307,-0.19961252754729242,1.0420915706542633,-2.4315030585747546,0.16359420887490828,-0.09782122439260355,-0.22064545627937687,-0.1400320665012535,0.2510469801048862,0.2946062754485674,-0.1977292039387713,0.8163765689374849,-0.04871556422757414,0.5442611918481706,-0.023242366166187505,-0.15788062136351338,0.6755966425330052,0.36676390344308557,0.7466396659654575,0.4011475080458179,-0.5289992742895215,0.41086222029141095,0.5089943789084637,-0.23804720853394642,-0.4639717513831343,0.025082150965580786,0.02653586077633164,0.5432424217346126,-0.3841457223489843,-0.575762341082385,-0.5022781685892895,0.429572511470303,0.06810121746356215,-0.33488769946521507,0.6329433763453085,-0.8980761341016474,-0.07290175142320646,0.3473617536630496,-0.09062404623879204,0.243888317019709,0.08158126999000986,0.2117384576585483,-0.16357772150801894,-0.0637544156231652,0.3552553929246744,0.05128716718597018,-0.20553686143013455,-0.5911116951280263,0.28006021769912426,-0.1523418247764373,-0.4008665211458671,-0.8173093262867357,-0.19250837399684856,0.7107029745084582,-0.2572340278176753,0.10349240221510565,0.17390547239636495,-0.13177223365596455,0.28576524490894417,0.2994992551527488,0.17750128249833222,0.18870510350828146,-0.2961398446281991,-0.1743150031269649,-0.20459593674506918,-0.23574759668495046,-1.3411171343248298,1.0973427444547748,-0.31283382509214774,-0.26618208504624563,0.4731176075230228,0.04866746139593541,0.3981372988120133,-0.18157161107967795,0.3537193750401178,-0.1054134943843385,0.261430124266607,0.24632925465896327,-0.09321702988647572,-0.0073907138518888435,-0.041185793456648336,-0.3859852248906857,-0.6216868328132039,0.24751864042746305,0.09389730293740506,-0.2158204977129404,-0.32451733874273125,-0.18336834667025723,-0.16217999238873118,-0.3751278881219279,0.1692882668905493,-0.3195043175301379,-0.25610206205031305,-0.11627748264298055,-0.023849431805674608,0.1244620247061061,0.5072916222279213,0.21021260012264043,0.9994552478069473
-2.49583478423812,-1.3819456489377386,-2.3793874078120663,-1.1735104005428527,-0.9060349165940336,0.38284092325680735,-0.2558321322568047,0.5876317999044367,0.18008245123325278,0.24607616855076264,-0.6675795444080811,-0.22395623476762624,-0.25973580093869564,-0.1401105726583877,0.1403079847483056,-0.03295501013764866,-0.03473575379194125,-0.0330280258065352,0.13645039729831301,0.8211974481109976,-0.8025486860458311,0.0015818624125853544,-0.4582002073954947,-0.05896545188417846,0.7970940601148256,0.4719714818205408,1.0082707670936724,-0.003510564058824842,-0.10892217425432318,0.0317397448992124,0.5140165512444899,0.473636968433134,-0.19599979619032495,-0.5117512911451904,-0.19595719150845148,-0.7905356867747713,0.5407873848261101,-0.6553053134215266,-0.21355982052969047,-0.032167448460582566,-0.13189988899640542,-0.26742957318896055,-0.2721318310693607,0.09618295351139634,0.3517388024491976,0.4377115970189582,0.13921812379751508,-0.3033297722995682,-0.0245932200039876,0.13346276370998167,0.34807534448327276,-0.6782023819404654,-0.19777264672872824,0.38996987616079754,0.019917276822273677,0.1557379985078367,-0.2536204791421634,0.39412601167430883,-0.7719729288122181,-0.019592726939790264,-0.4853410880370896,0.035621983484836015,-0.5151691731115783,0.4733780513624478,-0.2750501990433475,0.31922085722932164,-0.7982313879335743,0.776501822915549,-0.46805203772630327,-0.3993995701619541,0.021944271535816347,-0.3788591088965583,-0.1727125766770012,0.567700573667282,-0.1941390566076826,0.13399739978902941,-0.6870814854619928,0.08253648347892584,0.5017818254328682,0.7373790495685121,0.2251332866707073,-0.44943531126053193,-0.22054306714696395,-0.19474280630863502,0.239957337665515,0.0867944567209681,0.44922217138619963,-0.3907950285941592,-0.4385111487313112,-0.277392209355624,0.08386122912514399,-0.6995522487280776,-0.21959376796562485,-0.30447114932754593,0.6013259051894607,-0.32924580352431077,-0.14117552519328777,-0.1094121186892848,-0.4319495877724608,-0.7131734816020614
1.3879320705966371,1.1523939757134474,2.867112220819743,0.01827665681871428,1.2059632683634371,0.3390526328873421,0.2959084726607986,0.8247642576046693,0.23904758549421018,-0.17767565293239482,0.2656218835274306,-0.6857060162415505,0.4549719468305161,-0.45214720813148995,-0.5236438089210416,0.5286820134230913,-0.3501011368612994,0.10576995440557432,0.6407218504675495,0.3218435170954406,-0.3789450355631265,0.40841909382221026,-0.027456074320601064,0.7845061969001418,0.47208967686926345,-0.20181615054796667,0.3732076418096994,-0.9275625611053173,0.6180640825534691,0.8981012421589856,-0.40578506217967286,-0.28715159521144606,-0.0635274358011478,-0.350930094905466,0.38557397422940776,-0.23688041330569287,-0.7143183973114615,-0.8341655586415236,0.2820241499916857,-0.0963548672173015,-0.09136587208081251,-0.09205214784734705,0.20413693007363523,0.23658197013132845,-0.45823252399614445,0.03900395934594152,-0.9500590217215641,-0.1522399149074047,0.007089034433679622,-0.7014019734575506,0.6466846828974817,-0.40258970021337653,0.4179548003717149,-0.3020354082823101,-0.31031971724086754,-0.2980318608268443,0.05353731943311404,-0.43725357438681134,-0.16092869810205662,-0.5487341232001832,-0.9451601844219533,-0.48761904689827923,0.15023112016114937,0.06290690287165976,-0.5691367088146821,0.33536862716947935,0.3413889684773081,0.37161544680874875,-0.17208364528607667,-0.33375297476185184,-0.04457123430860865,-0.2313460300343051,-0.5539985512341133,0.6895521560301289,0.38343620530627986,0.6529117850099684,0.2849334829322416,-0.12974445916956198,-0.49121741947824493,-0.33417569925479507,0.6299138817471348,-0.005810845111915653,0.284731786612625,0.0013066792765077293,-0.4119852592571043,-0.2636112030066372,0.6077683551907925,-0.4739110443519227,-0.3733979174141652,-0.23646597613714315,0.17869946885695073,0.6014769925357702,0.508997460772705,-0.8053056882362131,-0.02896614940399473,-0.0927196129054892,-0.01064123794015023,-0.2952734780476036,0.3649162673945965,-0.32787307410745803
4.100142371157092,2.3571650339620285,-0.08023522639480318,-0.06762093212105971,2.2360975810492545,0.5566556813584419,-0.04735871835760213,-0.682161406645894,0.495472328952529,-0.47330833374719655,-0.15046316021684836,-0.07641571986252091,0.0340014652251954,-0.07162897233731978,0.15460675410489658,0.7301771123063027,-0.15845748789041111,0.22780292258518303,-0.17891480368409682,0.7678276800305402,-0.22189140476616875,0.5243262671227747,0.3905110856535936,0.27849635500254133,0.43659406302509934,0.4637779118487593,0.11717324782006433,-0.557621752547436,-0.0306024175076327,0.5081165052715516,-0.7333478213968124,-0.9030051125973713,0.21251116695644812,-0.2876038560449413,0.32986997160782766,0.13419157017790223,0.24356353239072098,-0.5534421927023284,-0.04481719929846055,0.3978826224173495,0.43285584013350975,0.4209644118971501,-0.22916143618827595,-0.2867812858773264,0.05674734833158404,-0.3335185192191323,-0.09368625566239008,-0.43878086366543545,0.0736071149528934,-0.513830936621673,-0.06578869870910121,-0.006663898954932227,0.2593488623681531,-0.09059672700208592,-0.25062951057908234,-0.2520988590858772,-0.2826495081636364,-0.17807210346989003,-0.07090536288900304,0.2614422796529415,0.6460005444110131,0.1131883848732605,-0.19860266679245617,-0.5723664432221944,0.2645093013640088,1.2107891220992846,0.05965737028285845,0.6558362133921039,0.7295880557366735,-0.24533305555819584,-0.006099287559370653,-0.3781797668365067,-0.5689325798656524,-0.12952289068444398,-0.7172083410749339,-0.4201216711379653,0.1926369644572594,0.6217844738419811,0.336680010016801,-0.43262799979081235,-0.6649852143229839,0.08771815591572246,0.3821296724939632,0.20415089590312252,0.7213198624224127,-0.04824748870156271,0.5130576413528646,0.8047544952005329,-0.0876189184957361,-0.2021999426542093,-0.008746861914474924,0.20750816634719732,0.1298487772204515,0.8677864486333043,-0.5882173116918167,-0.3388978819520969,-0.7372341143941166,-0.1846802894941074,0.35437237851542075,0.16387794918179086
-0.37013998980956286,-3.1556420779908043,0.6376129971950881,1.757826055974077,-1.2407415758893467,-0.25100157305905546,-0.5578491219338916,-0.11065075085610031,-0.06926371582722586,0.01766644411056654,-0.29455397860389326,0.10632179591394382,0.043467511685451446,0.24969759104140796,0.8313048041616006,0.5063127433815061,-0.8721863294794295,0.1641002881901729,0.4855916222677078,0.44942967614939,-0.35588604921834505,-0.8820608273188643,-0.6156721150125084,0.4897224390067722,-0.6186723834744893,0.2118033791699675,-0.14051295211367634,-0.1959170223866354,-0.65290575844162,-0.40773552997504053,0.2100192301356188,-0.1981772107860472,0.15647097681268565,0.36502766299977574,0.4180909482699956,-0.52446483833814,0.04511355593814665,-0.36106837407010617,0.08356872118315387,-0.2725226639109838,0.05699856869039062,0.22765546943054632,0.013196284000160841,1.0137758663618588,-0.2830672360544376,-0.20462769433065425,-0.8437313253485862,0.159253388497465,0.03810699607633343,-0.01128098152831449,-0.2694170852414831,0.8860531984288429,-0.4732094095589582,0.09419958412676067,0.07015636249364815,0.031535505789467885,-0.032447444378008006,0.3701313663928291,-0.6729900444866564,0.09944173426119043,-0.31693065557108685,0.22802917992046198,0.6307366207649958,-0.39309631681315255,0.06561165070645338,-0.5049598363896216,0.019664779727275268,-0.467478225441762,-0.17789430293780129,-0.03653667160354261,0.4151760041966995,1.2094799973482107,-0.35553919319547084,-0.08713492766510697,-0.26556788140225535,0.07990792401055195,-0.30515783834636145,-0.12236621519908088,0.5967859280325856,0.6041723211897715,-0.10090664344128741,0.5858286163467201,-0.4070339737169131,0.30053609974026163,-0.5097168210230941,0.046439604742494624,0.6165289758323339,-0.8267583868703907,0.5340006744393612,0.4830964826074631,-0.03823593215936742,-0.4718699176810874,-0.21877626274500717,0.19854915467504944,-0.5158243695559398,-0.3343978685555887,0.526663521282253,-0.23364414154804714,0.6380486833340697,0.24896356292192712
1.2770320296876194,-0.5769088453767587,0.5308782402428056,2.2285310615533582,0.8989490178542617,0.25326488906883465,-0.8161870191422607,0.003738718843411787,0.02992207658847467,-0.1418955191048128,0.029597243166267093,0.17481381059185044,0.031563452075722344,-0.4757391073816453,-0.15720686980509263,-0.45348449710604594,-0.6192881813065935,0.29909537124215413,0.26885504672411914,0.6834645943308044,0.1422448748304654,-0.05143783045714402,-0.2168016524026608,-0.2140523470066579,-0.34068056175464595,-0.09881156058773174,0.18304494993975068,0.20212085799653462,0.7007500581956753,0.15946893286899283,-0.33196975092675135,0.6063632584191716,0.05477948966266156,0.13283942434750334,0.5350460810840756,0.06648031789795401,0.2617023992221763,-0.156048290432493,0.12692791942489912,-0.1040779489378736,-0.4703767399289998,-0.20854057962169875,-0.1841768457311424,0.03190678276396147,1.0719791086619228,0.9761783304428704,-0.37283903094448123,-0.09873218372271542,0.3660667687526122,0.069414117363965,-0.30877837630941557,-0.36125308604667505,-0.6218893230698198,-0.17873330955032615,-0.4592544958792711,0.4426481919487621,-0.564036131172884,0.20739983043197213,-0.415266009689939,-0.2681706768879388,-0.4171879678513943,-0.7540138580891985,0.3754967684920686,0.13229637817084766,0.20861980713661588,-0.25071895454847964,0.27857476555674343,-0.16270316662281203,0.2217748800452304,1.1977560406631318,0.46709791294962777,0.0511225752839427,-0.03548835926030619,-0.2718896237181512,-0.07017218444301931,-0.11917715692351168,-0.008646525936069082,-0.12658116143907946,0.3902284363949614,-0.4298615025877798,0.2903142584479146,-0.32402527087371485,-0.21131352873015946,0.05945432891210571,0.742059552080217,-0.09045611344794417,0.5438601699418044,0.31578550178266995,-0.17682493156340717,0.7440376539031415,0.18416061890282048,-0.4058868564731399,0.1563595875993148,0.7827377975564587,0.2588457638689219,-0.6115307484022849,-0.5781925836292429,0.25980132500239494,0.32779908877638875,0.35425157734875
1.6592840135299638,0.3023491942998139,-1.933211582132771,0.6713830685474212,1.0570940685816403,0.6025431350424455,-0.6777818399884054,0.05300036788457804,0.4045926606025071,0.8802494854750031,-0.46214447567448136,0.08610841892975582,0.5256265557173364,-0.22114349500344116,-0.6092771091695672,0.23495356323745561,0.38509680967336246,-0.19609263270485933,-0.6110558369789288,0.42006091050695227,-0.3359934080488869,0.46290232446110435,-0.29014813207612217,0.3000777856339309,0.2534714765399291,0.30720113162874396,-0.014131260119411182,-0.2038848758319621,-1.0996753824869578,0.4213445727199576,0.4903618649466308,0.6588658848168043,0.6869898622233309,-0.3993643899169033,-0.7697291396692221,-0.2989506731635728,-0.9531540361302614,-0.1986380981816293,0.13091679532158093,0.04451030085656656,0.4554641008690152,0.5203422938454536,0.680756427332085,-0.1302712951776627,0.2472540045685097,0.11555782744742679,0.024024203133691913,-0.13987151759136768,-0.39701239276904393,-0.1876034617032875,1.1815973314706727,-0.7058897894248022,-0.35654442565559835,-0.5519340054467448,0.02341259314824925,0.314204865156467,0.09755192861514299,0.40169902568882426,0.2679839139878598,-0.12819892413598144,-0.528457568177768,0.17304886960895108,0.5246677145630925,-0.6499341838060916,-0.28142469439936824,0.196480152701903,0.19021079342762318,0.3634699867368245,-0.6450458418764419,-0.23170429958099298,-0.5875908218095687,0.06432391232310003,-0.009040714799651203,-0.8087483666604833,-0.21773714299297497,0.5085941939146341,-0.05795542592996962,-0.14576057151314903,0.3231996230225944,-0.23291777442367165,0.6527180118894296,0.15982878614317406,0.4656786409858319,-0.7579374094895132,-0.8826393870758279,0.06454985176259202,0.38656860761872197,0.13285484204922657,-0.21513727225856777,-0.255223947995629,0.46224396215197083,0.026681332088642713,-0.051033723102876564,-0.39288618505591544,0.17247327679039304,0.4558107806743536,0.13952708377341222,-0.1734024981376673,-0.06626058580767909,0.060425513328141424
1.0101495636161506,1.3613370807359495,0.9717022992192913,0.039548234397556184,1.0375338025267016,0.25894581820474777,-0.622211046078043,-0.40541668932876496,-0.22690345965951567,-0.05174681708464877,-0.1454000489894859,0.042171920795991406,-0.31057076797704436,0.6661300167677378,0.6520157591909358,-0.004877515941532627,0.09480568076289206,-0.1488414471951727,0.034184841550644475,0.4866678329678353,0.26318375945663613,-0.5070372856054328,-0.6622393647274576,-0.24843981880853958,-0.0924120369972907,0.0185307661269954,-0.3928164434731808,-0.35733253311241187,-0.018830066148958886,0.005120433877672275,-0.6692210157270688,-0.7209956725770965,0.8289822728181745,-0.501001545219073,0.4410234967323755,-0.09700068385542905,-0.4034723626152942,0.3362584550772053,-0.1049600059630561,-0.32336597731807093,0.048638906081939,0.499612813788578,0.5600244383681371,-0.5335958853013966,-0.8072468625590554,-0.008709407194079578,0.1674688990939183,-0.937022720828828,0.3097734079174977,-0.8898878468506294,0.19964343941376875,0.26825841154086416,-1.0386700570382206,-0.3198261985542704,0.12435398760934538,0.19671186438741406,-0.6665767352243435,-0.1935405597195968,0.2931469333949042,0.024673199823235483,0.4729085945936017,-0.10919706966671112,-0.061131114020970434,-0.040256059024119335,0.07809002475193293,-0.3171506191216631,-0.01495396473030557,-0.028226559118279034,0.09214316083025441,0.8441561620583715,0.6566081762851491,0.013914310090658095,0.37095241259270895,0.42553885586751256,-0.1480325951335577,-0.5956738650762247,-0.4496470287908221,-0.862737527103202,-0.3617497569160931,-0.5647106812573583,-0.11116934949830051,-1.181289222793382,-0.47444997825408364,-0.02565298822425761,0.5604411798416338,0.40753796105569895,0.29139634720136215,0.030734817586038014,0.3822986568156384,-0.21955622719889978,0.12847312072955483,-0.7244494310544141,0.1458607281539503,-0.3571500767614615,0.1998214116712604,0.5355423266339786,-0.03868531846579898,-1.1805764209832128,0.38279811142866427,0.32241121424857005
-1.1810589444894524,-2.5039114736375034,-0.20013423778228856,-0.6876353354227728,-2.954855296805231,-0.026866130695283003,-0.26904284941508466,0.259877469517848,0.6134117398331563,0.2516729928018652,0.7561276927285598,0.3432668429861636,0.3884138557741184,-0.34723352421323017,0.0994878684191652,0.09474593043167642,-0.06438590218780785,0.18622867109802851,0.786979388125649,0.1436070720215077,0.6753466840883627,-0.2914173202955488,0.31784328905202647,-0.06219881911867378,0.14744371846442986,0.36448536231684553,-0.8524107852118317,0.5615719630516556,0.18919220094937148,0.36864618839860847,-0.6174136093251265,-0.32977343465641495,-0.34713793213364286,0.15023332781914603,0.07609564473851345,0.30823946791549167,0.05381603116120363,0.6518998436762631,-0.18901197106009343,0.3939064797228729,-0.06090445626425597,0.2850544723892024,0.49482246019039355,-0.4293254256032227,-0.11214007084795333,-1.0078738030511298,0.0060564981788429175,-0.35710873792174275,0.8764971218045133,0.20875155819934132,-0.045469356199577524,0.4509080384982228,0.5846631702839622,0.8893700081095495,-0.37498733932269085,-0.6566048034947629,-0.5590459129166215,0.4024872699920234,0.18023678164244983,-0.09346147073365745,-0.2137519983403596,-0.08219934492683444,-0.4741886754290567,-0.14338970524253275,0.23709240874343504,0.01327201685941829,-0.1423650075892223,0.055729043983411886,0.5896207454834625,-0.37987334876922335,-0.009357518224689719,0.8167534229903051,-0.03321099844526067,-0.26188757184014744,-0.7057542035573409,0.23036747173026986,0.3635534094504401,-0.5695341458108734,-0.8678118752818714,0.1787216987684096,0.09718524691185335,-0.2005138095468753,-0.3298960474508385,0.8514891887477177,-0.032408723508345526,0.19183159389905097,-0.7005210243140971,0.2863704851492711,-0.09231458962962161,-0.3179428884224607,-0.13621743744785117,0.36112490114624224,0.8512209485280883,-0.6369124158685366,-0.7415488128357155,0.41700601159730616,-0.032226170451960565,-0.457905545769961,-0.6636992339730744,-0.01736256263364357
0.9556155200408101,2.897117711128452,-3.897342810488784,1.6906681893044646,-3.7047769563426587,-0.38315937247276155,0.2802759389991688,-0.057198246409472076,-0.18148845680656261,0.6671898363172198,-0.06976861421447418,0.157191300380714,-1.1735066700260472,-0.28466435145407637,0.15701429429392935,-0.2371917284272759,0.07283213238262844,-0.42884914152034387,0.370515571074851,0.6013782550047436,0.1749058000198515,-0.2656548067857206,-0.18948790704451943,0.4088797084548476,0.5758144497241664,0.5605691095050149,0.10255400490694377,0.006590462512437898,-0.7079765701778028,-0.63969758991761,0.1203473171402172,-0.3192308573205838,0.7497675837266901,0.21555473242518458,-0.06294051864166869,-0.6406967803286449,0.5412822795065121,0.05680711263041767,0.4671949988698642,0.5139436514391386,0.02723491803591576,0.1731089570655545,0.031207251186802967,0.11347092452152174,-0.1865530115309691,0.15169897839113852,0.32525439931198113,0.4028801974432065,-0.19396520494423236,0.24143979148857564,-0.7596415063573134,0.46815609951140075,-0.013263606718333286,0.6443469693167934,-0.4232328570565151,0.37883687732569693,-0.17812498988560727,-0.4838983013099922,1.0473140315224354,0.5693805099043329,1.0765553520602127,0.3310313324140009,-0.14772216588897982,0.39259335404425505,-0.2418866732651423,0.22165917229036178,0.7283453467671533,0.05278024663581021,-0.39966465829434206,-0.7062956299698947,-0.38474184607107415,0.4223360057479171,0.7465448746100275,0.43922797183949974,-0.06144372400777932,-0.06396657464681033,-0.44306256343995637,0.22381008045814368,-0.07088111816564847,0.2941323665037627,0.7456572518523615,-0.10466527782870166,-0.6983369086378236,0.4108198740851038,0.36549445535611536,0.18290084997652578,0.17273310341874756,0.02357182778720737,0.08175760344525568,0.2461231218019395,0.18852170081329425,-0.012253859209933684,-0.10955446538718343,-0.37549249485675545,-0.27384667388147105,-0.16472269156593436,-0.5685505176130521,-0.10327116465651882,-0.16268047692341792,0.583084620177464
2.3884774759378957,-2.2484419937498563,-3.274171346411088,-1.6450335242478684,-0.08602962135136724,0.40448467395070276,0.7078015304789335,0.8566595866408168,0.006606293324163741,-0.07548991678325605,-0.5547584988352078,-0.33906579624388694,-0.33924575828691766,-0.1688969032326432,-0.40224081294978487,0.5277380690825771,0.45545861853162517,-0.2013038942830596,0.07422845291468544,-0.07688929711096887,-0.10697991128873845,-0.7637091170771868,-0.10938571457910466,0.12042966529659525,-0.104592069509366,-0.3701628903583875,0.26211042519537353,-0.44610773659207636,-0.2808975380691298,0.3918249948803033,-0.0027773562552713513,0.5473031648113089,-0.29410628443048553,0.01610618878891244,0.12836176007785607,0.41651256971733597,0.24213823710190763,-1.0808424451919987,-0.1802441080761242,0.2614047361869603,-0.052724754788604056,0.10888657514794581,-0.10811117464139751,-0.221373195689022,0.4774660841913554,0.5108052559776279,1.007766920245769,0.3126395097003592,0.0920637836624832,0.752308670969675,0.3194498300968572,-0.655421376157135,0.7771364810027305,-0.3544395621035016,0.3343131714449044,0.10079970120177631,0.5656856528468595,0.35374744901121336,0.5751505725259182,-0.16856173286535478,-0.5016522520664531,-0.13426917075561765,-0.05712503046809408,0.3424079816218688,-0.2111792476104299,0.06076412710737902,1.0198311817452168,0.37693311345585795,0.18948865067402262,0.3551412049591811,0.8333033215959567,0.3985611936631625,-0.17070283891594132,0.6865499791426237,-0.15072248741965785,0.571303418985545,-0.5943495429100215,-0.4598632862866801,-0.9454254296353488,0.014262745763595704,0.9194503846610029,-0.16151200736795251,-0.34480318926687553,-0.02851195943763771,-0.13558989252651682,0.5089056748835448,0.273815794856222,0.9309852570697077,-0.40807056462130525,-0.337184631638453,-0.4590024478714346,-0.032734572284523276,-0.9459199611353463,0.17129487585417136,0.4050776587958601,0.16156408054075586,0.3299892446133092,-0.01951436922528029,0.06101151914787052,-0.21229234993952628
-1.1651131671925234,3.2180390490663844,1.3157457946835154,0.8404726258588499,0.1230190537797583,0.5281133986875299,0.40563822460208726,-0.0997588532688497,0.11313933059724453,-1.0199432789977585,-0.24709223230945374,-0.33656329530059337,-0.20169483998571802,0.4056339927282748,0.06844636680367705,-0.2791784036290477,0.23562412989281006,-0.01793062469438717,-0.3457062908207075,0.3904711217144234,0.6840807515067139,-0.28815708878239144,0.8405022621324204,0.23280949203790444,0.132937938408296,-0.009553110720614872,0.1969511666748811,-0.04525312420757521,-0.427700322862897,0.44884212018208963,0.21440303371265687,0.5102561749580261,-0.3537086588246117,-0.12231590034937515,0.2975122833165587,-0.025343631698115893,0.5358310775312319,0.09440556024490805,0.4304683214734752,-0.2895579832125218,-0.12989009741078675,-0.5959736785714366,-0.4620131113281499,-0.7631133837442631,0.8110539909341827,-0.07385447804599989,-0.23976651547948832,0.3340162052683492,0.5810571846481001,0.3755852177971311,0.8489239962576419,-0.38497344714235343,-0.2649848983089965,0.32261764989146524,0.5173574293078057,-0.5487872176774125,-0.48383010078809685,0.3441902725314127,-0.5402451156690118,-0.5801120305044446,0.0193330238446241,0.3594166317973913,0.5991015475081067,-0.10759477958761392,0.11597613547659108,-0.29152742242157503,-0.4705559201435333,-0.021702774085768223,-0.40289619326116477,-0.2747358007475046,-0.3718805190162058,0.1176730322039012,-0.4866209642220461,0.6328578272082208,-0.23722696111122402,0.029745152956317862,-0.5580474210342212,0.5646999609804627,0.5259933332979275,0.17250280495965103,0.08017227249518877,-0.07169599570547532,-0.14767250237713167,0.08750320277737249,-0.414107788757651,0.01609378213268604,-0.23205889308386196,0.22398754227939024,0.7119338964496217,0.28868865409920236,-0.41543056674000783,-0.3688348143960203,0.363411143706703,0.3149469038680795,0.2830335745041251,-0.2275897915751472,-0.18644638681478232,0.718518483103459,0.9273586574846527,-0.2956842533612391
0.7795038345379393,-0.1300828651028395,0.25517125405211744,-1.912870497519364,-1.9354529761574921,0.03549297958064586,-0.2805225876706727,0.7055672775136075,-0.19945508291791295,0.07726992719514535,0.016729145363218838,1.1026629376074437,0.4788982403285737,0.029100222426845734,-0.40967997835789377,1.03172570231282,-0.5178387102202106,-0.4015304743153706,-0.49623587262268043,0.7795673307459623,0.26415780920309445,-0.8366721416947412,-0.316179444505594,-0.09450966485246323,-0.6612076201847875,0.2008947044296914,0.46752916874333045,-0.6203653661577496,-0.45465488642160934,0.026926341517067867,0.9484779403391257,-0.5894941064321156,0.2528263473975531,-0.10307139604206661,0.4357510593669696,0.20059933917250877,0.3016044948382234,0.5003208044960886,-0.49241073211683384,-0.6714726143254285,0.3061100496316986,-0.45175816294361615,0.32521964357741157,0.08810114677354583,-0.2476821558162967,-0.697304384544421,0.05322123820196951,0.011254316000297885,0.011019332092651117,0.4376761364994176,0.6956588571939322,0.06811399249164785,0.40315610707334865,-0.028793262091448862,-0.29188851324390414,0.7256415807120001,-0.27909145326840473,0.5944975523744939,-0.41180138300582614,0.011476024408354693,0.10593007878007486,-0.8576529299931367,-0.35318072711663784,-0.9400935260178852,-0.5290161977737708,-0.16575475925108854,0.012535456256861813,0.2349971047622408,-0.5896771302575697,-0.2642227121443693,0.06556821411024763,0.12601142070584093,-0.4046441718309387,-0.5586814600910288,-0.6176643281396709,-0.13699434323718665,-0.0024383506830130395,0.8159729990735446,-0.4159833184967904,-0.5188593302585623,-0.2672870613960408,-0.1334479157735844,-0.4127598315052527,-0.5198452268521435,-0.9201526208815303,-0.9552650515251315,0.07693465038442007,0.014799952693548736,0.3426833400518208,0.19864116835800133,-0.3776502764413079,-0.22081166208302172,0.23949021275711424,-0.22227335764297904,0.9311976513838597,0.3295465133519239,-0.1533196927334698,-0.26444156244423855,0.9283895720180663,0.7174836671586919
-0.5512664115365574,-3.5332912685360784,-0.7443325218159949,-1.4904847438921245,-0.6890155945532482,-0.16846518176480227,-1.004500111412927,0.18249791618066188,0.30159220117623825,-0.2444598122627292,-0.5194022836015051,-1.1170975253273434,0.13463305464361505,0.08985678006794026,0.5049021702189751,-0.25280079222903484,-0.009982204423293164,-0.6286372043573771,0.0015437434047069134,-0.10286677456919657,-0.38473646921424115,-0.14570400704419292,0.3288373038794981,0.6317251502641454,-0.03664436977319592,-0.7065097486765681,0.16772264052742417,0.22011183317868566,0.2407688910279897,0.13505858384818456,0.3410461899362441,0.15335139044127472,-0.4503315890273373,-0.09876712157365436,-0.13623085535426072,-0.5251167906172516,0.35007524802877293,0.36366726815862427,-0.10692537828010831,-0.027780681373226025,-0.37426226907952326,-0.39616968973330896,0.09127539912042393,-0.1908290368302204,0.6863047622773606,-0.12668056658920315,-0.265408971803838,1.1071057583015071,-0.657742461654758,-0.1990321571551153,-0.1026679598814474,-0.43276337559476113,0.1737416704487944,-0.5716456930577722,-0.19253336696527187,0.20914517465198182,0.6392868337637182,0.22377337186480056,-0.1740049710668727,-0.17612807595826632,0.13203263202248267,-0.11976590704798042,-0.2548655049669493,-0.8156551382931002,0.04920769277317654,0.24588821440772482,-0.9137268024669217,-0.30257134923094753,0.07388148362945039,0.3041265079486013,0.24405180342857324,0.5067222134443684,-0.010215458629868633,-0.0140401434357663,-0.3345671587405507,0.23990402773841918,0.5276825483347491,-0.3400640675783069,-0.5302494041145323,0.34959618266186254,1.075495125474123,-0.04084842978733511,-0.6113312415083114,0.31727011743009365,-0.04860275798629522,0.7579218590039325,0.38046987089308004,0.1369468227507656,-0.28115028316868823,0.0787663532777791,0.7119938425532099,-0.2650883299012261,-0.04931279100195839,-0.10895041234574646,-0.6255481810216441,-0.8353014698388146,-0.3601170992260559,0.12870273385000694,-0.3592827326881525,-0.37375385740291545
-1.8392108381415748,-1.9032832133465718,-3.1044350314288787,3.2645594601362133,-0.3238419488547638,0.23948752421473393,0.29558395246903024,0.44154372345155496,0.44130669798116134,-0.3917467133359468,-0.5410728209891171,0.40648758420321396,-0.26926010179283677,-0.571415880832336,-0.04316102923999185,0.3228187503285015,-0.6304757001043401,-0.5694985752309051,-0.503515775882417,-0.18050018214610053,-0.25301799571150746,-0.07364204135805033,0.1468444264212372,-1.2364149211630715,-0.670554513291555,-0.4541674081507103,0.058546598972777794,-0.3606819633348715,-0.5734621663612417,-0.5070442555290202,0.6276772330956409,0.5535883585753861,-0.1987247344069379,-0.29128882842211573,-0.08124189888738148,-0.2827018552676356,-0.1549161119016361,0.27396362814599406,-0.4400236437884931,0.9212086802597587,0.7694486221450365,0.2582531541899334,0.03565595754391988,-0.5528999245613438,0.41918877926492876,0.11476642718938788,0.18202072773453623,0.3814119958776272,0.30477110758940185,0.024689452309328317,-0.6637974174101358,0.37675758107564267,0.25819664158073474,0.19456305368867413,0.6282041148455346,0.4652397105996014,0.31910169322223436,-0.16002723477372446,-0.42353546887584,-0.39186022778715895,-0.13526891517899853,0.21388036799104257,0.3529601247357216,-0.7498243263811407,0.04506142044090407,-0.33443858103904844,-0.36701444549587764,-0.011058427472976664,0.43720118494851146,0.2830774527664572,-0.2560767369157291,0.07708876243791773,-0.3258018130211009,0.44357331848887716,-0.07382171593184361,-0.7144404994437331,-0.5260872766246641,0.1343861547777325,0.5808842465057019,-0.604508177320032,0.21712851459201488,-0.28281972290758645,-0.10388414513103351,0.15600756614600433,0.4941251962876593,-0.8388334708334877,-0.7090467088367195,-0.002296187434590713,0.6125607939447292,0.7049115150189741,-0.19155306876941158,-0.5249024436241586,0.9456288865489988,0.24775267848259944,0.037033253748995236,0.5334691729624236,-0.9395203459489503,-0.029760013997022584,-0.5644789059374566,-0.2968855710082153
