-0.6086186765421128,0.5176783385033992,-0.33828301457376175,0.8747247484002489,-0.916682674870249,0.023527875259397014,-0.22687456475367673,0.27303355614813535,-0.4833417351423163,0.3903339931622364,0.08953387058039287,-0.24321354682618865,0.4135142699799323,-0.270886054659663,0.5952172523595034,-0.05073701333030523,0.02663481441895104,0.6974811072541008,0.8831035345257308,-0.6886519830445489,0.6744275682467202,0.47575378284480957,-1.4883044923487578,-0.12866542069147305,-0.1213070259670569,-0.15238524472367398,0.029261894584686164,-0.15152850059776188,-0.18812069168130244,-0.04387265063725686,0.28078836315725386,0.438681236506205,0.17925981351807055,-0.10743654586716142,-0.006725443009619438,-0.012409813840477922,-0.28614420809153146,0.3072877351474532,0.029971233505885552,-0.16557199249600424,0.3684873708145423,0.5777549440288494,-0.7988605811592266,0.2898984959021307,0.7176284927316944,-0.34683300238510684,-0.2463942758186337,-0.07120014663927679,0.17078831540852699,0.0290621217264689,0.07582307812728999,0.288944139607438,0.1095853908639757,-0.6633536535300028,0.08683995621637025,0.542991676623986,0.5349538039959562,0.3372127174604347,-0.23007522136699632,-0.18768816961525378,0.5909851839572967,0.18348627608033255,0.20166410439115282,-0.6082579116282443,-0.12950393489382309,-0.0638373976009927,0.8260495935948889,0.22272708887856846,0.15500905858244826,-0.7928622424356446,0.8728342801262705,0.08491019557600459,-0.1209011156497486,-0.00858163008977398,-0.3909017050202696,-0.43096119028277985,0.29170952530929967,0.10084720424996199,-0.02843493939146797,0.036488038582150724
-1.2482259579876274,0.5524266384150578,-0.8520700926896542,0.34386469359665073,-0.06900582791437693,0.4648350777255132,-0.44628350699621083,0.16081044145751203,0.2280928745796951,0.2843095442375899,0.08697692011475443,0.13615925512628657,-0.021566407030419427,-0.06398799523371632,0.6179482339398364,-0.5213829366749566,0.0035144105907622893,0.5023354132585965,0.5405788270765858,-0.14278121321487489,-0.7435472966536283,0.0337427664461636,0.3010821988790179,0.1149536444224691,0.4563697636069636,0.13531312657120692,-0.4075274075430076,1.0790740490707236,-0.46744178891819876,0.8835832317871408,-0.7482375198677654,-0.6044305829634761,-0.18363898036197676,-0.3186081098997417,-0.11398933205449659,-0.5604197626264672,-0.8027180249320665,0.2506463506077877,-0.29636545269950126,0.9559271002048134,-0.11988180611690637,-0.3441019540110712,-0.7737809722281335,-0.31566614735386583,-0.2737280826365345,-0.10423276911350214,-0.3953591886386195,0.5102747956978931,0.013732275147986918,0.11463383179959216,-0.40002412799385617,-0.4016052648438614,-0.5235819603096963,0.5103996533186397,-0.03747063647123056,-0.6958241285120486,0.7931441782458828,-0.22941259259492974,-0.11300229675571248,-0.08138308225016788,-0.09311737719236644,-0.7756232389740352,0.5018898576358597,0.358328935460314,-0.5448740564891071,0.6632297539226986,-0.1961509002810832,-0.2770306821114598,-0.7277977053664734,0.6211046893430229,0.35250367106141745,-0.424880750500702,0.33652490927513684,-0.678861942927576,-0.3186769700746874,-0.24910104540004901,0.13957160193061535,0.1328136366396058,0.16125345113580397,0.4122969960247652
1.7309965796504772,-0.9110131831376548,0.42933574382687856,-1.128157867859459,0.9495614953971929,0.16493732044177195,-0.07788813224926633,-0.10510584029777419,0.2380607115060571,1.2996164542066184,-1.0335027248893816,0.33767357915276547,0.7276516516179032,-0.22619977070497604,-0.4914218009047826,0.3873060280700006,0.27632215852248265,-0.6023587590218298,-0.01773508084111414,0.7766715660635646,0.041563057584777054,0.06585534239674518,0.7391988667172544,0.682743472066194,0.15944230488791689,0.7638622205466539,0.18291489238680655,-0.7840493055929362,0.9351863949042424,0.39992735635087273,0.3823854644659247,-0.25025690883235036,0.39034752618305973,0.8158773043326043,0.32519886796266,0.4042679305553942,0.2379067798344361,-0.23127409631810264,-0.2634158005544406,-0.07693768054005944,-0.03874780603248338,-0.3141432416827557,0.6181481474686729,-0.16256312800749098,-0.48933926149044216,0.4204092110159417,-0.10984982223508859,0.22141299308577586,0.7525758488472746,0.48413657840590746,-0.027068550560796732,0.8283936731427879,0.0013497214244284025,-0.24002893285074106,0.2916163669865785,0.5874899850005673,-0.021018473818035514,-0.2619163240215191,0.2845093199014935,0.09162965283912418,-0.06460824332137272,-0.4262700391516204,0.25619741208630453,-0.14812616544891838,0.15565590618347525,0.8775778130771383,0.04467901650808069,-0.7428410336965071,-0.4092564486697985,-0.043178887999236255,0.16056714847943768,0.5727661998772493,-1.0628163841869098,-0.3086638042347514,0.16356215624654585,-0.20979193320495357,0.39117780148979375,-0.09619315432458513,-0.8851646172607899,-0.36966561416613025
0.20570615157236147,0.5202662902453321,0.11259031079508813,-0.2278777456111946,0.3366400265349009,-0.5276361789028158,-0.011073531595447406,0.2689118944733021,-0.5345829781390662,-0.28725889093405377,-0.33318141862777584,1.1085773790292504,0.10324911658290561,0.6187770628169746,-0.549582970032216,-0.06832753552471794,-0.04094997925589137,0.013323787215735638,0.0314489635973035,-0.036521709458053817,-0.034897939723089216,0.30224497542398515,0.07477097080340493,0.2415723312831035,0.5177247749466666,0.1202888221499679,-0.7160808948558991,1.094655527418298,-0.1001064850289528,0.07211020169623145,0.15591456457086153,0.8590445767552117,-0.5401303527971697,0.33279899493204734,0.15528664755144425,0.9583112524486912,0.16843148524959364,-0.6704230114060222,0.20328800453971177,0.1838977170229486,0.1484921541621691,-0.0952096046150635,0.44500696327201483,-0.43487457193600276,-0.4348487369042787,-0.44830638109060533,-0.2529652398937672,-0.37855166926253636,0.6131631224439861,-0.32022711986572067,0.3548944222175757,0.1512746957501399,0.6424541400139588,0.8813471413494346,0.6325896534866924,0.16674404919454971,-0.25138082553844676,-0.0794192646501228,0.17995186089100973,0.21779420923031853,0.046959252462610346,-0.44175767598739873,0.8155328639355394,0.003261188670811079,-0.7877743542664233,1.0358528994928309,0.036630531684803375,-0.4111903352842513,-0.2820756872513077,0.6568192954232841,0.07184431111961552,0.2579944105009846,-0.13342279771946552,0.4549970897672043,-0.4642539921309647,0.2914461894470359,0.05744914172169908,0.6673790742145322,-0.13443007087434727,-0.6462739015309004
0.749087853502344,0.7164798542799646,0.12033283948251641,0.031611111234602085,0.30758079484910417,0.041859595562124444,0.08374277201457725,-0.25646643812962244,-0.21666020333838254,-0.24058456161461617,0.03316198584312495,-0.36228617743606095,0.16734024065988823,0.8172719142254525,0.7683911727972009,-0.26035342383513305,0.1714259888436161,0.3992433504737314,1.2058753412267422,0.8687023502284571,0.5080385086131265,-0.8135847875077032,0.1364844153203007,0.6185150418267457,1.0471895891145504,0.2762647822308058,0.40611686177745926,-0.15455882075920394,0.5701397681618946,-0.24506114892034153,-0.1331233233558912,0.19001358892276424,0.11212098254896426,-0.25971364495307553,-0.19348678224151886,0.03003498717834544,0.8161899390352476,0.050372116176096424,-0.1502263079575231,-0.6054023010630595,0.4289499766866823,0.36481231575975653,0.8918723707239732,-0.06418192458493711,-0.4041802594404551,-0.485385663913889,0.638209065017147,0.40684106806333115,0.4477562437347122,0.16049760254810164,-0.7108339472247525,-0.2815860044757045,0.23176503617120212,-0.2242969581927092,0.14682523537913403,-0.2783378968869501,0.5250654400125888,1.0178344951027827,-0.5055787585359385,0.043378997071736064,0.8596548526764484,-0.5947864476235807,-0.33344117439274684,-0.040326162778342015,-0.5007286274641624,0.2624738217844359,0.2392086571209821,0.0011943571462522682,-0.1491126309868526,0.8620005888131692,-0.7127887384224351,-0.06726052604119469,0.4629036595698978,0.025062814336223958,-0.3666777446060768,-0.49660545405745393,-0.22454466863505962,-0.421081262766374,-0.597579766387053,-0.06009882585714384
0.051014941139562175,-0.17859173132187245,0.5273527065076932,0.5041549905994587,0.7137474642598663,-0.3636666202502281,0.23588437450819072,-0.7031019334855406,0.8131303550960746,0.1944349134537327,0.3870363316645709,-0.0722794674774977,0.04777707014779149,0.17221832948991211,0.11777089063776792,-0.4402248279714781,0.7062684967415909,-0.12801110671910834,0.10182530839597008,-0.3776786823103817,0.3856438851063436,-0.20984555978318087,-0.37623938579967936,0.5342935252662676,-0.4188832760311656,-0.7533225265939406,0.13343381150945052,-0.34494205687130636,-0.10758662953474055,0.4726670701903714,0.3957656786890349,-0.7932553870023366,0.49581523790507853,0.07302641765358524,0.7403621504148513,0.507488676384897,0.5296521085701342,0.6703867923442189,-0.1296569518467932,0.3768811896704864,-0.29095331169191385,-0.13359531372346384,1.020304769197023,-1.121105379876583,0.03458287663844961,-0.5227516945535409,-0.3132742629237607,-0.4714740211054842,0.2331142389709461,-0.2437195150385881,0.028163570509028308,-0.14545028266560472,0.7206711498511,-0.4574903109252299,-0.49279724501348965,0.03079588952254829,0.4165422090504964,0.5249377019460925,0.04996583457764069,-0.8486438093537235,0.684251763180485,0.3584628763977428,0.6824183469129953,-0.12472790313379652,-0.14008032073570142,0.1501827241434192,0.11238198778488497,-0.29008061386427253,0.555984436449177,-0.39962010047188884,0.10054148035902238,-0.2544055380901416,-0.23621738006001303,-0.22758723937291667,-0.756086533128681,0.31438359260902193,0.5660624773188306,-0.08842507395405937,0.07750494351506822,0.3181886206681017
0.6321173604181914,-1.341705465612564,0.9259635523420706,-1.0171100379249758,1.0532623001160926,0.18624773403397787,0.8882046755607078,0.31082491091640835,-0.49863239718582336,0.24061033150544314,-0.2795049528747959,-0.02611843653233504,-0.2585463076908889,0.48403087392239963,0.5178240053085702,0.16821137342028586,-0.6316869406969255,-0.2002997824599376,-0.7123394943439584,-0.7496293284063835,-0.538451706719201,0.34412546961317747,-0.10531103179790521,-0.1962188800677795,0.30412651591851675,0.0013927718283635918,-0.16508034750295839,0.007541270175575486,-0.19761413156183238,0.2671232383734372,-0.44066799288019565,0.38680703405155287,-0.9259348051837324,0.19357373304956713,0.786727643172981,0.10119654637126306,-0.5337512483098255,0.5082131213460545,0.7344041283939792,0.16314610938142599,-0.3932080706903765,-0.0792207571662424,0.4462287473041364,0.341066775734766,-0.061004615124589434,-0.3160777358506335,-0.07792195553901293,0.6293757492095295,-0.34931447926607834,-0.2582589404713282,-0.8768046904316814,0.07016982749524316,0.4654857731274122,0.40731623783428106,-0.4732129940170828,-0.1379896187230499,0.35231722195746495,0.33872876602390367,0.7182099757580165,0.6352845391330456,0.22806174150740974,0.03618870493385143,-0.42738810051888215,0.010921224042659163,-0.009280199106082927,-0.16524711335306785,-0.47995950535579834,-0.023436970399379715,-0.9767213006884079,-0.40647869230959655,0.509151030611551,-1.291890323313138,0.39332073974528675,-0.12795015625617645,0.7742358602887253,0.05776515480817163,-0.30756656149062633,-0.2545186956164042,0.032011523209506614,-0.014388013102062383
0.19763519890770623,-0.6433317689858403,-0.2606766832185672,0.049062964936040315,0.4907945070877017,-0.6262107143480878,0.25639004726567155,-0.5591728108149945,0.8079028205873072,-0.19633220519082387,0.6902227019578695,-0.5694342260215661,-0.06770593170034922,-0.7300399477429386,0.6094440991827469,0.548393167895293,-0.14586629890109676,-0.1922445082775521,0.5341580068556574,-0.09432055946485267,-0.5037192169601324,0.3644645947794983,0.4824524320056372,-0.21974542999557828,-0.18140279215449445,0.691533100151666,-0.23891736228132096,-0.1861856189036292,-0.10928462610799822,-0.551063220130528,0.04011387315736226,0.2671561075393683,0.015321609216852135,0.5950216602422638,-0.0805841832445254,0.07819687242861112,0.38780340981072464,-0.7912721258809895,0.36248162890133045,0.11680570836426464,-0.7920410371728552,0.032754900958219896,0.6140532128148163,-0.12484003994985195,-0.45970057919359725,0.09826105813087557,-0.24044752952632706,-0.4970312061058824,0.20663555962081945,0.45597373169440164,0.7221753712181944,-0.37549961405573257,0.13472315290554449,0.0894994671606456,0.7733671142648826,0.3469548346944707,0.09119118478680012,0.31513591787454714,0.2861032714765531,0.26335052452031854,-0.06761003142847358,-0.8373182551828494,1.1899798617766417,0.22668672507729629,-0.014629104304825067,-0.2809778319970814,0.4106741286722951,-0.3298809417901524,0.6532807426338968,-0.29894131679614677,0.8717762628236875,0.31150223874797234,0.10847088556801557,1.2762502460976757,-0.18048954619125857,-0.31484870473064586,-0.1829815923830073,0.3456517345807004,0.17113317820992105,-0.16312815909722958
-0.7438788953504352,0.012819065580742195,-0.27857773270489034,-0.3562116502726156,-0.37121537744680294,0.4341292299462085,0.4943727092760297,-0.4633850025408083,-0.3978238427911849,0.6881643045128354,0.30191832026425464,0.4150802284411208,-0.45914131911401573,0.9032571561907397,0.3147628833222149,0.23954798840193345,0.32126026931871826,-0.013022290909752609,0.16759035713544057,-0.4917438086440721,0.09688197336830635,-0.07061153132926279,0.4366205208169822,0.0659710676965438,-0.08054693596078889,-0.20102298273038818,0.9118032579938855,0.5464418097950616,-0.0058539059386119455,-0.4856390743117987,-0.47394740761637755,0.36158107083301877,-0.17060086930583743,0.006692652178008895,0.34056045756792747,0.16585349647902586,0.3647524140269759,-0.7551351976186526,-0.4359393130015658,-0.17745221188678761,-0.3753423071955152,0.1489344474086981,0.10348705793265044,-0.3614680105110593,0.37495077464491444,-0.008179717830465429,0.37091804786564636,0.24919188187951039,0.05877880636839923,-0.4884568114026028,0.0035745646003171963,0.41772353797479195,-0.03193049239759424,0.10837220920339163,0.5888602633100569,-0.5051718224794755,0.04515842138294989,-0.4371134844867076,0.07239834623404723,0.2804623125352044,-0.6231019768940778,0.6932020161457533,0.38430995325981393,0.9369718155951566,0.031324015598350484,0.5429220506610736,-0.1960802983126791,0.44531491092703057,0.06917242941795698,0.10079266681122391,-0.11275041876666254,-0.8200568848787978,-0.22515213724435515,0.4731845270889205,-0.25309419803315075,0.18100079544014483,-0.5645650483224007,0.15574101277943656,-0.27356711108581844,-0.1197411758001654
-0.9662522451900285,0.9603249083199381,-1.4227668128193045,1.7624703189260797,-1.4020975917672176,-0.34881368727185924,0.06974090907671453,0.4123831737581721,0.17332186902634938,0.5556527520888136,0.4890245424619877,-0.4130395370618801,0.14646594173385083,-0.20926758476075405,-0.04243985054037816,-0.5416045696585309,0.05300553066140459,-0.7518282966073861,-0.5011529060620965,-0.6853892841092222,0.07751312131182914,0.19874237502922565,-0.03284448599184624,-0.27973437816538954,0.9546505427815662,0.18299111030588305,0.8684042688325154,0.2752140768259316,-0.730510961556659,-0.44415891895551696,0.32085280814826617,-0.680636598936867,0.20238527296824604,0.07138563708537471,0.07354725957396506,0.5117874558103201,0.010963336860565562,-0.5889068247460132,-0.19578981211585847,0.1840528666658152,0.03056226181881063,-0.5351173810982998,-0.14568906149691804,0.2635278881564027,0.43280576768456364,-0.44463260699096946,0.19141129198863685,-0.9019183675794269,-0.4357986814144432,0.36596483619162595,-0.052375769259921726,0.17560151686204611,-0.3465421096573491,-0.5266951502303077,-0.31275920489762477,-0.26595058332198196,0.7763197370745281,0.4460155372170506,0.9044352810077395,0.031741776593637826,0.2713462955798811,0.28003646359883466,0.589561222173318,-1.3035692155004932,-0.12551964442807856,-0.23564554511433713,0.27559201597482297,-0.1665635534083838,0.12708124606891252,-0.0031783108256257025,-0.11033262734159265,0.3116511886665259,0.006045318066251389,-0.17464664492889959,0.23645346273514714,-0.2511117072471689,0.6081768001783304,-0.15211962903240323,-0.21109127446221546,-0.5528940925172366
-0.7972937344765468,1.2081892752720764,-1.5993152390253835,0.6404439773713427,-0.8318769726762631,0.042460465242891786,0.6447112342867531,0.29759543172217884,-0.0975044405144413,0.5842466967357811,0.09662603960723623,-0.058458455021989944,-0.4028145086146481,0.4843295915022862,0.8289388754097434,0.8897380654040485,-0.4295857831216602,-1.6536619098334258,-0.1941799487592474,-0.31609706253792674,-0.6612610675490879,-0.33787204522345715,0.5622595671032267,0.07690609723316534,0.42618194089181577,-0.020093271875954073,0.059363895350687326,0.06190246724853707,-0.09775744640114878,0.58921602017698,0.29955895477927025,-0.09749256369519825,0.29404745276273575,0.825083188278879,-0.48985239165211325,0.2537082370367797,-0.5091164716980828,0.033599561771070534,0.36076524514044994,-0.31449392759372924,0.3568875537487633,-0.9992911034807075,-0.5139082981752288,0.3058358558930483,0.20470528042872552,0.3804807365739034,-1.068696085919016,0.5750492802990826,-0.4015110583985497,0.4163683454730739,0.32077408532220625,0.9031806189160054,0.28536067124787856,0.0784884688763024,0.1456788771180861,1.2165598100273574,0.40783400287742055,1.0513220251211086,0.6184096138832699,0.22655789968359483,-0.05442689793358269,-0.10566358719809663,0.4554832513383961,-0.5202868799961616,0.0850555788338668,0.16619166153969533,-0.09674828118263207,0.4894582349967917,0.5380418471450631,-0.4340964469824873,-0.06694414501633525,-1.2340006758517135,0.11997783223174234,0.3698586818325402,0.23725824681761407,-0.03708335339806248,0.7155295077510575,0.6268173057087968,0.22555967269583463,-0.12281758310040013
0.3272511712456345,0.3383417502248634,0.0016172897488566096,-0.3979640845343043,-0.3367770393372912,0.595998367206311,-0.23456619975515733,-0.8212811116109463,0.06377404181529284,0.39709775512279755,0.3830074757920888,0.37910620769817466,0.23520681218129125,-0.28956866368870104,-0.22853689514670678,-0.17097919665122732,0.02361732871269847,0.08729210768529284,0.14168557598877485,0.8339954195372694,0.4004499638651785,0.13332089745028228,-0.0039027082352854135,-0.6294056045611427,-0.9569311080599164,-0.4099521301768462,-0.4152462854003522,-0.18783239629970247,-0.5254647264436704,0.747090660875501,-0.34196841451637067,0.6560079090168435,0.5732176897037176,0.9116450180919801,-0.5802075275860148,0.09548634297461547,0.2622587354858183,-0.2996853134990326,-1.4093650107713565,-0.4128233478330057,-0.18941734578914438,0.4678154948154954,-1.0302844919092569,0.36335821387294726,-1.0477919085094927,-0.10930660007989026,-0.3003074172838418,0.092478360244758,0.3989219355085148,0.0760713784111973,-0.7070796516811511,-0.33647408567261905,-0.5240958898667067,0.24843280820693117,0.49501605242632457,0.08990342226062954,-0.26415635677536675,0.02107229564737025,-0.9621014651892019,-0.1224892185514021,0.5101374310963666,0.21457777337880105,0.2550687204515349,0.2538303729157642,-0.002260078194621663,0.2463526138283872,-0.04357931542078764,0.09878129152936373,-0.324616331762216,0.5479480888707977,1.06437199925681,0.20127643256985953,1.0194703936572413,-0.22848982860472722,0.3419480430190643,0.5635768975100612,0.5855535186619126,-0.20032235982602264,-0.48237586908757274,0.47783126887050137
0.10875315160033225,-0.06794754935544185,-0.35044944589918303,0.15042499485552335,-0.034211509596279416,0.2262796742617912,1.0567407760598408,-0.44434014874461836,0.3032025981992176,-0.9218828920703936,0.5245001718586394,-0.019428460268384466,-0.5315149483442618,-0.15621625256748453,-0.09799429550181256,0.03788381363549147,-0.39587112054722573,0.3740150596919833,0.23230023469620548,-0.34218540157106203,0.4914870859261951,0.028011994477763452,-0.7209459242646739,0.9472557844576714,-0.5679070405053173,0.0762276812912324,-1.0015547493885646,0.19931494766144514,-0.18683397279757155,0.2469517414787265,0.7861876771220778,-0.2194966688161353,0.0464030004629436,0.10233414976804829,0.10552036019160999,-0.09133824252090307,0.7122186261407252,-0.008099353413068722,-0.45802772027121225,0.6333613756872262,-0.043971983049828425,-0.23830815551037243,-0.24698982889098067,0.20503068353373455,0.07783948189786032,0.22956519150841673,-0.5826348554311533,0.09432918685636388,-0.03419775530326442,0.27058487141583837,0.6537607222563067,-0.41167794063123025,-0.2737698451636429,0.016129857493299694,0.2456141793784627,0.36909096997890395,-0.47705923610527834,-0.45384300589489335,0.001407878569998541,-0.6539927460205714,-0.7807878639033313,-0.9511603717489434,0.7201046676785632,0.39744482809510434,0.26577255905866437,0.40816089982464376,0.8621819399186653,-0.046619486455850546,-0.6516635238523534,-0.19647959091967737,-0.3926283930670589,0.503177670448916,-1.1407540288983915,0.030017531799217838,-0.472181853434876,-0.22188016294040813,0.17369690266656462,-0.6348101084499113,0.5697082695016203,-0.5504231995753069
0.3032159131539752,-0.9287487771948408,1.0170312465470597,-0.021784007786190048,-0.6965744545926124,-0.06669620074302757,0.011886508414353979,0.026759938081737832,-0.07009413120423333,0.3809186310505342,-0.24959256565975604,0.012158041044085839,0.30647161419150476,-0.2591183997053499,-0.05413467993526107,0.3231449027389839,0.14400898520510572,-1.0113834374274964,-0.17999966692922303,0.48433608834956204,0.2933434855186364,0.12380179072102965,-0.13517799166727368,1.1221072372812912,-0.1959153343538992,0.9660633067394205,0.21842092204331304,0.4774630460134775,-0.7898644404948403,-0.2030342080815368,-0.42666642264818105,0.2709126467074202,0.5441151154928537,-0.11985764905232753,-0.36044945744463197,0.017341536666123324,0.08841231903759847,-0.07160006893556921,0.013910536406275232,-0.422791016581512,0.4817801340176048,0.30748267176056254,0.36218109890761646,0.5626968476329622,0.5536307504180674,-0.12328306273603241,0.10524297408795022,-0.04039825580724398,0.22402955934789628,-0.06794137602874203,-0.08702409394612982,-0.37885014741833495,-0.40740219708673264,0.019788388083205478,-0.415420087113048,-0.6855781962901009,0.10330515992834423,0.08589455519773614,-0.42202455141524814,-0.03127739031853208,0.010757181978983968,0.45114189227382195,-0.16698772408906554,-0.05646658902464395,-0.7819954646912723,0.33317681805011495,0.046034620678486085,-0.19484140343768283,0.5230132006818399,0.5478152789247092,0.013809010670248856,0.01141603336059006,0.016950536970545483,-0.6200345843669657,-0.18723299628762058,1.1493811407619117,-0.1550680816854515,-0.1625413693705454,-0.046317727148628904,0.11882725744287902
-1.0225404030544254,0.6131524951701682,-0.7482436719704147,-0.10841816389864956,-0.5800791452212737,-0.05525264340009757,-0.25579915681116855,0.339818270429384,-0.08273615974976611,0.10677737140311412,0.2763428767962906,-0.40034185826179675,-0.17133965229462167,0.2161897478944576,0.21482077632039615,0.5669353561483708,0.44095450261227187,-0.44102479045956966,0.005205480819965828,-0.03970781677169424,0.18198614660958645,-0.547794272565996,-0.3431905014073718,-0.8156568393114371,0.038894881938845535,-0.404670110090046,0.5690149482702741,0.3478458938193628,-0.16239681318890306,0.24108906311613668,0.21279650825863616,0.035768339951307716,0.33949933967143864,-0.7226322664565338,-0.22115908528784645,0.7699547958077841,0.15987161140101694,-0.3083545370718251,0.31157159090673286,0.16847375300614356,0.6029205527763091,0.4930066798195221,-0.3443023191596192,-0.30138444766642103,0.43317168754878715,0.684170084452726,0.13205922514067758,0.08289102299554894,-0.45585878944852554,0.14363629987042661,-0.33441909060454533,0.0915087563473714,0.5525574997580123,-0.453453559787225,0.48374196342335113,-0.5698531767807302,-0.23751430921588915,-0.4039110250451899,0.2671905323980286,0.24129404375285715,-0.48920424891088937,-0.06948151648436723,1.0758775529620177,-0.223010231630555,0.05883961872571134,0.08027004427602902,0.2785165405669817,-0.25797342689446606,0.43145527203002354,-0.39782114049739886,0.13675324179186263,0.2702537945134058,-0.33469896378575,0.031878131896525,0.04117427826981658,0.22328163259797984,0.320911412286056,0.19533555594111732,0.4886751618307057,-0.20371915631687404
1.2653886339479454,-1.351804566291615,0.9514646386567388,-1.4912938207692763,1.0870033063051814,-0.4985740864127188,-0.04071167476170632,0.24195175734589056,0.3086836523434839,-0.699334766817191,0.3348840834138654,0.09221251575876115,0.21106537691859054,0.3389993153681178,-0.17361405773327337,-0.11447290069067682,-0.16402271820658687,-0.14551375409313322,-0.0058060773355545865,-0.3791184792961215,0.5156685243209467,-0.43823909283711543,-0.047323423449900266,1.248148315668504,0.6856713816874079,-0.023421447597176175,0.5737609202318938,0.41343979467215747,0.22634180316146302,-0.44529532394197247,-0.47270335963348953,-0.990116657816369,0.17938577114714152,-0.62786851998882,-0.008771921910933692,0.7653994835181227,0.571763231068389,-0.3975647969381268,-0.46970772170200253,-0.4015170198622088,0.5997949032941695,-0.35661291444677173,0.6241284388334806,0.20512057622048388,-0.2955666283021848,0.09502333165943717,0.478322587305947,0.3762670787053449,0.3921566303062127,-0.8444146177135844,-0.21996901655732737,0.333912725208147,-0.33627626009849265,0.6205184915605225,0.2996429191496998,0.7104214441671988,-0.47897852888750575,-0.6956622857963075,-0.6480316003134289,-0.0004946203187243456,0.11967058484044997,0.08933863779247302,0.014519039641214423,-0.3159177603005453,0.5188505726366742,0.6909585230574785,-0.0711223376209925,-0.5068422668893942,0.3606150952329742,-0.09396831854188857,0.5086720861723005,0.46998144949916587,-0.029860709855268664,0.7611888716678966,0.311474063115269,0.6803886013746516,0.08798471511405617,0.3241018852207077,-0.1684195497858893,-0.025597262171946675
-0.510231447337284,1.180420096580547,-0.9069609668096276,0.09840106164291484,-0.6744774185713219,0.3591654740588131,0.042180384778679636,0.5306506852967323,-0.6351602792025355,-0.43840627455320885,-0.14690410042505964,0.23246081245057423,0.07138252915841994,0.51455678633525,0.33727304152371407,-0.8349200147222163,0.12762402179284216,0.14928790054501503,0.4894649864450171,-0.8783194213631474,-0.3580196753122987,-0.03232522636449476,-0.21868621832782076,0.15070515854278413,0.15799518916238917,0.04781162359715779,0.11856615972215595,-0.05602660815997193,0.006398380085593591,0.6170275972982848,1.0989690890339654,-0.19944574726259354,-0.37677905513123783,0.36422790312332154,0.004822967959581649,-0.11922503803514545,0.17347870943083832,-0.0014109718923863124,-0.5530937259934928,-0.3048918314494742,0.1765482427979506,0.0012532024279200947,-0.22422544826803242,-0.8695625712843157,0.07554432661741808,1.2420023486990537,0.19704132121757317,-0.21213992423181108,0.17805040316523885,-0.4674092261306315,-0.26237917273588346,0.38618413179721706,0.2990335526881183,-0.7393394610049334,-0.13404208438805565,-0.016687458637408736,-0.5572216306689057,0.041649880555825,-0.38855041163750914,-0.01423109806300154,-0.3734377948507057,0.8233757943509963,0.04546296599819309,-0.026930922864446004,0.38590944107177505,-0.4921696148796041,0.49454420908894725,-0.861762025856422,-0.9109016664698806,0.3637897150687769,0.03702067140051521,-0.7158127482133056,-0.5052474781136392,0.18805046825553998,-0.8509829845199794,-0.2473713310832751,-0.1801765337914421,-0.6188715727216362,0.6335832443440151,-0.12488005451042199
-0.4329235637857157,0.8566567058337842,-0.6347057124022728,0.529555577902285,-0.5165775265031766,-0.34387563107426394,-0.004398429926744649,-0.442381923826922,0.38006283265865404,-0.6036096383899291,-0.43344435785361574,0.6106642721557867,0.054397690663905186,0.17759867638985502,0.03180685688107493,0.07469634363239674,0.0005615575765906916,-0.05116998763744826,-0.364648742021777,-0.29606360631733775,-0.37285686921567196,-0.706147577272548,-0.1878060069680211,-0.46175055216345057,-0.3898019722289145,-0.2551204440488178,-0.6448097446055095,0.2219712553628516,-0.1947326307595591,0.032982347797336546,-0.03526433736197204,-0.14297496364544854,0.065661331148727,-0.39584111853008463,0.1675497943499518,0.5300724494402137,-0.5308295071184208,-0.3504780340510793,0.2129519987325769,-0.37904815118080676,-0.14438604855488146,0.41724496187068255,0.19097060811243727,-0.3338662285913467,0.2513777898922341,0.2780904295624363,-0.7850102298529229,0.15587431564633564,-0.5341479342436223,0.006555411326982979,-0.016551633226004177,-0.23689177371582953,-0.2881067683086107,0.011002418460498216,-0.1257010206173084,-0.3369811847433046,0.052701491364672205,0.8953017140246129,0.2891413041057636,0.062112283054969214,-0.5210158808411842,-0.03222771166596245,0.39189507408932206,-0.4057118090218221,-0.2860313572045863,-0.4167143641096682,0.4355809151008636,0.2849233928817052,0.1499082435242213,-0.3346166422111295,0.4357063675032644,-0.6271264435488538,-0.1916015358829065,0.26891333733761164,0.40907259229882537,-0.39954127913423004,-0.060694981660639684,-0.09734959078974739,0.25888915012432434,0.2383091086168569
-0.7400893099708142,0.6094481615606908,-0.5288147749452478,0.620851681617198,-1.5545508668835508,0.25406257006566707,0.8217836020022777,-0.27285120450969197,-0.601110151213674,-0.5478758521354251,-0.5574483552416631,0.4538522640304299,0.08752349156613745,-0.15321662912188738,0.180239623190942,-0.8197454332320359,0.08891399646007724,1.1666103275493638,0.5388318539474221,-0.024032069871129335,0.07329277311957233,0.4987976492423459,0.10998348908706508,-0.10159809944502629,-0.5425800265987185,0.2514620755975444,-0.6128401326739026,-0.29111044760079136,-0.2956239349673841,-0.15789654819451215,0.016677609674433963,-0.27121363067290516,-0.6527795221180847,0.4208964343339295,0.029294750428973285,-0.7272733834411053,-0.6119979756616505,-0.6753977457050447,-0.1425291700141737,-0.16127570335807007,-0.07836264540626152,-0.4491078711918558,-0.3679410782133746,-0.4413676170826717,-0.21208750595041437,-0.18147757735790968,-0.09514929983978523,-0.21993945861639094,0.53106054292475,0.26873790132419806,-0.3411999837277025,-0.10322418530869835,-0.9492797192278863,-0.5921273983380462,-0.006910616355335277,0.27577414201434586,-0.1099560674710301,0.5300599100809662,0.12343505341024916,0.11396232957876996,0.17837223813327577,-0.6195677253793903,0.1333467095102422,0.5061167730666817,0.11579897615859971,0.888119814921255,0.15350601766457664,-0.7334039816965945,-0.09322753565362882,-0.365809310939627,0.05541737697228049,-0.21007427995703076,0.25028114202451224,-0.06456417307445492,0.48473626335076225,0.7789266187658388,0.4579215256836598,0.3569240260167829,0.011343766509068253,-0.28971331373727166
-0.4378651925866238,1.8624737907552136,-1.1329160663363476,0.7294261835988106,-0.642464238367283,-0.052530175290502606,-0.247606881505872,-0.22487376915002874,0.2294917993777415,-0.2206981037841362,0.20015175835913054,0.09873789699351572,0.29757361713682384,-1.1345224333866621,-0.08758963979325668,-0.03993250192591939,0.13710726824789593,-0.31783426992883784,0.29634427832902,-0.24917343427526517,-0.39831443106941977,0.08710663001359094,0.46806995915338,-0.5749082139889449,-0.43404137174698965,-0.1603783033832403,0.10762282868095888,0.0816859523100472,-0.255263904175917,0.17547105184002915,-0.5161326172133056,0.2939031608302034,-1.007272574591372,0.4860092508286315,0.3670822773279228,-0.0019864937603561233,-0.16553740403442382,-0.429119469593015,-0.09013688540151868,0.2577627453503215,-0.09658284245870591,0.37154969201917376,0.4550373508631181,0.5895888579362596,0.8623568820500458,0.3016270789329734,0.1946587229795272,0.31206497467995997,0.7407079635528815,-0.13917151667367803,-0.17574304250119133,0.06230370876018532,-0.6181579378853956,-0.49022452160711694,-0.3995948449148689,0.1178522899462203,0.48019642894122927,-0.2078290181086914,0.4396583091163697,-0.4163005011605364,-0.7687260405639252,-0.39857140591467694,0.636338381080567,0.05664991628204882,-0.08692279814106535,-0.11003992412010621,-0.33643554678929805,-0.05690433074136928,-0.30338527986809394,0.5815111891844662,0.024861092128933556,0.33967566711227865,-0.7195167505625545,0.44907683122948494,-0.339797236422656,0.6447126083357971,-1.259553525239134,0.7796043425035771,-0.08762673443532541,-0.11885744880663887
0.7645045735663052,-0.7505066680357322,1.564619153515694,-1.2834889221511452,1.8261449269191559,-0.04849226424510516,0.07240589532488623,0.06895858442930793,0.14982442381950808,0.12017724930511872,-0.37865579626314566,-0.4268034599587516,-0.9659086022178608,0.26713180346823684,-0.07785460124780018,0.26093840201697804,-0.44330093641741947,-0.23985864258864548,-0.3515982854806084,0.4808937453972132,0.1237813601331931,0.30406900992490205,-0.3357663640460426,0.09729956789947124,0.5204513564863704,0.40356713102500413,-0.5040237339016637,0.048821952468827326,-0.3068206580742787,-0.3498286028852011,0.168360466505973,0.08846978611596236,-0.002988813127245511,-0.44988837825102,-0.2285653140886523,0.2615997214980718,0.2702393932553611,0.12218495821945505,-0.34113096146054295,-0.2854818128272434,-0.05067247100341099,0.9010241631035513,-0.5681091768791122,-0.2769329523306335,0.24497220751639676,-0.1827993978115626,0.27000472198441416,-0.12783201907554673,-0.27696420059290894,-0.2541156469205682,0.5678703430262115,0.8575388819492655,-0.3138916872407517,-0.2115295024756062,0.12472015234523957,-0.2242854951612467,-0.020865296016897312,0.6222076959068891,-0.20857380199313888,0.0621354814502004,-0.2895758413692484,-1.1002631745028786,0.3305471386389073,-0.43046952437536623,0.6269284109889932,-0.10054137418731905,-0.1890721667429339,0.057486495972004344,-0.27285154903663206,-0.4941858115337406,0.32523875861241136,-0.4746224337567439,0.09963539338061685,-0.31821330203856224,0.27171434481775325,0.08780867286718078,0.12147071410506276,0.2173612727769515,0.08273613869072323,0.6885319227950832
-0.5429017928826101,0.34545641471503336,-1.3249418686534544,0.7950713095261961,-0.6488238169341293,0.49764119498852943,0.5307013267939359,-0.010799306368523956,0.02982794462014855,0.5444423080169914,0.2595952302616549,-0.40815575178045516,-0.086166015528194,0.5509261574861004,0.5956377053699183,-0.3142436054231637,0.7512252642678727,0.5051448516872311,0.3565370881038615,-0.623993723146841,0.14183122204458898,-0.886535427254086,0.7314847756246268,0.15756101073220352,-0.6472814224172586,0.44020032196266884,0.610198701985414,-0.25842154797595257,0.3759286576147583,-0.7520269435666107,-0.22832838208673417,0.8067471279276996,0.3133021423575305,0.8457489327439879,-0.4053958049059874,-0.42758721259843946,0.19002692403433633,0.005746703075706664,-0.30351596772958933,-0.21459033951986642,-0.13208670749310084,0.2982051029280124,-0.34996978060014367,0.652425372532642,1.3144166531514827,0.3860345113053244,-0.22720928627860884,-0.06551902018815911,-0.04335222333885182,-0.051067757212988826,-0.22959601718658487,-0.12445993380637861,-0.09568043371637167,-0.09934211169611806,0.5744038638766762,-1.11945335890851,0.448143812178395,-0.04816880777551047,0.43172502881939956,-0.03618794359924879,-0.5072452774542736,-0.39914092754113045,-0.37821388752562085,0.004082189907320617,0.07600850536187587,-0.32332709692185313,-0.031014618736869528,-0.4355517569235181,-0.9519762112610054,-0.5123503638382922,-0.036747201996437,-0.1300372868014096,0.4647283410107139,0.6024333907342968,-0.505228666283122,0.03974865174846857,0.4211989151776977,-0.6549221948165677,-0.26657760875926445,0.18247367813223037
1.6477706024369327,-2.3135711211199133,2.6814582331895416,-2.9881211041695854,1.7672433089102504,0.5618917912116557,-0.8674430140106885,-0.7314584724961891,0.17368670887252902,-0.04191681432032446,0.8611623863331392,0.9994255553850262,-0.6273241387300948,-0.6305828046373735,-0.19087738341132138,-0.10102462430978179,0.46132910234518,-0.3551268153884669,-0.8136193045375251,0.044509288020339405,0.49192300923093873,0.4117396739654307,0.7250884478828322,0.12031035271994799,-0.05113896047310888,-0.46038488334685046,0.39958787904480103,-0.3654918120988732,0.07017980634111559,-0.150311977176905,0.5532372155013849,0.19427462960739106,-0.5580836566454855,-0.28134476893825283,0.48385527772656434,0.3713698774228318,-0.5978680286341267,-0.4194988128507552,0.5256590078302272,-0.21683905510376567,-0.041905029096126284,1.0852743699039742,-0.48217740781060664,0.06953411770408634,-0.8308537261809691,0.7106073817535346,0.7135161147512797,0.14037279962908533,0.10404954747676301,0.11377139710546515,-0.5740700680243342,-0.23142190510110913,0.41263014804010983,0.23090794561003777,-0.04726085694040917,0.6149890006283643,-0.06713807474829712,-0.09335333994392397,0.42432748038225604,0.7235525025681051,-0.1802818604837337,0.2256123625147913,0.1482492183472643,0.30874218673706116,-0.2966771100888519,0.11051312833580028,0.24428205971794045,0.012935923088512801,0.337098245945705,0.4147428254367506,-0.06520455822081582,-0.3050092967142974,-0.6100110684879149,-0.1944179391851922,-1.0028075983207327,-0.10857979239610309,0.4477666529062331,-0.11125459297729633,-0.6093372463153557,0.09530529994113193
0.3495946169003536,-0.5713251605012057,-0.008749295285059688,-0.4146513775522611,0.3465264727850726,-0.5728290763059852,0.420345893015291,-0.3718523940958087,0.4334243945306031,0.14319480559831524,-0.08644040940521806,0.0767495472813956,-0.2159928390780455,0.5182164174755164,0.6962788789968062,0.42924080097114836,0.5513651979949423,-0.5471356626441768,0.9432918439206209,0.09208724197864716,-0.24083347362476,-0.24261505738969766,0.046912669772245334,-0.16729165373592614,-0.19319968727201967,-0.857910581646372,-0.08216616604606819,0.4881312610715477,-0.011754576196996762,-0.26752782788770707,-0.6489549109903057,0.24303797899312785,-0.3529891384028417,-0.20135270266883878,0.7370444432158162,0.07769193569662915,-0.32257419579718555,-0.7589842199298057,0.4643262828892986,0.06808614349419083,-0.14003858944374353,0.4575799397883159,-0.2780807290828403,0.09780718644553787,-0.4217195267874263,0.30074751686675827,0.6426484852638755,-0.01978841350370345,1.0238153747219325,-0.4592726127136083,-0.37859440132007666,-0.26105382159182217,0.4159809264310333,0.7226136574099725,-0.8334900806994087,0.6751954439550458,-0.011810807765349266,-0.48610142776323817,-0.21687098822148188,0.3822564834098309,0.7457042294727113,-0.17666427208175248,-0.7252648444000677,0.2665928856104018,0.8803966834569555,-0.23239875804019824,0.11816828239320554,0.2883190585641348,-0.6825223933952527,0.43838876741656857,-0.424228878936459,-0.2243654686024562,-0.8262299734459325,0.16391192202698993,-0.4995806328804896,-0.15906708767657543,-0.36765406582056903,0.8543150767600549,0.20524997702856898,0.23059815537715572
0.33214756593922,0.029827218555224695,-0.007733781943543065,-0.8356617294192427,-0.4751004973192453,0.7518934536394982,-0.3541511111811427,0.06788291779543525,0.0408265337485048,0.36401349002308764,0.5904700161708052,-0.01573995817737123,0.3116520157968342,0.21995218475956207,-0.8759504934306053,-1.320038526315797,-0.47146027405629476,0.5337369866135281,0.1846105361579981,-0.7830418865969236,1.1039591751642093,0.2729385015200625,0.4884398149428067,0.7798436117562743,-0.802107271711733,0.11993023734191989,-0.20780974093063512,-0.6777398303183881,-0.04757419988110608,0.6128647300377509,-0.3375449949740166,-0.2367650778026322,0.1409967015127767,0.7378916530695107,-0.18224758227599927,0.3578588169541099,-0.2403815635495988,-0.023104201211739353,-0.904304930571159,0.39136112676502993,-0.7873634462813396,0.10103838263311471,-0.1201732113043522,0.41392605362942625,-0.3127173583179677,-0.2989050278568141,-0.039387472527849125,-0.24684700164071083,0.12972501356194915,-0.12875989645823524,-0.1846006876078238,1.0676556976731397,-0.21136181818216404,-0.5289076382929078,0.17442969223423005,0.2933060372709743,-0.27937058644135704,-0.7310649027689249,0.16770601999020565,0.3748294322113046,-0.4333913864599688,0.2862162507131476,-0.5491642579993931,-0.36998146281341726,0.06055220841574401,0.2035605870642332,-0.2065450783723927,-0.5562059083580319,0.18776663529755513,-0.337173438649213,0.4015662197611533,0.2790695559072845,0.4095877172950135,-0.31802170866749896,0.02969506561358241,0.2905315227856687,0.7673169232474594,-0.23225716023305487,0.11359661309094815,0.8237151320847903
1.2694068956829647,-0.5505585073941077,0.4043409193986857,-0.3163826260487846,0.920921874618089,0.4520757954604312,-0.7377281706422965,0.4073009607097709,0.22317920705065056,0.5532186128257548,-0.5924923758993378,0.3134727176173826,-0.11711642099901501,-0.3550364574270464,0.43866199885739005,0.5222454169963657,-0.2848945189112777,-0.33983931174458765,0.5714408480453942,0.3074033150759082,-0.05972414251225534,-0.37922307937467303,0.016493251344311455,-0.07397947591494526,-0.6613444476327323,0.6238487565557281,-0.8890953766063919,0.004042113236535142,-0.3965078840496503,0.11109990708468777,-0.11048500014207992,0.36096558696051556,0.1532734907483443,0.15087363271574372,-0.14123329580108931,-0.3087081682033155,-0.9007276001920681,-0.6766081817718959,0.4963100173582518,0.027000419899576304,-0.036729400616386375,0.06418378105176573,-0.554969845271471,-0.135671510704319,-0.18710714849319388,0.06320132604983579,-0.2680922912485794,0.04535362807208581,0.29137726580524836,-0.10890818076345546,0.15391556253670635,0.9572202343158949,0.25755379021145697,0.17826523583325352,-0.3398856357244979,-0.21005571855239996,-0.17850434899955314,-0.10666456201089544,0.4189871639641644,0.724578374131232,0.19645509559042754,0.27199634803794404,-0.04516148374735682,0.5089166293238829,1.0834388402711645,0.608464163015795,0.09869815038554954,0.4933314349816294,0.6881446037947703,0.6678907491426177,-0.6452375488149934,-0.04440212180806627,0.3712023536737178,-0.3135783751210397,-0.6349459285948879,0.6290993836924365,-0.21230390656626466,0.5715100055887158,1.2052519455758166,-0.19304699726273636
-0.7373136026342886,0.3285672992263208,0.6574446040408487,0.0073405801477567645,0.06844110833754141,-0.44696927183224333,0.1449370212788655,0.34100654909927175,-0.44967073169297084,0.04598655672712647,0.4833304429755556,-0.4905527577938754,0.6483485205482354,0.056785626165000436,0.6020970214095424,-0.5984435427147101,-0.7620545134711062,-0.12620457387718817,0.06433231884973492,-0.23774459491083463,0.10324264056051068,0.16160851952501684,-0.13665399978436787,-0.011912878226733776,0.5935931712600725,-0.20805638785880057,-0.06993840101629814,-0.07239628116678973,0.21906896451839408,-0.37897488381380295,1.2215849581687048,0.632564301471525,0.2448581579806842,0.6630351353042377,-0.05558189650568311,-0.25984125693908466,0.3657648527142904,-0.39542373102379225,0.23423308930356387,0.18035211988077646,0.5249793845483923,0.2461378135048928,-0.904084374095573,0.657347406996143,0.1289508313903007,0.7168897274419724,-0.14852994546668188,-0.051467937680585704,0.9622212193726738,1.1006111801388954,-0.7116606497684645,-0.39841637625230986,-1.1409981040390555,-0.03707523802157299,0.4595288229448938,-0.45771489916576397,0.5115597950523929,-0.15904711146147416,0.3038518903994221,-0.2082819645884032,0.2944998187539799,-0.6219953157460831,0.10624624693635235,-0.07200316606735384,-0.13122569409769588,0.3588128087526186,-0.49025361141103824,0.2778617087820245,-0.10062411996932535,0.4381023764719436,0.8520607129358962,-0.6473318916253382,-0.32917808192202547,-1.0715713474866984,-0.05168667319802602,-0.9266015883498451,-0.003384290830832201,0.20198762900150846,0.18139782516897382,0.18984786082367253
-0.6031276819434459,0.5717501585865282,-0.7516118056948607,1.1721310632570974,-2.827393777373778,0.23863389860569922,-0.11919238564238159,0.33728269938645017,0.6195405202959656,0.6146143838162108,-0.021678487469977314,0.6319684030635674,0.10949844320209089,0.27402087528759755,-0.15919785403972606,-0.34412104091341184,-0.3739621039387741,-0.3542823698668983,-0.3756320095456479,-0.3048197579810637,-0.18302551701871655,-0.6809457945101105,0.41824865226847013,0.08135340610259831,-0.09440626920447293,0.29505296377748447,0.18321375956887345,0.6030356184399834,-0.37041906436671146,0.19296171927872016,0.06764811266588236,-0.05711376723934259,0.0734178436954715,-0.6038501271582891,0.20881969735728173,-0.018803676925484923,-0.8416819220897973,-0.2217240005989838,0.850384030578365,-0.10462288007121455,0.37967604961573925,0.48477131624710207,-0.0599449685301549,-0.5297117786365981,0.5722759841124784,-0.19937283782282206,0.02618136589052926,0.8281417400396374,0.29969720134495154,0.3669033483842526,-0.4721070295260897,0.03331598654569851,-0.04955280137518412,-0.621862206349996,-0.2320903680289379,0.21042954499935365,0.09183390870938514,-0.7006095331647832,0.11588493775909728,-0.4468163398392415,-0.0667386082771155,-0.9311426221723473,-0.5350859303982377,0.35303261452035495,0.11229283821715974,-0.25956054499325043,0.16761438367775955,-0.872079655613893,-0.2965120876032749,0.9560096796424481,0.3514274716606991,0.2408806579473757,0.481503118967237,0.28760826305053744,-0.6086018535593776,0.2839160961430749,-0.265860540354193,0.29478068095465454,-0.34596463226435487,-0.3587124086597991
1.1241056143907784,0.10305042430967347,-0.527278813075392,1.2133438955001612,-0.42308892705637396,-0.33410848156758377,-0.0443426929624535,-0.174583586011396,0.17702591680746083,0.0754170042299335,-0.5797548981136602,-0.06106644189461754,0.04353528108016401,-0.05337827994019422,0.3689088978080962,-0.6172716534512498,0.2719364203870267,0.8965843962966086,0.034887973173909716,0.36637058177623005,0.7151730315331826,-0.25693916438178444,0.520801428591968,0.36077584323393896,0.08146076864123684,0.28789709154097004,-0.770287213600995,0.4378832241469729,-0.6200371936985452,0.03967483385287966,0.5491006264676184,0.14931700390269073,-0.2514678309980177,0.5496006359702248,0.5671501864383414,-0.08276249388641552,-0.2645656929824155,0.5899781908744244,-0.6428504565382189,-0.18341870688955345,0.27293207434497396,-0.19365041403301117,-0.665206899813387,0.30170107432252913,-0.5485214490583475,-0.32976119920493235,-0.24130411285372141,0.13307273360211655,-0.367978222648656,0.2680235195993937,0.21807039219861088,0.10805376675440594,0.6424251559047872,-0.9115878303788991,-0.3975191091559224,0.03910086199784157,-0.3214337084876761,-0.033641578138735875,-0.32527957550630027,-0.126156741032537,0.065701263894445,0.30541896888997344,0.7873232300812993,0.2159767882123172,1.090725015731642,0.35272786426459785,0.1462653182289573,-0.39123548817614806,0.20696799555517537,0.42693162187217065,-0.8071981234053358,0.31875406997921757,0.07509282111615785,-0.32365720029606704,0.559708837626575,0.20403114709030562,0.1466898539255671,-0.5444525474522108,-0.02296624263631901,0.4365870140899768
-1.0938530918787737,0.13335930050035782,-0.9711969168657739,0.8421721458541778,-1.2408275281427574,0.24106819993812947,0.708174669024871,0.07309116360986136,-0.0775704143322989,0.03367571988634794,-0.03707445479619975,-0.21815756313198256,0.5705861257951352,-0.14750828350753248,-0.5389034388641066,-0.16484276093559733,-0.028315175394143296,-1.4132026592654932,-0.30950914841320765,0.35164617567888135,0.013005525313214548,0.32900831576338274,-0.18537565849034193,-0.10880352106228244,0.23720357407675585,0.007193449640557178,0.7489707560758844,0.5844932713126992,-0.07065556630423325,0.028609519772936128,-0.24031147256254112,-0.2487819250043702,0.058574473871726956,-0.1326595381590416,0.36861175426276077,-0.3652527755271554,0.8378487409251285,-0.05590763440974606,-0.4301979228139707,0.6049547229979736,0.7574198668367611,0.02933011208574669,0.4466369997586384,-0.09498826887401607,0.7100140919360758,0.35401402093978035,0.2286897390649154,-0.5027918290455644,0.3736266180100955,0.580410347165944,0.6253801980263033,-0.09557847997452716,-0.189751912490451,0.5183001034408177,-0.07147194643337919,0.061874077239334815,0.3898676712551044,-0.20022549471904558,-0.6060624144736899,0.7141315289230878,-0.2657792892917005,0.19931028100889284,-0.2726662902918362,-0.8657555593470445,-0.02662082135924174,-0.25392922916810945,-0.006966817568535127,-0.2769499753596766,0.08644551091499171,-0.18415828853791763,0.9457334219501645,0.11090340463788798,-0.37527063376652203,-0.1945624605976077,-0.34480280579988165,0.08382043132523737,-1.1679393291779365,0.2774731953780451,-0.2389304310716836,-0.07888185561767631
0.593513700984281,-0.5926251228159454,-0.0643957765435405,-1.2220871758629053,0.8235905617134549,-0.22685380214558865,-0.04333741631616685,0.21231929293993151,-0.40601013827947313,1.582684472909544,-0.4052810945273127,0.19816817827021424,0.2671231814466929,-0.35078258397536705,-0.2961315754809321,-0.21461374828608756,1.202200680482316,-0.3587908226927354,0.4793128009087272,0.5757444768159228,0.013396146031522348,0.5926106671752193,-0.0053653831021834636,0.4097376225436609,-0.49948711241814625,0.41030608861364914,0.29182967144719946,0.31073391536829637,0.46066225944212996,-0.7000251608897644,0.25975480292433606,-0.0034453984432757205,-0.5210505164010832,-0.22264369263264758,0.5293814247786929,-0.016322100993702994,-0.33125332754537423,-0.4461438713119769,0.03587565822764463,-0.6288044129612945,0.9778386246405908,-0.1668969843114308,0.13809563292391022,-0.634006715514024,-0.4392955412621898,-0.5200226878536023,-0.6714861165009435,0.9251580320484113,0.4530657438856675,-0.007761905509308295,0.10224648108580278,-0.26685480532135436,-0.16365257578272263,-0.14084571590265596,0.20251575842373934,-1.2169891535624144,-1.3068501829406423,-0.5068150401276647,0.18875663125319728,-1.0002425316930903,1.0425145127190731,0.6792087830183795,0.4179343714612884,0.8384089329279298,-0.37557003261228583,-1.080897896392762,0.2787509718763262,0.5966014270011685,-0.18013258277924268,-0.060718484803546,-0.03716564334339946,-0.49497256912712906,-0.17263425035214677,0.0017745566435428974,-0.02085192609479773,0.3079141989693546,0.4048251091839759,0.6022968644919539,0.2588282150262502,-0.692150063119739
1.0450392944717362,-0.03837404608252515,0.11066095060812739,-0.9115360638406719,-0.42558628657914044,0.07635971069738075,-0.17075549781779414,-0.041680755798181805,-1.1263772300118111,0.14696644440377643,0.44217318288947594,-0.02538978181319732,0.1841376287194316,0.48480832677712477,0.4257047105169301,-0.3061400577664243,-0.49680680056850385,0.02844761394291765,0.7854159051322049,-0.3568071712013269,0.057678654912777495,0.382188092080947,0.5846614748876809,0.3596062667562379,0.6485292986441153,0.6754516135013989,-0.5204076478039695,-0.0020895272948117704,-0.364575265924263,0.08661152321270668,-0.28608647693395806,0.993723239658983,0.2986615744993337,0.10766646979775986,-0.11842253291172923,-0.18747567699992626,-0.49632639851846355,0.4385769330560143,0.0729932160733579,0.20375912907678545,-0.6988415780132464,0.5239607693664234,-0.23899692213912438,0.09697702289096054,0.7649577799662548,-0.5974248726867516,0.3141988806188104,-0.5185216957638584,-0.6173021847488255,0.16509661062662104,0.025243264749652845,0.20807498276654007,-0.4684758375115987,-0.0522168224615708,-0.10751384190111893,-0.3766138496053358,0.11986878862754706,-0.08524412353529563,-0.014025485568478364,-0.2700459685128362,0.6892714865850288,-0.5439549799788318,-0.7117057939155191,-0.33426597131053404,0.12948191450308952,-0.8461889438128017,-0.4475449084006026,0.03750862509917957,0.8025489395993523,0.44512332675728505,-0.025125365451254,0.18552191617511818,-0.1276299996976197,-0.27132248460216296,-0.5922919494472758,-0.4227778035558301,-0.37232210237935565,-0.8762366794914069,-0.5488159213791705,-0.12933744713655315
-0.03738549749884365,0.6249252153922172,0.3165050132879946,0.21405992538177726,0.45887720874800536,0.05965759912049327,0.6062900167232097,0.11344979150188021,-0.13015824574206084,-0.45178376053242797,-0.20477882126281227,0.2228341615911796,-0.0705147650152657,-0.362667884274712,0.0829893121004638,-0.02661844233370267,0.5636124761316837,-0.44977356116918404,-0.09373708123679524,0.325679020028688,0.6495048789233193,-0.09658258053993429,-0.09553982613364204,-0.18062363949961158,-0.7423011516747411,0.005185288892474187,0.3316439137397588,-0.21564076155029588,0.20349002342804345,0.11418633691564692,0.4786726064791343,0.20552268241401836,-0.06430377868802327,0.9286744148531868,0.0734303688392066,0.38879843780616724,0.42170759738993124,0.872166909671207,0.7729495148766848,-0.19466661906914146,-0.10614461224284898,0.2829556377007718,-0.17737976867827893,-0.14384222598916063,0.014340698576836454,0.22805681353013207,-0.08676780289353696,0.014931773121955002,0.24031830628254136,0.26897391190785436,0.04439967254231392,-0.365837110874999,-0.8996639798076635,0.5942142950911172,-0.23326840331643697,0.14160876367844252,0.3901198241255375,-0.004027313885784021,-0.5053417265970099,0.278498864693049,-0.08960778284965804,0.5430665125341111,-0.3344457725913303,-0.040028672036395915,-0.14846766453208307,-0.015582371252074442,0.29470089901528534,-0.3568943077868786,-0.02543641378903308,0.6098209310670656,0.047207287512486325,0.8185664109878062,-0.24174069097314166,-1.0398349789177908,-0.004350614534902243,0.44704721128179875,-0.3763087874899934,0.841946737946697,0.03557511387815431,-0.06673622893921208
-0.2993926174399768,0.18688201147061656,-0.11435945340798342,0.004159882967327985,0.265671655324066,-0.5675512777167341,0.12158146493019593,0.0543996972404839,-0.04117498066423327,0.6706806385437483,0.10573905857222604,0.09367561723220492,-0.2431235705741219,-0.14321701949655338,0.12625638595255936,0.0003938720875719503,-0.30295875527487626,0.07801676934303875,-0.13496270780978625,0.014164110082418935,0.8976260542146373,-0.9601248766562717,0.20415052383662466,-0.04211023634846929,0.6459296193540435,-0.450012334529642,0.30715590946481736,0.1475401050076879,0.11160010791905157,-0.23590253530516994,0.2640454301455829,0.09988759784524925,0.09104116612504908,0.325843290265327,-0.03323003125700859,-0.21298968191857443,0.8934422997908918,0.8214790789746473,0.38249975277399073,0.08843566849640903,-0.44014492109222675,-0.31724253191775126,-0.14469326020479548,-0.07728958530565842,0.2210068891852622,0.752093662745911,0.22196467501473177,-0.5305218624078084,-0.07981973988434227,0.23503610148452575,0.5035944940093909,-0.19450119783291112,0.2462863049736562,0.07118807536585015,-0.051765257186876384,0.05497927143157632,0.09651933230044821,-0.20219792660087296,0.3873352181955143,-0.23267933520201486,0.05517266056194834,0.5821502582696798,0.4813285359089379,-0.25300060987538403,-0.23233430461289536,0.29082743696705243,0.6557871966390113,-0.39478768128695063,0.287185501543697,0.2382271334649671,-0.7379220285196686,0.6824780322708841,-1.1586145950560025,0.8842080558016865,0.023668470433022722,-0.12758787637140728,0.04320600643978991,-0.10551481760808716,0.5385836369041116,-0.26310869163010714
-0.7130601739907559,0.18794990916590165,0.6122118346723975,0.07184441177913659,-0.24661567976366527,-0.20004804648561592,0.36719253648815786,-0.28908752761549605,-0.447498362557968,0.7437922795996913,-0.10508245675502027,0.029548789623239473,-0.17083317476850124,-0.1876289366742653,0.3842310280149645,0.008118913049226776,0.11320912484532253,-0.18282571866973737,0.058646163638360595,-0.20342728132775167,1.148127259400815,-0.056793098218052764,-0.720867984691955,0.505568167369422,-0.2547898391233374,0.2880773219025246,-0.06683197116158371,-0.23843410884262875,0.3182549585152633,-0.02760887712966189,0.45821276623309176,-0.252563934212735,0.6758627700150195,0.019266360872732553,0.128735664891136,-0.021881344778526598,-0.37691162236611053,-0.04449154670233737,-0.37472725867393925,-0.5051559860662788,-0.014392841675287047,0.14959404162203968,-0.4252972224269765,0.12139203739907294,-0.45887582260749205,-0.4843242727993181,0.2919297804222594,0.02077207518939523,0.02948589896823374,-0.2627745306801104,-0.2959646816887356,-0.08209201242599994,0.10155773097211608,0.28223896306379115,0.8227969374433796,0.1892155760476839,0.20817017864788964,-0.5419667728787673,0.08507808084022471,-0.09036542179823406,-0.05797460133378767,1.3040366627137594,0.3668714247071754,0.277968954239102,-0.17715726889577074,-0.003556783077254631,-0.812750604685477,-0.38350847819392514,-0.48526816027199227,0.7533308537605308,-0.0635133164139201,-0.9773006321477404,-0.3324849634462026,-0.3076934211330695,-0.019604411246088613,-0.35199791813134507,0.3310021327617404,-0.4548537691094238,-0.8166203329955277,0.1459016351834053
1.901231682376806,-2.723947024822533,2.050356698471921,-1.812567671627358,1.9401488155427293,0.7392731977626831,-0.30856209677969837,0.3492418027220697,0.4557188753291447,0.7179759570980063,0.0003531621289888503,-0.5054336899859677,-0.19669471132967356,0.17576960713437947,0.4135919141327434,-0.16414293839195587,0.2965623705707618,0.2147964838580147,0.44475089924801486,-0.09014966728343399,0.07668714763370404,0.5640512767065465,-0.09893487403884876,-0.1412682435534983,0.5112308200500937,0.435625268094466,-0.30882440247799775,-0.162475483331152,-0.20108196854957835,-0.0960894055947649,0.12129618181370536,0.6936279177480212,-0.514356345591719,0.017545642314942142,0.34749868722703725,-0.3839935794686871,0.7077166151743484,-0.0019923129983838504,0.046029365613963494,-0.25054802845058916,0.08208218356899895,-0.6859170900179733,0.17174167935609477,0.37719156495542233,0.6146329678183922,-0.7600339880197606,0.5596987372369373,0.2699371096527569,-0.356115561089622,0.1768460566855164,0.3412565150353983,-0.008384263843151756,0.24208099694959564,-0.1384522255522046,0.16593568439203313,-0.2762529310485903,-0.6908631270429522,-0.3099382251462273,-0.6133166929492759,-0.15811010220826613,-0.6172342902903488,-0.29122819132897754,-0.09370599624744294,0.16656029817297988,-0.003994481376967207,-0.23033068156666692,0.4463451806553228,0.17821239814930812,0.9406561039155924,1.104831779369055,0.04765357349652734,-0.28162073491403755,0.22056947366068214,0.15401415362141066,-0.3586321568992494,0.11912444154298289,0.3153235304336438,0.6987662357827803,0.28182359626394093,0.047886935603407656
-0.09523238528603462,-0.3445691371995586,1.4607975904010158,0.15246536644476194,0.338107686032936,0.26961419696010913,-0.7021541669995843,-0.2385203214166212,-0.33774493154049134,-0.09146447587663413,0.19911920487956297,-0.4103945868097145,0.7312041261498771,-0.025550906678069342,0.8698393845508754,-0.35678997147891217,-0.1432428533628653,0.14041883254217083,-0.7092846152519197,-0.23160003630710843,0.7142546206541336,-0.27500116139084735,0.048105277983594416,-0.21530206747496394,-0.5271845460077201,-0.39680175365244186,-0.23772304598560848,0.5736566496839184,-0.5692994314758887,-0.5301016422579844,0.07143391474454203,-0.22530737576725288,-0.8220629866669664,0.18176630676018796,0.2436985263496791,0.03326413110713386,-0.5214534646312027,-0.007857727676614865,-1.1842519049649962,0.13951970272368705,-0.2067189521186502,-0.06909262518893065,0.974614699456343,-0.3178103331797702,-0.23578705659829208,-0.014780127179166611,0.6004823543608095,0.8079415210676301,0.6773220390286694,0.03717113284459623,-0.2569504456529626,0.3568864881794011,0.3600254437937978,0.3291430906768744,-0.014733541795240734,-0.6056705250903841,-0.09593343560024108,-0.17142972054202485,-0.4465322110116325,-0.7673410143772285,-0.12945014069793592,0.11385659775954218,0.5900368103274339,0.06812774430944597,0.23261887984648272,0.7291407926233296,0.42505935845705495,0.31313527428629373,-0.8023744048224409,-1.1337176085646805,0.08231715871603422,-0.4391013188832283,0.2413248405010373,0.5274644123636997,0.36078886909802554,0.8970275316323476,-0.09798508454088316,-0.399644489636096,0.12068824112463784,0.7811088445444531
0.3111819921402432,-0.37550438925784646,1.0872193521378186,-0.12558549848939216,0.522714281032276,-0.04964119293355429,0.04018397229536949,-0.10179882839456053,0.7031245126235065,0.1431650853720623,0.21159654622753957,0.5928313362829948,-0.6364003121013435,0.1052218321029724,0.25754947578158516,0.14322578095711538,-0.40696236446451706,0.11939177347716007,-0.15686461458883696,0.07633930033029818,0.01881338419265507,0.0016973073770765023,0.7948768862425267,0.2014940791963263,0.15818860610422789,-0.3146622378184992,0.027803452414891062,0.326515547400811,-0.8285823563967031,0.6505516130899819,0.5436228921891152,0.22488987007626582,0.2773317447473553,0.1534771319138181,-0.35976115316204876,-0.7599402665518729,-0.40076682049345613,-0.9137719897700266,0.490819156338153,-0.5480699284177212,-0.6056271071372354,-0.5833246496158381,0.2843863083138279,0.4085940922872997,0.1322214757191102,0.1707413122250845,0.09294388345985431,0.48066024237630095,0.49791171832488207,0.5057961059030848,-0.6827624293465785,0.8595541710355682,-0.6064024150628489,0.3027665941956916,0.36981430710638175,-0.7423908244567262,-0.010052367440163391,0.5664627581596287,-0.39198125512551063,0.509505230545823,-0.30869555835141677,-0.04276685263607971,0.7498623013694413,-1.0806634010137444,0.5930149842013287,-0.29647981949818364,-0.04105228728368039,0.18129497507907413,-0.18419619861081532,-0.28034351962234505,0.19491452928253755,0.49679943228471074,-0.24563372289559035,-0.6106162363429648,0.6560043568544364,0.5398258655547459,-0.4164426836336666,0.2586636540978468,-0.1820796623467834,-0.40002872646521953
0.24952597328328202,-0.48009380526629475,0.8958921909238646,-0.3130783261925608,-0.017282380159120092,-0.11720356582865825,-0.4147751087431315,-0.08539888166959254,-0.41693142416056883,0.5461188654171016,-0.3613754841547831,-0.3102407605408818,-0.3575089710434641,-0.7677051204899509,-0.20401908421840323,0.24125393280942278,0.42001986042352113,1.0997669507814705,0.2245646475989047,0.2927935416045926,-0.20031067285450216,0.8749933820414892,0.5548240466066563,-0.6538489404780364,-0.13651650150708453,0.9374558902273157,-0.048668362189762795,0.5437470619116967,0.10288223848576102,0.09083352666986287,0.5757498329317556,-1.0218007702676268,-0.07068521346603429,0.8216447790892641,-0.28288190879146885,0.1349931405421317,-0.17675633499375834,-0.8199837299739525,-0.03915910045725553,0.2824526351207905,0.0028941268636955408,0.26392677489233823,0.9791542315009105,0.7722712794795509,-0.507292505923809,-0.37624966563217044,-0.3323591741782544,0.36898588842469265,0.13691428940426864,-0.05670548678504334,0.7281210366874012,0.41461829512387804,0.4230619022454562,0.27936742832910505,-0.014063612870404429,0.02205843153177955,-0.06471606063607048,0.21657675203569485,0.3074450496043469,0.02919976182648771,-0.579379933342256,0.10362213561515941,-0.5500738162914308,0.024369351790861988,0.21094403720088437,-0.26371465077931544,-0.5941859880313441,-0.7028149645021934,0.48112670846695793,-0.48703888039164495,-0.6302572416871013,-0.7347180648021777,0.49465181099914796,1.1739584375541425,0.34384328662774066,-0.4965068648538777,-0.11911631646267204,-0.21147622377732536,-0.5409361596316136,0.028124806944983694
-0.49355609692301994,0.42751883049955874,-1.075591169958212,0.5221872794886023,0.10351429060409789,0.12690916203876756,-0.07514154215143971,-0.08798395435296576,0.39486224482526,-0.02055531315323022,-0.38358423798493674,0.6447371123235868,0.544593722630182,-0.1501490113204166,-0.5556807758453314,0.22710031713754542,0.40453510124425945,-0.05547664092959207,0.5208788158618562,-0.2500901186624912,0.47662511985285194,-0.002227435342367747,-0.2756411001027928,-0.015271600247167923,0.2870923171227209,0.012836886474398361,0.16151651528840144,-0.5861688392323657,-0.08560423673875464,0.02492614740926608,-0.02641098492159831,-0.29430593032278246,0.034635128776910766,0.7593859158788269,-0.4889918140471611,0.2526374327185349,-0.10312547223104031,0.07883104267254883,0.18945754596433628,-0.5390830994012193,0.006483110940458787,-0.9691042062485536,-1.7165893030771397,-0.24919348825138044,0.20467679082505566,0.26576536648377114,-0.3060897836608328,-0.597115090208466,-0.16326462030428715,0.29665455109562633,-0.355963922511002,-0.05547697000601007,0.7494276307790612,0.4796094646964666,-0.20544644262206807,-0.039544990823765114,-0.6638570150029919,-0.7280150926906069,0.1959649684236904,-0.6622587684711991,-0.04401428332561768,-0.5950450493778282,0.3270784564297149,0.13867398528428124,0.24081077807957754,0.07114685756424649,-0.17903758432149458,0.4564263029514415,0.7059088802555993,0.373289841641267,-1.1618243434970594,-0.11018646552404292,0.4666862486259467,-0.5400163141091964,-0.27629083816599337,0.4475417232504758,0.10694023825328434,-0.39480065385223123,-0.2694854526102234,0.002902374750269439
-1.0452942434271744,0.8390283952413606,-0.48277636808008056,1.6676396005037328,-0.5927187502521938,0.09618846964009517,0.011910031921713624,-0.4037307589731251,0.10589222232160317,-0.30145348838235775,0.25304176735110523,-0.20475769109997485,0.7615234414140079,0.15874448975931002,0.4935230127572916,0.32496900451767813,0.8054477328604162,-0.15627986159690552,0.03993673438625267,-0.38210761948528166,0.42345927750766915,0.6115853732067739,0.892630270674103,-0.37560876299115425,0.3726853538559088,-1.234126549894563,0.415743714326657,-0.2775919297033907,0.5622290065160913,-0.7056680681506236,-0.46881066396499943,0.2875528030066648,0.02176499648277337,-0.5111078267645807,0.9167006521232005,-0.4088886632424288,-0.17198070435877225,-0.18359674403697437,0.14605983131868622,0.041620459633502804,-0.5322706833252334,0.36290724063276575,0.056857371534832474,-0.3260055709459564,0.7440748709793311,-0.4950215767096513,0.3393085185688196,0.1590308909619355,-0.49679862607549274,0.9850040795447735,0.3842992594923007,0.003735700483627103,0.6342829950723328,0.6255276086850106,-0.13659523519807962,0.3201999596246618,-0.11212659491018519,-0.7741354541977256,-0.466686198289948,-0.43370338747833836,-0.1400132069651801,-0.8259842554163678,-0.9033102831624193,-0.3886931929904687,-0.3160529408594004,-0.3672021148291818,-0.35631817271358684,0.5576627080526025,-0.47034328573133827,-0.0076317705574531864,-0.49541638419807726,-0.2667758123685059,-0.28948506897442106,-0.17708854158456844,-0.36526752751148656,0.5313150747957296,-0.20997721760493035,0.06260521505786984,0.45143893933406404,1.015959262927543
-1.4210705391111789,1.992645848955793,-1.5294050365461036,1.0632860083836082,-1.9521869977917972,-0.2508718384780565,-0.02322716965150333,0.42872590908012986,-0.2094819288748097,0.23347485050807984,-0.9405039610465571,0.36242554698984203,0.4633984650889011,0.03786764989777823,0.5264208787267803,-0.20126458561575317,0.2917822969776471,0.28660508627281167,0.1759316364456639,-0.25265622895485057,0.28177791088825194,0.6664742056754135,-0.1668954126022854,0.19625739912578744,0.021103180242234,0.6503572887873389,0.17431809262289907,0.5416513498248542,-0.3244776232062467,-0.025160057935682077,-0.06205437234046409,0.0155241836480383,0.7677020994131493,0.8051304021116491,-0.3638648708317226,0.3797770916239555,-0.22526143972783544,0.6078142476000931,0.956251960535945,-0.6972442010888534,0.3183200420754424,0.35256107941238457,-0.1553660892477225,0.88925513833698,0.3447204468644345,-0.0886791082633684,-0.030893417013736563,-0.30562515166211834,-0.2541077360750493,-0.43761233453532,0.015661475719175057,-0.3894347480668471,-0.23601270432368496,0.5917823879912939,0.3118387426946418,1.032384927638116,-0.34428117529081426,0.500277598747407,-0.12386836294625643,0.2778263649138045,0.12578429334269794,0.17128275733554696,0.4687761946468344,0.05119734544882313,-0.6407045231681583,1.7638219455889717,0.6141063378602952,-0.07930182763944729,-0.10081197424741478,0.5588856824465526,-0.1839132276300388,-0.6279132099716744,0.2411814294433005,-0.7515082595486596,-0.6109751456637523,0.3612815908124592,-0.44869631651763736,0.05241482858336324,-0.14026103882219637,-0.06790381533902692
-0.866619193029805,1.405904372142161,-1.7701380381729654,0.8556855726984891,-1.1241959019544607,0.1579021762340678,0.3419121261827887,-0.5724850941504297,-0.1975645099133089,-0.31059947829679063,-0.4846851094558228,-0.9481935777683131,0.34262069961097735,-0.6252003030369392,0.27005032724840755,-0.24415545454723225,-0.1195181327097854,0.31037646068208813,-0.2941938224914486,-1.2732679137144447,-0.12164386515149528,-0.2508259512072374,0.030034374583410166,-0.6182772249719803,-0.6424079922955623,0.12839256626050974,-0.42130873744397657,-0.21715961968360736,-0.5132897449698496,0.19004089119365986,-0.36281336299790284,0.3538178573312821,0.47356238525794303,-1.2123387051700856,-0.20392696907874178,0.16265485565012822,0.16986715840172437,-0.04217269207116034,0.06960299580842925,-0.08272869004316062,-0.6479507509396911,0.3306552916656098,0.9583547477296928,-0.2864922463412129,0.33918887410754395,-0.7605707869841718,-0.19945221916003106,-0.2897744466645143,-0.1457726447689399,-0.4591497380551262,-0.7203740717832389,-0.8066178557414123,-0.39325156466690153,0.27948852236672,0.3362901586137459,-0.09856944776983545,0.17426747419289762,-0.12580050670260665,0.8086582240881098,0.29760496474349163,-0.0018169474958880433,0.09458587149988411,-0.09283020681781388,-0.33602152160040366,1.2792532419065625,-0.28026198093779003,0.11844936490397719,-0.17681264531179933,-0.6140563587088629,-0.2551897586035942,-0.5631306215754956,0.30788099848214445,-0.07904223118241495,-0.7703409434077519,-0.4877061473397904,-0.2880201791622408,-0.010809310150632719,0.674161561185329,0.034634983404911654,-0.7677705141960132
0.12036353004779685,0.021563795145002063,0.39096904980159974,-0.24961049553390224,-0.4965257952328663,-0.20613964529335776,-0.20800101094199908,0.035860217460222,-0.44387984859949114,0.228639921055111,0.9390552646934031,0.6133165454588709,-0.30578398549281316,-0.6036901805917877,-0.3002122337447255,0.4655129109596782,0.43200617827776533,0.2350404657169278,0.12151466749045134,-0.07627963618476503,-0.16701330829918887,0.3022915691475554,-0.12933473498781664,-0.019920729864445142,-0.05795151548267864,-0.25899684751773655,0.33987630949200753,0.11587033005851344,0.6290443910716355,0.09605673317107577,-0.21919443306147607,-0.32283653729837314,-0.046078322668014086,-0.23346865405083733,-0.34781191970812364,0.2883336540133473,0.35469738630191544,0.4972508720270054,0.014201643736115653,-0.4758785008570286,-0.47067997225758634,0.4494321273488863,0.24400172743753293,0.3828078039462258,-0.2133639371091925,0.7177408791878251,0.08187943559321967,0.39557255899746413,0.4787214460702333,0.207615255215212,-1.0997022996490962,-0.18954893616691743,-0.34988925452795705,0.18493716980454095,-0.18536592087875697,-0.6621741167603505,-0.1822222231885934,1.0351533297271673,-0.1959408871406207,-0.37313132960867146,-0.7383130145923232,-0.18110413311319373,-0.09218425067405067,0.2742478822842164,-0.13657991035273798,0.15726874486739495,0.7126314325227624,0.06956797953454366,0.4177359083445474,-0.4475991737409791,-0.014999462149263107,-0.29637953014014334,0.1529401897487371,-0.5513672476014418,0.23091470615980786,0.3006221451835914,0.5005579662416162,-0.35779897745691464,-0.4531757355570382,0.1932815528019366
-0.5646715922491066,0.20886741435653516,-1.5582543759223357,0.298681518209292,-0.7880625319736763,0.49426488200842017,0.6358734998143238,-0.7741383435469736,0.08076074195501219,-0.5924330678453777,0.3826227941301164,0.22880978191348808,0.8811119510600837,-0.2295656409269897,-1.1160973977129476,-0.1482574071714464,-0.2994489355051301,-0.48523696643791014,-0.045134324899301186,0.1700415866791738,-0.09851021440456112,-0.5317874455899341,0.0842916012845759,0.4632226787990845,0.19578730465395563,-0.5051934720066582,-1.0270078595546301,0.239429800201384,0.6659563665353114,0.11518288460847018,0.44809435871227127,-1.0683358335091797,-0.001467759530726467,0.011421843925819186,0.11852869587246352,-0.7032361942643962,0.15970425827055743,0.8839303212136644,0.10062819926934653,-0.8567533472145423,-0.02387456696809779,-0.21287924667739888,-0.11572694185504871,0.44841643984700336,-0.32089632681056984,-0.10326849011193005,0.1262206942290258,0.9403498865204013,0.030288045051086464,0.395613097241727,-0.4425295366484539,0.31103577581481584,0.15460075975900645,0.08055812490696737,0.025652412140835152,-0.5098624979230394,0.11592353349526298,-0.29903276074376195,0.7880116847525344,0.845962982453396,-0.0951527294480718,-0.40741028600601054,0.05505638545304433,0.06532808046502238,0.8558770811459251,-0.24627565877377802,0.6861979495138298,-0.7313618940275385,-0.15376504034825722,-0.08167227619157122,0.5255109596612267,0.7110326953137535,-0.19624068731539318,-0.4125669345314882,0.41634964787633993,0.7809402653644785,-0.22788661950759523,0.593725412032025,0.23680722879390864,-0.5715699971887258
-0.7231775092123116,0.3087418091722082,0.05780955307917385,0.6964183163082813,-0.22948919399918025,0.5981014452262382,0.046352129837064805,0.1161650246349967,-0.41015163449499575,0.1525417687975955,0.2548843714472136,0.022063573663139845,0.027578397940818303,0.34534115227785483,-0.10869721904631302,0.1279000483714041,-0.4912963754447083,-0.5345424256513456,-0.03205520261694517,-0.26617841097351325,-0.5708872367506623,-0.23005752018155035,0.35991349911095594,-0.9222162004839102,0.5754841758138901,0.8012964952926144,0.9138524445356152,-0.22559493959245505,0.26480747045546116,-0.45967314537330556,0.13124775641542422,-0.6058424066565776,0.4395100341695394,-0.31830971486133197,-0.04500833824630462,-0.4375442688521893,0.33352129767180344,-0.7509604038887471,0.22798310369789712,-0.7708478738152087,0.16900762559719504,-0.9335856595613541,0.15585998120456013,-0.1591476200834803,-0.15887121507191798,-0.655556602743247,0.09209097381444616,0.3568217813256753,-0.42668353814587895,0.2621704429493428,0.33671638129931214,0.062129160326329556,0.21756375534784878,1.4019227585540246,0.589910074985629,0.25692610938886495,0.00829111023939609,0.04044886898557165,0.1409884343906539,0.3008342515181803,0.28940471495781317,-0.09939660525286778,0.2651040353064898,-0.14797298600258885,0.06456661819823237,0.6561229189846783,-1.107870937428966,-0.2504964589812017,-0.058764363293865376,0.1126946958211206,-0.580598389066684,0.8325457373467184,0.04596920254305015,-0.39552940999941943,-0.12850460086242643,0.3020407203509175,0.3479342964846501,0.1303674955493733,-0.34815585597481946,0.23969553057424825
-0.6969913665422962,0.532639118382809,-0.16343853832477429,1.1489005327419752,-0.34137703845510625,0.07226139019119904,-0.38834447209681744,0.3443219451559439,0.3248094673542204,0.2613616226038285,-0.18809418864110264,0.21836612093451613,0.11229204326714712,0.37499281036829557,-0.09646137272366039,0.6739297429507732,-0.1721937498674691,0.09296215173722201,-0.16350591720661156,0.12510909073718815,0.03764588891483641,0.2783820831259857,0.20382553245934337,-0.2873152373654398,0.07621215706701111,-0.31406175391274077,0.8563859875683862,-0.16460206623819595,0.2826635820982706,0.05900980977275762,-0.08218645809290956,0.34636705928245926,0.06644644412555963,0.7940269548771286,0.23424449183346266,0.08899370975041956,-0.8026425038469286,-0.20777161372767153,-0.1495369909898699,-0.24069127386580652,0.18528237540010944,0.6728863697982866,0.8005680396325602,0.15303153472483305,0.4699427365941966,0.4645415003874762,0.7858225712847665,0.5067235651588498,0.24263399512582384,0.0007060551703405284,0.3086381703452331,-0.5655939515630449,0.21731491027948308,-0.2852243474392217,-0.11756298939854276,-0.3909991130203425,1.2301537621515402,-0.6117011877713037,-0.202995285568145,-0.5799971153043618,0.04375051359980424,-0.27806216837850994,-0.6307478749327664,0.15480555141057029,-0.4046573710082212,-0.2574667632001117,-0.710202672645643,0.4075798990753255,-0.6592847692170757,0.9972454611860094,-0.16798323380615435,-0.8220973305478204,-0.8877403253645371,0.017748473036440632,0.24882448544765468,0.5729667492783156,0.4763732639972059,-0.40488574153091944,0.2877364977058875,0.5561328566213806
-0.8259853621849231,0.33665740830426194,0.7755346848546583,0.2529738568841301,-0.7710222737306527,0.3853498077793798,-0.3092608910031193,-0.22746053455532717,0.48193251516888147,0.482354287727476,-0.14689074130494517,-0.9727494701576672,-0.3373748368202366,0.5352451206363039,-0.49995191383933796,0.25089101040901207,0.5249802080258839,0.437146744586084,0.061374266396158464,-0.5529413219395343,0.3288985037475112,-0.7815241733031368,0.17766622134448087,0.002354686825218918,-0.27713196151500574,0.04049283598471389,0.10843954028021988,0.5180205582567732,0.6681841886283026,0.35213523623563164,0.025746703029659677,-0.20255792475561996,-0.41335581628580204,-0.4279001232565174,-0.1748045823378394,0.5989007636898181,0.14225207893795275,0.14752791803251147,-0.7478091093278584,-0.15442384642097357,-0.5839990820089601,0.41218030469699746,-0.024513448794316505,0.06636780813690647,0.47124738564591,0.5538982425460665,-0.2702770740105555,-0.7141022227343146,0.03855122948442229,0.433345254472149,0.36552738360904524,-0.2509452729894896,-0.6756895069324808,-0.2987145955019414,-0.1277459794076079,-0.1404453462923121,0.749872693421172,-0.006097591704229477,0.4283976872336531,0.020000970863188024,-0.01853639640213652,0.18838422671948482,-0.34889413712000583,0.8379165462891094,0.1779267286082606,-0.3441922901173312,0.4403099305963268,0.7856135178280352,0.3477981206733103,0.19783957425395693,-0.5297566607551648,-0.44364083646185837,-0.17929947063516857,0.4005513015362484,-0.300149209929162,0.08531233563306043,-0.2758005418129703,-0.5906252396331473,-0.1316154972738051,-0.22366595920877044
1.207834582053556,-1.5527991659887137,0.6541769911574206,-1.202336489551218,0.3167925227956052,-0.13570684606128688,0.6029653466471901,-0.2998891078450705,0.16462855680312732,-0.4777189995241157,0.03713839373796187,0.5269595134986578,0.5363163393517929,-0.2190488687048491,-0.3148634338758772,-0.17296413642037214,0.562507949821258,0.20070280332015397,-0.07504805561469384,0.9060474298817448,-0.30316200124752307,-0.076844958737141,0.24771270537993986,0.4904104363367098,0.09360608848122495,-0.07647205987113512,0.6824422977533534,-0.651827190861454,-0.5548333790969519,0.30127515854602815,0.3336037349440074,0.0703637502983147,-0.7627326266430849,-0.0782260999161031,-0.09972096682108318,0.2661976239701649,0.3557228054240774,-0.587217299881875,-0.50592151571052,0.20824743852772737,0.14681419273945198,0.7465909266329686,-0.3943696332136662,-0.8350932706790138,-0.4137677172611771,-0.1508318142167098,-0.40577307583197153,-0.4044457721310942,-0.38225897217655064,-0.16756791118540715,-0.2746791815094113,-0.09637746799950611,0.3174080615556738,-0.7452894164575563,-0.7520653983778987,0.04071536052193399,0.8820623823151393,0.04892531483888686,0.03368163300630406,0.589833155561246,-0.8907709156452159,-0.0393121904674143,0.744331281057601,0.09104293751274944,-0.35699000830614824,1.1402235733783352,0.7478704558277495,-0.0418442198090151,0.18728934641157313,-0.7818123310453655,0.08864134325597967,-0.5280761813374628,-0.06492411400007078,0.05473308918601015,-1.029790638391186,-0.2819111735889605,0.19892663981179076,0.07632786032564201,-0.73361299232321,0.5336180225646805
2.1070149027364717,-1.3872521047651951,1.884321751241886,-2.126863508932769,2.161662321215842,0.20014256841791325,-0.12902474202820763,-0.25642903814652857,-0.6461433405500783,-0.25367213407024114,-0.0749094026201681,-0.15546291667059745,0.03219681467362004,0.36566528292707984,0.24421372517259832,-0.8018979614576994,0.2715501474084643,0.32713223743258923,0.09762495924149053,0.3445605538984855,-0.10008387421293133,-0.7931564248081872,1.0590918139351586,0.32421726911083154,-0.015048816439135027,-0.09611231984300476,-0.7051177691717219,-0.3497028240041565,-0.39162168139229697,0.06757487294807549,0.4165463958460802,0.22423619871678782,-0.2772177794331136,0.38032652762260377,-0.5137460702244482,-0.13198374117684392,0.3261570723758293,0.7047997216813038,0.15230612850099529,-1.1509602407429496,-0.20596843715518529,-0.3756611738986491,0.7194521031049542,0.11745849383342746,-0.1737760414394857,-0.27895201667089814,-0.3243966388401518,-0.31141165191335424,0.24226044266018265,0.18827014867099373,0.04338416846503029,-0.4900409720733143,-0.013391049516052321,-0.029004314055969403,-0.42806105208660067,0.36069577694566474,-0.025063794923932386,-0.22041988974205304,0.061166363518749156,0.5073275968006397,0.740720083434504,-0.09567927017295273,-0.22999606298158995,-0.8826195225240938,-0.9856609511594057,0.5980783897271347,-0.26460774489316635,-0.4206483239072351,0.16227957656192202,0.7874378059685943,0.05291972079835877,-0.39187407940514696,-0.06910916783530756,0.372632597103615,0.10949324620434907,-0.21447835102244037,-0.41850721609838026,0.2015463301404445,0.33176869761619976,-0.06907637725596358
0.664792234189909,-0.4233474737547033,0.36121417177410176,-0.5492258936547354,0.8932471150023225,-0.478605923983757,0.11961819745138402,-0.42535535324266815,0.26549146214717617,0.5326553702142375,-0.5650958387574312,-0.40814706631289344,0.16889119656870388,-0.5315645355324337,-0.13052895726396802,-0.3756115172118355,-0.8227018982055352,-0.15669033564927162,0.08325081755340354,-0.12074282682607287,-0.7389537890001374,-0.003204556076145611,0.41890848532720415,-0.42443655384361423,-0.26130052712468443,0.5823981983803359,0.5930566044566487,-0.268074414793537,0.014897436606861634,-0.3285142569499018,-0.7012632257957842,-0.0037996382721531634,0.37483037814008013,0.15742302454862206,0.38374622354536075,-0.1798705255585136,0.08012508548610493,0.22822440666440466,0.35946277191332926,-0.10766684348539406,0.6184029974441011,0.0024103273728022364,-0.05481284138605368,-0.48259248685176864,0.2605630989913191,-0.2538475015722189,0.2217964546945175,-0.19202270242886701,0.13764647067406652,0.2666759698807291,0.168116432970518,-0.0854979995913803,0.12315896786337176,0.17169389852309297,0.07237186940138311,0.6880242903739183,0.03756524647378587,0.8116160775055674,0.2842843155575379,-0.01925564941130599,-0.1954011130317275,-1.025397213664167,0.7278281987594237,0.09360965451408333,0.21388544107991267,-0.39775572895577443,0.7016640529715672,-0.19007777729313882,0.9259715605910772,-0.6760863667177064,0.032050640765936396,-0.2597672594383988,0.6055163627676793,0.46654647804419364,0.43668325183708445,0.6851951814680617,0.18793451706843664,0.7352167039452463,-0.2984792980745197,-0.669619382961937
-1.1284693067039837,1.0261211092052325,-1.6644305564523063,1.0750239131176282,-2.071162340790599,0.631816253819198,-0.5224633771150862,0.135335639687165,-0.47182823469010005,0.06917939858366727,0.5932521972148473,-0.20663916640169921,0.18701464505566523,-0.4706198297684798,-0.4266768671988118,-0.6350099612762321,0.2854119476464077,-0.22675274415706673,0.06719498462411366,0.2685479918066961,0.23763522792701247,-0.3953109845434592,0.07384328644188849,0.15854762893794802,0.5932160438295873,0.1973251825152353,-0.3693359075788466,-0.815388424115274,-0.19287653387811174,0.11712697695175958,0.15206271593936388,-0.2935148273723221,-0.28607378970033415,0.374417074263592,0.7993344052514599,-0.13893782758993897,0.045931380109704295,0.508544424178387,1.0733547210833887,0.2704299456613795,-0.37061227820346676,0.3133014030411513,0.2514687819957344,-0.26009710487826254,0.02549918611651437,0.32426053224458634,0.012449565684071367,-0.24023726887906163,0.5336995776371213,0.3029181342899837,0.5031484525220915,0.03764312777663115,0.8976082896442505,0.5953255740160888,0.2711239735206636,-0.37846372407753975,-0.4905753127713151,-0.5783849535834561,0.07396404726424846,0.22249479556229945,0.9049432482996546,0.3758297265268655,-0.3146957596352445,-0.3038586891474744,0.21176958095840032,-0.36138467914026373,0.06335066275353686,-0.21158697563716106,0.6741629335353335,0.3740479808759768,-0.01729563863277594,0.17640133834101598,0.5626911003979332,-0.5621354334936467,-0.885119638441179,0.632949180440846,-0.0968117046138233,0.01345591103014975,-0.833219643207886,0.8259057316183713
-0.5134044463980536,0.2673809764417297,-1.3317500296407931,0.9791106808795886,-0.4127500480783517,-1.3460199696237418,-0.1134518140495795,-0.03071880924036152,-0.2511198913891936,0.662561310847714,-1.1976362682822026,-0.05196250548386955,0.5715196051506621,-1.0119232083625378,-0.3332020711557063,-0.45795388198323805,-0.2692883129531006,0.4810297734605259,0.46110581335386486,-0.3445251251832783,0.5608275306011925,-0.168613223734566,0.44508843031779327,0.025435871648724528,0.009506402340833366,-0.921721337457795,-0.07201460669086492,0.22195526733967097,-0.014783829598778442,0.3923630464458688,-0.7388571206327209,-0.12069703006259427,-0.14456423612689714,0.49087127168021943,-0.12701886551346436,-0.4244659765000617,-0.26986264481609934,0.10196515889765985,-0.341182241502253,-0.37540484995981216,-0.18693259671340579,0.37345702959551735,-0.30047851630136346,-0.14303637027652033,0.5070069543238844,1.0347064779201525,-0.22000929379637796,0.4177304480429204,-0.23888716163248652,0.6053989021670476,-0.20611138371324886,0.30045451563349884,-0.39541447731023627,-0.2178562713655732,0.10249183851044973,-0.4474844206279912,0.6826217401755583,-0.0882365043928866,-0.5369109531154965,0.3128712623297182,0.602409319364074,0.7148925542233513,-0.327799749705349,-0.5694539847169908,-0.11118542433796715,-0.17678661352245148,-0.10826530037537585,-0.2278822793980925,-0.37946384973862524,-0.4393569621946103,0.21617830288685058,0.7474170796863305,0.9679585932377874,0.11931080124724754,-0.22858068605209728,-0.7716936826223117,-0.49735351066343664,-0.14965308773087072,0.6240963389053448,-0.00713509126176758
0.7311734267909122,-1.9721133387249,1.3578412635766153,-0.7829961847472094,0.9396937912113246,-0.26506597232080675,-0.1185078621357653,0.03143019972748116,-0.3573368390553663,-1.2002122215260465,-0.0720856651487517,0.012118289480551781,0.7045648903182388,-0.21036794295426114,-0.14369180250153224,0.07478455275601416,-0.643384001240878,-0.3385682539077209,-0.04096790303784279,0.39911384694869184,-0.32361845662081257,0.24379443861014105,-0.20085998575355268,-0.42872113869882245,0.14086797649397953,-0.5624942276649111,-0.04616984241298818,-0.29723799002759554,0.7119544651214696,-1.1245481968823718,-0.6525829498025287,-0.18430220354633356,-0.3777982992783542,0.5415711396573988,-0.2824713462626608,-0.28344439522576576,-0.3539222255250497,0.10687703243629075,0.18411523836848523,-0.28407562711220624,0.10949786183863255,-0.3999471401714072,0.03729076231476149,-0.5359724459039026,0.2429211485449002,-0.2056238876384276,0.756965040077993,-0.09757603625971845,0.46675391929709753,-0.49033279371058786,-0.02863651318452943,-0.03073445105331236,0.2551049465118241,0.3635079502059975,0.43665329887879306,-0.5391308081651335,0.16227381453887943,-0.11200226260871227,0.03504684344151945,0.5485372847998204,0.15198739793532842,-0.5618702615833985,0.33659437544335696,0.7396776962829061,0.4399583096046743,-0.6612426264077464,-0.8215364819389487,0.05873580874215628,-0.5445079710331717,-0.36087782858521283,-0.15132145822831836,-0.6022248407224046,-0.1578152650600903,0.389683750479162,-0.21015732534084702,0.00029413928078435606,-0.55464394530401,-0.07576280155914984,0.3562934356861636,0.017964347517131718
-0.30575842745611104,0.4825688606774895,0.05715108926847723,-0.9751576819031895,0.41406108240855755,0.28144019884778676,-0.3314163439014976,-0.33144959309381106,-0.010149308860696633,-0.21563650996957334,0.14049108531760404,-0.10107943111572554,-0.1944766093861456,-0.7500381139423812,-0.11339515045566684,0.07900548240562195,-0.3008252878690414,0.3126308245378477,0.2489656689062625,-0.2734438326628505,0.48809942778423615,-0.13589950116517557,-0.08441284895918011,-0.4345796523306825,-0.6923721599732827,-0.28201600470227595,-0.7695305651567608,-0.3331434900383075,-0.00948189407581467,-0.059710649711259174,-0.2891412555461623,-0.49185416197074167,-0.024677071465089025,0.13132139834972706,0.3154584472334046,0.7114303393932192,0.10678108198118252,0.49217588160648257,-0.2507316366932831,0.2309246736379128,0.28564049856294993,-0.17456480469894453,0.3151118432734102,0.9930834597221766,0.31411534175826933,0.9362768629325815,0.021637419892516007,0.6338526501174846,-0.5144671532315322,-0.4354094833253689,0.496642172152198,-0.477971018741398,-0.2401497368844428,-0.05472173916903073,0.43899830122651495,0.16101167729885427,-0.078751534671556,-0.12557217905726856,-0.2230942534141056,-0.24765246038568525,-0.3552134045764764,-0.03032742180740791,-0.418211373558207,0.003684527838472109,0.9106633001240226,0.18588524573790025,0.3892189344204813,-0.509648369498333,0.1537105013996772,0.32048130966736404,-0.038999481732228065,0.4356104061977114,0.28451106860329944,0.09587810090158039,0.21923114199390573,0.0849742197757569,0.29029637783086953,0.4466680178369703,-0.5871495598451646,0.7084963239285339
-0.08318774079960567,1.0923922665074044,0.04471819384037401,0.5980273989570811,-0.7765815254013417,0.32805422892973946,-0.6545865928660423,-0.3188627924560657,-0.9192789438433865,0.2739592660825295,0.755408199103762,-0.005345866321736134,-0.7049142199385834,0.11323244719621467,0.185577593496238,0.0027041043049724177,-0.01175494776484945,-0.9070213736656384,-0.5475265058402384,0.6563089565568866,0.25628412670765954,0.973601938742936,0.43216640252923305,0.8577409178739376,0.8847535839442755,-0.17950917069053224,-0.3219649517071122,0.36173941183314406,0.33866132278342387,0.5378217272046242,-0.47407836770250056,-0.3720624134711267,-0.2208313553636655,0.19252981246338516,0.28220202669686467,-0.03581609703222335,-0.3729473713656708,0.39862814082741416,0.1805385380983019,0.036360541772477994,-0.13163439625216472,-0.929210411027495,0.19964024605627329,0.2676945630252104,0.7168481882079374,0.048555536889817674,-0.3817820324748289,-0.6464062710375155,-0.3381791579339857,0.12805722454709229,0.7414277228993899,0.46520552759744943,0.07451628508981763,0.28479013692806554,0.2636466842047202,-0.49866474619079604,0.14351717289462473,-0.4875642238133094,-0.36085152758500016,-0.5918318431306908,0.6362876553316602,0.34472470809205297,0.01209069561327627,-0.33125827935901897,-0.646398593826079,0.4720420306046585,-0.8281285082500063,0.7321661369209826,-1.1092475875869747,-0.7195738997200537,-1.2740570452981883,-0.4089435193346521,-1.210817023132,-0.9962125852452973,0.07574739454293665,0.0464771270898109,0.23795979709939818,0.559655362144545,-0.07888878540224126,0.3138476003598912
-0.9281557016261581,0.16733583838039592,-0.05299377782166992,-0.3750309556979735,0.06372473455509153,-0.7354951500350012,-0.683049400549206,0.5618152142018945,-0.19818687200873827,0.28866548891918337,0.36530525796297686,0.6634294294175793,-0.3414405358811679,0.35382629800599485,0.25263421710301903,0.5185079065257017,0.28486629222098836,0.10143322593438166,0.3032238078187375,0.3368006487169693,-0.4763105908055064,0.18893794771820896,-0.669318707344274,0.5339699151756808,0.13810732508175502,0.5256233744759042,0.10164829231005845,-0.37928259312106627,-0.38888644689847685,0.14187501170229805,-0.04213878505440455,0.1917847880332079,-0.9303556555760455,-0.25039758394344075,0.15185084258649717,-0.8383839533427747,-0.5475982466725859,0.3825052868311804,-0.4058513731668615,0.22259059236901804,0.26955565348442456,-0.4719637737242201,0.1362817457796852,0.5075541592181355,0.886065996914041,0.5261003378742236,0.7480751459450893,-0.22422496248317902,0.19529198406093204,-0.39945624992023043,-0.23187992858630277,0.2256692642041845,0.006859400279332918,-0.09043023272447846,0.34917083881803046,-0.2792265329841607,-0.2595704425314816,0.41576847105339826,0.2775550215758428,-0.46331149592598775,0.5280509434148533,0.02026843229321521,0.021730701850058005,-0.9466676914021687,-0.08375926987939675,-0.4289919447797175,-0.05341157187932663,-0.41783723719129273,-0.5923107357520621,-0.8999092309834295,-0.07959720159653727,0.06014309334824253,-0.21840917000265045,0.16088236614204157,-0.8037148439714081,0.38268285556365067,-0.32698489815901377,-0.06502189714318404,-0.20188282333895852,-0.27515589633219995
1.0078167459782,-0.33272260719653474,0.15885190164492935,-0.5888192610178324,0.11185306891276886,0.02906590262676203,-0.6555492583656665,0.5044586270050949,0.39007828777641823,0.7320742276660669,0.2882309167562433,0.1193787514255663,0.7087816317549321,0.49456135792927547,-0.03334012498072918,0.14780098705774644,-0.4844203802045655,-0.03536304641793768,-0.30633086721377395,0.4104132276437025,-0.8225362020110697,-0.04528409430422296,0.51707605671042,-0.7481988615197971,-0.32936951547690446,0.2916525975519161,0.35334145526421407,0.172798377946642,-0.040206804557463886,-0.24405941799516448,-0.3635946685622728,0.20822608121939237,-0.4288414408879379,-0.5908022073800655,0.4306249126822998,-0.2860612134579133,0.3654797281019397,0.31509017011840607,0.18204879334214916,-0.5668219378807099,0.15236789400620282,-0.17087152506672465,0.6797922135194789,0.056813344692863026,-0.008844265275267296,0.5503653773394453,0.31139588380534106,-0.1390668057688824,-0.15087542375490834,0.19861556796374374,0.255718893931215,0.7638380931369085,0.1313424207747531,-0.2835121839450375,-0.3212546962133667,-0.12778493854410944,-0.18615573695741186,-0.3906252113950691,-0.4867771406640151,0.24536061672385254,-0.29303530951634876,0.47631674640060206,0.3448033435309143,0.044644453760337925,0.13119288133507448,0.36129951120710024,0.4139016414755874,0.41714617431866086,0.8682673868887721,-0.6004779077716916,-0.7443950017527999,-0.28170543141784965,-0.2978490218728022,0.254459118543133,0.4050528901374053,-0.4965874083078433,-0.01580887538025955,0.10006575796737686,-0.8052206224261528,0.028716465709000806
-1.1208340173271387,0.26194102651668066,-1.2590986261511516,0.49141747951381165,-0.22976173781584247,0.3710018726321103,0.1813502168374942,0.5406013251754035,1.1782245952153498,0.18754724617978127,-0.18401559392864736,-0.18878027121316954,-0.3383979489289503,0.1437364587098141,0.07278333297575866,-0.44198400638416097,0.1927305413347883,-0.4517171373609482,-0.28856052617197553,-0.07180697413883058,-0.2800246107556678,0.19686957302509606,-0.3462441882429175,-0.2694894097878933,0.12319773428518152,-0.3710595634535191,1.1179823004002205,-0.24177633276716284,0.2658989289249522,0.021885826736540603,-0.28772551177327454,-0.20934265666338697,0.23461324137466943,-0.1293096268071919,-0.9020690847645657,-0.1390959349210482,0.4065309684567,-0.41496873152542585,0.3341484105965877,-0.757742077366212,0.3327445406946398,0.798537797598949,0.14393307761518886,-0.012327243428622838,0.3679958197051993,0.6930951706495194,0.24830829359171,-0.47305796511743675,0.5795333455692683,0.06665710866384641,0.5347892805356538,0.4152057037094874,0.33912353603592066,-0.3618442927244191,-0.05967270098107612,0.11429857101232392,0.295625853051602,-0.4052589111411249,0.44148502592176553,-0.07086089763808184,-0.6491396275580034,0.5581780567009463,-0.06206446513985513,-0.2570966922309486,-0.3581797887044116,-0.4252945982878589,-0.3476377824823596,0.3098420073980659,1.1599420218281595,0.19889854624918502,-0.5534323804683322,-0.3010912392173642,0.22178492249553589,0.4524081835099223,0.7655031000385977,0.1830729946719664,-0.12033381730356975,0.058126408840746935,0.04529056238199603,-0.26664678577008843
1.169397782155576,-1.242653846112207,1.3495627303476183,-1.2212312796001648,1.3424471250276617,0.1861951250739842,0.6834630051871862,-0.3575503560055435,0.276566595553999,-0.6588360970060528,0.25279251999292723,-0.3390978586284992,0.26497977842440723,-0.6037053362171102,0.25513779329692116,-0.10784992621603456,0.2918896197869813,-0.3840165845644238,0.0028346522802556217,0.4658746275570168,0.18836728786931706,0.6241663758162338,-0.4434494681565553,0.18756758843026447,-0.15405831079159052,0.05541150043953778,0.1781307206481146,-0.0830670595031349,0.7432530819592842,0.0877013186896648,-0.21321147016496025,-0.3494330773306337,-0.6433257832649361,0.25312217177242075,0.10081252884829602,-0.33118321857450095,-0.029513848540677446,-0.1519189773541083,0.6664396226533927,0.4793491974607982,0.5785554757116885,0.2407823445543063,0.30731747136950577,0.2752556796912453,-0.27414538569890123,-0.4410028732645114,-0.10760737630133564,-0.2684070818382155,-0.0030968120949711664,0.5887401593083958,0.3339978790962222,-0.054318739476830795,0.6176142822850935,-0.5972910253797196,-0.3711833064047846,-0.9431452489965455,-0.0009419607184337064,-0.5053611236957786,0.6100122168046854,-0.38419454992689267,0.09315573626235926,1.0586837525187387,0.33096851336490607,-0.2519545284561218,-0.1789252375191035,-0.12302981786210697,-0.595538774228133,-0.6815863770840562,-0.5242320111493138,0.3323642410445689,-0.12103333620098748,-0.16609848052885673,-0.6117896488844552,0.06423496914598052,-1.0469299103354934,0.10174401746505327,0.20027323536779704,0.07523356834445105,0.38495436025697677,-0.43464955916389375
0.5635819347419515,-0.6078161150646784,-0.06270880060966422,-0.9823065038964895,1.0498202765273574,0.11282826149641911,0.43715476331703074,-0.008715362252446771,-0.32036400423888867,-0.21570506237491413,0.8229002727243765,-0.8775716024383196,-0.4067002449477967,-0.10259911328533354,0.4388217525892608,-0.07942931449844363,-0.27684836859033163,-0.3814599381856981,-0.6388027998013786,0.11242432106923192,-0.2612612125241108,-1.0656615863616496,0.006228957650770872,0.19666065346553752,0.7545817243342223,-0.1451195263151472,0.2693230527586619,0.5312577827333801,0.49565579495597245,-0.8350660140163643,-0.9005761172822331,0.028606279074220944,-0.850467088785054,0.06721375686797251,-0.46517554460898874,0.08584466231773091,0.27037853387201694,0.15093214828607582,-0.7973214753895823,1.035152758540945,-0.11158277698324819,-0.6991515488376914,0.10706680540661215,-0.19556647054102275,0.33259961337996935,0.6945906966260955,0.5953028204154825,-0.10575594058341982,-0.03673439633780801,-0.026369400233419417,-0.20906957853582045,-0.019540339269352613,-0.30612397050217116,-0.3525246030465812,0.39738572378438736,0.41741863134361795,-0.20879354760312682,-0.20178557969927205,0.3412069603461022,-0.263665342611795,-0.03766511965793741,-0.27802160975158324,0.45773141842208775,0.05104407486554389,0.49952152185870174,-0.6800378678633128,0.15584727403520626,-0.009217238954255321,-0.3569756761761254,-0.21654060653704638,-0.10785080008270637,0.08436744287914645,-0.03073858583565811,-0.423818900292834,-0.03871993894719818,0.19770749253542477,-0.19830708912679543,0.032322808161262796,0.23789935575516696,0.7951253420160578
0.7607760203225626,0.4586752703751413,-0.039497426461343466,0.07681541490027749,0.12174265390401282,-0.5461785946752822,0.2887158818359095,-0.48922192323897956,0.14040332332057717,0.3108899295743311,0.27177647292115753,1.0409957647063524,-0.2835620517117447,0.9668465385423258,-0.09584312410587778,-0.027960493730829542,0.6841704754420073,0.4903367335563645,-0.7423285459646691,-0.6798761409152386,-0.3659405742853784,0.12414884519512269,0.3844349202271487,0.04523936256755537,-0.28863197476896923,-0.09113377061127814,0.8496913870672391,0.3832251949701331,-0.4859270659257484,-0.21210720852361414,-0.2795275962806885,0.3336257241574057,0.0508018272764915,-0.4295111177717231,-0.46173894432608376,0.3990272692467879,0.246143728367567,-0.12550140773447035,0.4293234121130243,-0.42070091643585433,-0.015998585483042064,0.27742633450551474,0.372930150780958,-0.38970238942978425,-0.08937665485290865,-0.17315689110789234,-0.33661333977748503,0.06666618310490184,-0.048869315657710986,-0.03226005257114087,0.658313628914544,0.20324828131374226,0.10087263986212473,0.31179052016690484,0.6853585467977856,0.20437053067080943,0.6036377869623456,0.1637469044531112,-0.06261543453964875,-0.5798164061109436,0.7789702439723767,-0.32438518506963043,0.7207419630205076,-0.26159016455218764,-0.06453411286888608,0.16766301676584183,0.38581982912589136,0.010463578846008846,-0.14752640726350932,0.0663805290436432,0.4338380268555967,-0.7982135177394846,0.12825459648765047,0.09731995354142144,-0.2587460082855686,0.7367162868615243,0.09123095132671664,-0.4967791815084823,0.2503849477916063,0.31734212966806086
-0.5575591743836903,0.2400915515343593,0.17840898370687702,1.1154126363367083,-1.2170697945568527,-0.28841944232038513,0.3921577747547048,-0.01995610862600042,0.05732604492089915,-0.2517435122998897,0.2814982577776103,0.3419422499633242,0.7782378467498116,-0.13495442726859097,-0.7005456868658686,0.21489747822100888,-0.5622943959743454,-0.056218972972270076,-0.48682932388961736,-0.5075034899199214,0.06807171289743734,-0.03970751620791297,-0.6904471570430074,-0.34678339202766145,0.31162012563497554,-0.1089342322666836,-0.1924665248781804,0.4368191057447268,0.7776252250958837,0.45354753064595726,-0.5262180324242257,-0.5317202991952005,-0.32734427918053327,-0.10855868259900608,0.45944027623004446,0.558148180374535,0.103103339648333,-0.37113745748529126,0.31602383822434105,-0.5824211150924784,0.1455120616343988,-0.11369389925437237,0.49558059475518323,0.1626760468126246,0.08659996976190862,0.2873339620978114,0.491303416299299,0.4620115512330804,0.5969047778847978,-0.24921673193962854,-0.35190979933233446,0.31840271354097727,-0.5835713152602992,0.08891805796642789,0.049487898081591195,-0.38010149040086993,-0.4556810209414994,0.3859744834107097,0.40867369237513124,-0.9569983014490279,0.14485080343216428,-0.9395422701728041,0.2770238305815674,0.03594485938330148,-0.9249267810655287,-0.06441503426894628,0.1613474649104105,-0.4080762221507192,1.0309295092111344,0.4377697494370943,0.5018739221798247,-0.20333417263445802,0.4688867334024512,0.548569433843127,0.3043650885338574,-0.39624726665688753,0.17116636163638477,-0.022730599630878232,-0.7506458343241854,-0.3590738009894243
1.464196142924961,-2.6359065584945682,1.6231773691636955,-1.5775459427579446,1.6261422633146052,1.177099898294005,0.4126563950762692,0.33391143272554874,0.10142860397995966,0.006530850703213786,-0.7054365513031404,-0.36073847457680625,0.4757735115583235,0.17935351331694363,-0.4591122642197239,0.4165756828583812,0.6631121515482385,-0.5349932598391421,-0.29636073091442305,0.42890148380844273,-0.18649939122300002,-0.28129973202130903,-0.6555687519083284,0.021327861691720677,0.7246200489987283,0.4259516136110968,0.514984005980329,-0.675107776951609,-0.26293889963497213,0.12751815217067786,-0.015180564552454534,-0.2850874029113604,0.35681229438387607,0.7352678132403336,0.11189844079264048,-0.34213509085490473,0.5850136558897789,-0.16931473061589025,-0.6604432406713142,-0.5677197263590419,-0.40054392173630093,0.09966871364197034,-0.5156425431377699,0.17658069382075678,-0.5289359733792347,0.2880598673155779,-0.18323111690398652,0.7278931925835708,-0.36881021041423334,0.882899042085421,0.41320704489742804,0.10927196324279351,-0.22956573915798,0.21417410763708047,0.3000999255417386,0.5155494706120607,0.5972542562791064,0.4764780249740828,0.031532066927127074,0.12917568477328858,0.29634082202400264,0.09885920751653252,0.33704523862760416,0.08126219559374208,0.20193530016436567,0.07605087338957676,-0.5137150025971294,-0.028137340925416407,-0.027967768345935583,0.5089683966677523,0.5000908538290914,0.18934881678197363,0.47238894223571243,-0.7653193403842821,-0.007522970640825614,0.33688975875455174,0.3168877380293365,0.36052603844680925,0.037525427411096886,0.014461582017239558
-0.5644922805956845,1.0282624097383979,-1.9585334196951296,1.6593560460946413,-0.6273230847874433,0.14751459131517408,0.5221158471857085,0.027264461654263737,-0.5958291049577452,-0.5797942590035273,0.15246905471416228,0.3979232832899331,0.01717570607629043,-0.2722026661990817,0.31337081660850585,0.18922650339282085,-0.1688717322770337,-0.5315371674194209,0.05497569757134889,-0.25053059283510765,0.3775635056269275,-0.5091382456615017,0.7033190238398068,0.3211003805233141,0.17556831361375302,1.1854999284999996,-0.048722300651766595,0.08302945019415998,-0.25062810938413715,0.24040028324456067,-1.259680411461997,-0.12122985766779758,-0.4339428882917272,-0.5290619322904311,-0.5746275628300505,-0.09778723975644311,0.42914988690132205,-0.018752725460844808,-0.034613135910945655,-0.6912710851856708,-0.22895659267281374,-0.2571786575314501,-0.37478582490215345,-0.05191139636187199,0.027786252408589063,-0.11038822688576537,0.05993358202225365,-0.19679840861277195,-0.30283513755842134,0.045381012365721674,0.17298630219558356,-0.1419190459391145,-0.4583098214876057,-0.17234570990037915,-0.7967787576634409,0.6807974581908157,-0.4861174333519973,-0.6251887102304741,-0.498994301709883,0.13351161511178405,-0.23374388801280563,-0.43821830265075873,0.4187598632266621,0.011643926800063724,0.3691740599554151,-0.8338683609957779,0.7793924143678456,-0.9416281364801167,0.5012265441850509,-0.2898726030062363,-0.42440688593181003,-0.36617693444338795,-0.04664507416835367,-0.38391470642240816,0.691517124004615,0.5736429709005064,0.32296041360880123,-0.03496531745775286,-0.15364675818382875,0.24787746526037607
-0.4740015912721231,0.5386996412974543,-0.17884542017962646,1.197156990192227,-0.8179108515371137,0.18274022984390081,0.3688522419377442,-0.038485613292878924,0.7549398959744246,0.007460041783678588,0.8520021304338999,-0.7618186256384964,-0.44186485663944675,0.49995561791348025,-0.20011384058062426,-0.4382349285363715,-0.45753750280454586,-0.8108874419347106,-0.5243909961602397,0.07966427876413001,0.3698347206479916,-0.06365836675014398,0.40597053595255694,0.5339408038243693,-0.6174202845300057,0.032200599656540346,-0.6118838655025327,0.8953920795507307,-0.034549911914010564,0.35940980437704534,1.2441604038875584,0.03935495966994166,0.18798380836275638,-0.21216384176128494,0.13042668186488734,0.285486315106605,-0.02795251810906648,-0.6436050293630033,-0.4091718613352441,0.267851646533313,0.8118422845624146,0.06337540408520762,0.7063117145826332,-0.07040516705838752,1.5508871518309386,0.2997607516467201,-0.18694026409492767,-0.3481892014533322,-0.5943433319433401,0.29120585737225557,-0.6435621125763697,0.8069924995323073,0.36861422003983746,-0.05703971523263572,0.3913768503516574,-0.12203010416061508,-0.3220846838043177,-0.1251067199781858,0.6814966304488105,0.23018253549298162,-0.3275559777334219,-0.3310045495188226,0.037442237488657985,0.014621788846800146,0.7170721286894963,0.654544959796103,0.3521800086747881,0.19616995160455175,0.4797356309279988,-0.07600717437330193,-1.0264297156032294,0.021405082325505545,-0.25106145197658647,0.430766126772776,-0.14989804496777356,-0.40518210279954336,-0.2435218859407569,-0.6101880157275104,-0.055282800843468254,0.5246222873093285
-0.4877275503508015,0.1578278376016371,-0.3924221167394518,1.173416030347083,-1.5534555921454944,0.10046611545795212,-0.3265134742380603,-0.8786903623096917,-0.5484975533957496,0.9416501281810458,-0.39163321654577965,-0.20714718928994444,-0.2323366179838618,0.36935452848784883,0.2722124006563297,0.4349450171594932,-0.0016035579361947175,0.6298424726695244,0.4751368725807708,-0.16493171465423945,0.21308006977393928,0.7014590312846664,0.015289895833275337,0.2715021955558462,0.06350142320438465,0.28901457848787143,0.6298171189283385,-0.6324427619837197,-0.09588603399043888,0.2539155693921865,-0.061055114589401244,-0.6493211426902056,-0.1339273565873798,0.22151499711167688,-1.0612592593184946,0.4664805484184276,0.1444231785539977,0.4556763388714251,0.4352937258373082,-0.2880685453724455,0.018326430773580375,-0.1938796344838157,-0.6503563555998612,0.4990110870038261,-0.34276678880102784,-0.46441255258554964,0.14921033274753476,-0.4028065314298934,0.2667857771452229,0.8992152380429158,-0.33294629724881486,-0.11005278740851802,-0.422878485148226,0.1300017880527757,-0.03740807269963545,0.04141068586540278,-0.0435098797465345,-0.10596233897748615,0.30165714308259145,0.1270313709793016,0.44888658188049596,0.17272063415190117,-0.7551674177917576,-0.35772857962290544,-0.584173766315188,-0.30527473401797356,1.2048816434321528,-0.07660846137538789,-1.0621742122317483,0.4939485098909176,-0.32348202539107307,0.10133281788959551,-0.7108752244016682,0.31946780861161916,-0.12955494222276828,-0.4497989157618121,-1.087138422845928,0.22330550384765618,0.6147520026674765,0.45648173110916174
-0.2108840975846307,1.0153104062115297,-0.49753634576614214,0.43739522250697893,0.6683739689980603,0.2883190879643635,0.18725268285913182,0.08956099686990997,-0.003872841924727347,0.05672449909234771,0.07504837850291995,0.06214084049298807,-0.11630273370192579,0.06014713989774937,-0.9619933112513014,-0.3558355701416357,0.5682723610927208,0.3651375474639939,-0.7426394557435929,-0.15641940508215674,0.3127942036709593,-0.26543212240443753,0.8987689721247532,-0.18455568603299208,0.036543251202340025,0.027353544075409086,0.8532797060026804,0.2664739555219877,0.07260252925853022,-0.12158818523937436,-0.018415862051094748,-0.5624243650189513,-0.036386776548726116,0.06544734882932456,-0.137741645218898,-0.1451480482642857,-0.6502501581854969,0.3862092490953519,0.32862566115397973,0.2820296122124538,-0.13538944467031028,-0.6695034899966918,-0.3116149797443456,0.24785172991775828,1.0332406286805722,-0.4121721469339396,-0.2904820293605581,-0.05977448441599295,-0.2542550194293848,-0.34981124386558377,-0.5541889714570705,0.13041685447350554,-0.0009928420320171488,-0.3557571536238272,-0.3592278307532757,-0.6943979752350138,-0.4001078450217173,0.13080767782207292,0.42229647037255724,0.1786329224771935,0.2061885914363526,0.3555351987429189,1.0766084297463963,-0.614976328661733,-0.4672674172962517,0.2097000103923433,-0.10683657644156543,0.4028193496109718,-0.15697803131003885,-0.256660360133586,0.26555132550644706,0.03830366070526604,-0.08847473111652789,-0.3939847151220141,-0.13300952139478553,0.3169137354079608,-0.649875168992145,0.5108656331766065,-0.38164819360602525,-0.2225150964791767
0.43577167435395026,-0.02657927880865324,-0.45434170966415954,0.09527716318379109,0.14057899213153363,-1.003812456775124,0.15069494129917563,-0.6090622610175173,0.2583038893533408,0.18997104144581964,0.6447991593670248,0.6574404992589776,0.46294832157546134,-0.20520277497077993,0.19745960552742783,-0.5018877123428989,-0.12011717708879009,0.03258048287403212,-0.021863049157657823,0.3068698356464525,0.022289882578791526,-0.6243522079694279,-0.32150378643170147,-0.2272640600806593,-0.21767064564257818,-0.4746835031521291,-0.3409573680973128,0.46279224201522745,-0.42969845313825505,1.0219360567729094,-0.42040240142112073,-0.39035816938938145,-0.07601317267569994,0.07112425410483264,0.005908824711672349,-0.5029302739322556,0.43239294377350573,-0.3145273387384761,-0.30188278241902083,0.09330939224939096,-1.1019364819639257,0.7667148692467529,-0.379060240210165,-0.3451180581209139,-0.4600527939554228,0.12612152467890256,-0.5760216023594251,-0.5565480860389397,-0.05138343163741891,-0.1747373234363379,0.681132483903145,-0.8703504989887262,-0.2578487004926701,0.7449456715709009,0.24249101417642388,0.04354926532973888,0.18922544168187466,-0.32778125606787945,0.22539890866078138,-0.15336318051425957,0.23965668617669003,0.22750108377961809,0.12629260461175246,0.014965795596377063,-0.5900563660031314,-0.35285923696174676,0.12353431600560291,0.04101529676651559,-0.015416179547478422,0.1601621233498054,-0.7097339284521165,0.6856363014090523,-0.5326953606240982,-0.45483289123461396,0.008592910580500194,0.09827301449155293,0.5484271812864112,-0.9296996866680401,0.4535127274284165,0.5871298473829009
-0.2591073616827806,0.6928979859152623,-0.03131528984893589,0.4673482619094646,-0.47553492702983047,0.4349346016981793,-0.14085182670929652,0.03974029389580048,0.0375293981531196,0.39995254654636647,0.0016517108689226726,0.19560849871023667,0.15318288610685557,0.23924089308081,0.10287435270027406,0.48065688619198016,0.19828929656131297,0.3211718167986432,0.9781681353842103,-0.7129162310407522,-0.30858345182503794,0.21050819873484472,-0.604684276869489,-0.7064358460450557,-0.5145221266390585,0.4580297031118813,0.6423003943475709,-0.35832896614512444,0.31727302665409507,-0.6734984303060215,-0.05061505835548106,-0.10612241121781954,-0.06841102742385,-0.11751769900734658,0.701904011827512,0.07139061660038454,-0.9542200703278971,-0.5381029682307963,-1.3152726094865823,-0.2451890899965571,0.14560847966013835,-0.12364591816592463,-0.6202655148874409,0.6852110489323053,0.4173649436770092,0.10981173864959803,0.28413192718355773,-0.6268530637051982,-0.35404240796664144,-0.06288373304377998,0.4033116265016471,0.41235965195525,0.33600538460609597,-0.7580474245803835,0.9055343199373155,0.04868221856683908,0.07370375972342724,0.2768965445136106,-0.3176226302260404,0.21203740745169086,0.128584360809719,-0.16038646901787468,0.3169563438027158,0.004390176437953422,0.28052166512046495,0.003883794720242492,-0.33110053124738437,-0.19358094821107694,-0.20370104329189245,-0.518811419819607,-0.3183279615736484,0.09359153284222961,0.2598913630239967,-0.6166780124949399,0.17267126862432644,0.21995183534469342,1.0160430235578441,0.42321787622518253,0.5433815388705694,-0.3125670866756268
-1.545117746845899,2.1354167452940453,-1.7262009098372872,1.2873084677442652,-1.1442643660976044,0.4261446145600959,-0.20624967124364801,-0.5205780918721854,1.0121977641617599,-0.042582603784281865,-0.46029389849699026,0.5071835531465257,-0.06116078392557995,0.172959588744875,0.5299698393699741,-0.5472883391542813,-0.2624542019271903,0.012500609732805272,-0.5063258314937068,-0.4876672427728184,-0.5731552272588567,-0.5063844626526649,-0.5745591169008034,-1.0182131233667637,-0.4995856143936811,-0.11014383598407472,0.38769937858153913,-0.3661180575036705,0.19589817658905526,0.8654468767573485,-0.48649611455662356,-0.4658992917880197,0.027940411308293705,0.16571457946437707,-0.06173107089894652,-0.461971966439283,0.44396085681072117,-0.07801834768766717,1.0500116166302356,0.36871092558645474,-0.1289303226473227,-0.2638926007967225,0.45836712190407747,0.3172099249384289,0.2773066440486039,0.2993175356768398,-0.5064435777127874,-0.6473701833707945,0.5325686052082593,0.7242262950525661,0.40599285429756277,-0.4567145894010698,-0.12631714061452123,0.08667484368937253,0.23187763721423027,-0.20458918538782186,0.285819205249895,0.3122288299869777,0.49608984089960884,0.1550069902134724,0.1791848103982434,-0.6856632659406023,-0.3007536655141685,0.36634273020988584,-0.21964067277920007,-0.40040613891103444,0.4192694850728876,0.6598797288483885,1.0531998880918212,0.033700280461161976,-0.0317770168943368,-0.4479267589779422,-0.03875196618083968,0.5233644793557108,-0.6773335432442429,-0.5688154232756164,-0.23915485089700123,-0.5696149211004158,-0.6153940437658683,-0.4354172858678969
0.2249112077212661,-0.3251847270693484,-0.09896853365559821,0.2055352631260945,0.7142065895117649,-0.3222013199306601,0.6050233992598035,-0.41462881588354605,0.24615688070452202,0.5061162808594573,0.05437201291535037,-0.44034050425479265,0.335589722172293,0.12397647838202146,0.25371814879241605,0.14588686197266681,0.02774792348894679,-0.30951380120548566,-0.0822393519173123,-0.8304187665144328,-0.20773503607542934,-0.3290158763854666,0.08839369624963446,-0.2727703047338873,0.4413413188218999,0.7526576807667104,-0.5526962991840234,0.23543118274041802,-0.3789445389244771,0.46725252755086827,-0.20506620400593792,-0.3724774934000037,0.1525691209502032,0.24403013780837177,0.5931255914326852,0.18797678502734214,0.4935609261176557,0.7478136727164059,0.3076085087713686,0.4004386789648517,-0.30986690656701094,0.04180918078637253,-0.8570038760562639,-0.24337131247214616,0.26615926172941184,0.0799379556111248,0.2667705632726156,-0.9100569716285624,0.19619224076415245,-1.1962420800291913,0.4509982485625467,-0.19801052219058582,-0.24292354321258372,-0.7379088791637027,-0.09825982039038353,0.08377729098652867,0.09865258439889697,-0.9353923296514984,0.6747995568694899,0.9215730987400383,-0.2508973994648163,-0.04690796850737089,0.4598955422495435,-0.27179508889477805,-0.3234898973279577,-0.23641292714315,0.5358333156477094,-0.5257776042103453,-0.5643887807924475,-0.1380236475524843,-0.2924447013719692,0.18828073283249327,0.18813712960319093,0.14242435755949046,0.06720293695035467,-0.22151836420320753,0.6766833288944519,0.22908173002787732,-0.5602466314021167,0.30959061755310063
-1.4129719858507395,0.6196602020159996,-0.7787942015638722,0.5118444838412645,-1.364542456995083,0.21448607209052734,-0.2765846135239528,0.5358362583408381,0.08538380573475542,0.1982441538051471,-0.6339430875118848,-0.3308743304550133,0.09554774471477505,-0.04148786747701889,0.5501420533541883,0.33957324965495467,0.3245858532344345,0.0865712082214506,0.40325089168039246,0.25115808377687665,-0.4161706828642228,-0.43015151364136234,1.041091607710751,-0.016429577209680836,-0.45627422829019104,-0.5215494223796743,-0.11343194539212775,-0.35017597033379694,-0.43519410197341113,-0.13140565388895217,0.02939310564824055,0.06221607071672979,-0.8959188830098513,0.5915970364313069,0.32816925430506866,-0.2649328232543109,-0.49838765729613865,0.14950196981214217,-0.6535316652820399,-0.44036949514053464,0.38646537449897345,1.110074720348051,-0.6165964648206124,0.1150388133712749,-0.12300561176830767,0.7124015579451362,-0.0464166816902103,0.23339645650594104,-0.5227169303080682,0.6163033696584332,0.2630325533246673,0.28841529756869927,-0.37665067147436143,-0.5779378985060363,-0.05083170938179137,0.21030614393808342,0.7787522527174902,0.8525619896452669,-0.49050711124728347,0.27031044762322337,0.35715583638112414,0.07738697223763442,0.529861761824884,-0.3049619592540043,-0.13810978069836008,-0.44395815125061816,0.33038102045575274,-0.020255465754446263,-0.6575051162016449,0.3068667629033362,0.7473550090096902,0.5855830904632889,0.07660882967225252,-0.0314063504234511,0.013673613574699376,-0.7547451352005796,0.09373722274682589,-0.0538187123706703,0.8919771225590014,0.046866908679537723
-0.7226047793132699,0.8254164248946864,-0.6401469966789521,0.386155962223663,-0.29918303322785433,0.6162913505497313,-0.4023194568161813,-0.6686284566735762,-0.8019774083219628,-0.005094800681802774,-0.608985123435222,0.03478982422792941,0.4288515050737623,0.027826536046507384,-0.7616137105163521,-0.6829515975195737,0.1331061224984796,-0.8143739643600262,-0.9118395287256053,-0.2165564112903367,-0.5361656259505299,0.011447016578399955,-0.33805717498067767,-0.8399313728163923,0.8629024842445295,-0.5633986566914235,-0.4631491372301065,0.002095707070919683,0.02276567970517317,1.1215492720523135,0.02399061009063449,-0.6613516039657933,-0.15288796824965503,-0.10045733935379189,0.0332103733663866,0.8660549816356171,0.18230272218829555,-0.10423901504008756,-0.28422974678904145,0.09081590064225714,0.06759830957853488,0.23120336654601714,-0.8131826879081256,0.19746899619122246,0.044394909678851645,-0.209823655305065,-0.41584969343194444,0.11245492757782291,0.22728160237851125,-0.045564464329682586,-0.4180542682958982,0.2681890636289425,0.17193047582555573,-0.07426439503562789,-0.427778827084933,-0.5313253997809821,-0.2847545777223542,-0.43092851686776457,0.2937313414627496,0.06560877658701979,0.4185148566034048,-0.07684311028752676,-0.466938991559211,-0.3192452310146346,0.1477873212357573,0.11644636141214208,-0.5960360059052044,-0.1918471826908917,0.9752298886633779,0.09672926756329749,-0.18051549989599014,0.26546408890208023,1.065497538623822,0.8349268370911666,-0.17537759614274134,-0.8433330678206411,-0.24264014518186983,-0.5515688209956741,0.07846351057931424,-0.02184295812415477
0.8058725125424018,-0.29787099808484124,0.5408282555592444,-0.9192777296172119,0.48797386685530847,-0.20712815062708112,-0.6217462340350045,-0.9393128805564898,-0.3308573538873924,-0.27942189324886413,-0.3930076490839867,-0.5382329779054794,-0.11264752579107527,0.6083767269797405,-0.3280941493033128,-0.23348847618422505,0.13382861956909486,-0.2814735709322404,-0.5532812921967912,-0.6353812909925622,-0.5225502519932763,-0.29709160336467594,-0.11760959104398865,-0.48754888409666125,-0.17021539502985975,0.3188134678119904,0.22100096031642055,-0.3737816599811113,0.03270246823109643,0.8982739160085449,0.17254412836466,-0.28116094260780833,-0.7476626796562723,-0.0828598222315379,1.3841947470814318,-0.2813113822285558,0.6213515032906456,-0.03433721938245986,-0.06025021025454527,0.4949601518555233,-0.6604548389541988,0.2856915155538188,-0.5663919064398548,0.017682341485917397,-0.34612477186189267,0.6485278815888988,0.23440305165193032,0.5044096109864538,-0.0039565882523121595,-0.12229880311998176,-0.037835019731925754,-0.10592850079371177,0.3190615816779946,-0.8382538167769852,-0.1336485082585854,-0.31472301902720035,0.05659211165421903,-0.3441713413173346,0.17724182128250932,0.09465835713372264,1.0475687456661267,-0.5513556587574536,0.05858186639151206,-0.18700486238740413,0.1226405080976897,-0.24319023076378338,-0.1536141134880253,0.2807601128632182,-0.6170537223333615,-0.8651151866750637,0.6549097827345636,-0.9127383021856175,0.09016076210799694,-0.9556883869175231,-0.025422469471134957,0.4590276033446087,-0.1343540751429135,-0.5613919218285081,0.5473361626877744,-0.31081704899630386
0.024048447623199486,0.5102032467320609,0.48692141747119183,0.031204453285235908,0.008759512674585471,-0.34493998931750613,-0.3079280149419695,0.494752239300572,0.5934698464428377,0.026293580144838364,-0.31668644011150804,0.9677718724688563,0.02427539235591685,0.043348592237048275,-0.8838287183105726,-0.12661282906807256,0.5846613178743909,-0.12124055114030019,-0.27972981858832774,-0.056849060799107023,-0.12617889106958743,0.2139166053927019,0.36064772728750594,-0.9072018659302971,0.5193474254608786,0.6288918349406886,-0.38665597924635803,-0.09090074482589884,0.4591268967726113,-0.2158254755957911,-0.18003514239525253,-0.42714976884842376,0.4125242288304392,1.2067704894066404,0.1931927102114433,0.8505663958775265,-0.4666004667008414,-0.02462976671288268,-0.7998871762325824,-0.23197475908300078,0.6764058881679559,-0.22318487104840323,-0.369181919189139,0.3632563546850968,-0.30308088084797025,0.8593818510040465,0.2248745538296185,-0.021810734043113122,-0.42424813847089593,0.012066359604558607,0.004904834740676965,0.11122676874759452,0.4746270143587695,0.28869529351581963,-0.10357511122822771,-0.5533429090233601,-0.4851630007012135,-0.41972411129507087,0.5356968649454297,0.3324342897540814,-0.4215303261869139,0.6701188016806952,0.11803401999238355,0.48955223863349384,-0.0692071379301127,0.08510307696686528,-0.31462886754411507,-0.5664829249662486,-0.26363170931280755,0.1731718580944173,-0.22489286577908701,-0.9443196783172377,0.11909118229793551,-0.38478000175075955,0.06531926143889223,0.4851440216734354,-0.14904017714714388,0.9399058566318601,-0.02504068208051928,0.2835294438271186
-0.17926800503969276,0.6414451993932035,-0.13512037965716664,0.28358601441345355,-0.4951954302328564,0.8003683870668621,-0.5209652788549227,0.05855713676706134,0.005952336539338036,-0.39892333483011455,0.6200382350180209,-0.6145093417448507,0.20298305270845782,0.33610184483827377,-0.3240504248597859,0.23552928398041134,-0.9409236926963291,0.18592378608328003,0.0827451577944798,-0.4044335330744929,-0.17740380275169948,-0.11727527916708613,-0.11840440305081755,-0.30800525244245275,0.3221297850246742,-0.112112816625191,0.08515735961916455,-0.3113008267244829,0.41415679883392,0.1882116229784101,0.6905439941856778,-0.24975281744067365,0.6737007670461188,-0.015435263895895125,0.10677068873815602,-0.019286297805862596,0.30052198463479474,0.2924006547442338,-0.2258745104513004,0.6156529518078351,0.33831395646047374,0.9704976456704306,-0.13939136843694452,-0.040832582331374614,0.3918517494785719,-0.42080537921009814,1.1254459959416863,-0.7504679521745129,0.022267196818079055,0.17164331644423672,0.1261861315952716,0.475031097676728,-0.8759457758559845,-0.6277417582518512,-0.7680037361371854,-0.25674991763294663,-0.01339782841749068,0.2362163472159962,-0.06883692460532286,0.9362598304625052,-0.8732702017102651,0.16030504939611642,-0.41439301978710885,0.1611770266478947,-0.18746172677225487,-0.49391519503239967,0.05986841897371978,-0.7186417120398126,0.9632573224426292,0.009080751514399615,-0.5196540084110164,1.3329172235317537,0.022978645328077956,-0.27917208696038076,0.05246862718428528,-0.5265537418626801,0.41410665310486783,0.6911032172515562,0.012358361726446667,-0.10797880897402269
-1.7530312288586314,1.8433523887636256,-1.1588437955021988,0.7565519630238421,-0.18366392893387606,-0.3096265440495691,-0.3107165131828575,-0.3262462209809466,0.5755800374041771,0.181055130229413,-0.23428618431353845,0.372547067547832,0.624792665712822,-0.3987018811531717,0.04687471492199604,-0.27591377855702937,-0.16986154925579844,-0.019519317175713487,-0.14206608361219814,0.34188033235855925,0.4949591855262257,-0.7262402115865659,-1.1159895134588098,-0.6623791685179454,-0.547578131402021,-0.5760869653792274,-0.6307180198038155,0.34065545993497093,-0.26504737791840793,0.1519357951405192,-0.12417676653137784,-0.16851794113938018,-0.1809540007359467,0.07027362496130214,0.19720202850932247,-0.29132813983306655,1.200998697418652,0.17313926242598024,-0.785758476414788,-0.22082592405485033,-0.49813263211820874,-0.3706490517429413,0.6902486671540193,-1.0056250320536548,0.3805897957774804,-0.111961963891961,0.5073950510804321,-0.21395165647932052,-0.590325201414332,0.7898550391342765,0.749155711771923,0.3785776414326088,0.0252426821376794,-0.8687041252477676,0.43706248654668167,0.05872673007843978,0.5691827196985366,0.17051004349984095,-0.16276415261176103,-0.36105422983462615,-0.10544949959033956,0.54421313604435,0.2001609346501647,0.19724919370906535,0.6394361786983526,-0.1763296276589608,-0.35546455912440655,0.32360127710418807,-0.24251658832507778,0.4014778286265346,-0.7662145712631968,0.02113646004471469,0.17342101107156316,-0.14093451476625674,0.8424132752275731,0.7607504410336722,-0.019618541686347805,0.010444303801636924,0.01920324730332493,-0.1657403284048194
-1.2327053275898376,1.1488544295716792,-0.8892460188168023,1.078689004515155,-1.2362887787579897,0.11043344474634553,-1.071206978794303,0.039811569164012746,0.376036673621733,-0.6865337696649636,0.5317239766793475,0.031843618646238775,-0.3754770505387332,-0.4196309966958043,0.8637859977142527,0.9802428093096038,-0.6069100630364649,-0.2927844712930613,0.30773598340425606,0.2835624177301202,0.528396149085892,0.33633133751251704,-0.3244472844092316,0.4994065003208237,-0.23355670296807393,0.25554267033460926,-0.6477763324144207,0.6142203601838583,0.05469556215644385,-0.10031157434919982,-0.5937103912973637,0.19128329220354973,0.7599108801196209,0.43938516105638875,-0.35648027261730364,-0.7767506022667449,-0.48865070590762255,-0.29801823101859837,0.12144902612837882,0.9267138033756905,0.45231169345855377,-0.18480723802883042,0.24110826954220316,-0.170212292048936,0.1364296695956409,0.2402913281719376,0.3060884192611782,0.08577646500515283,0.19737004694631013,-0.22583575425198296,0.24063323991966185,-0.04267823016867974,-0.22744317079056364,-0.1313113739729644,0.3408137885093504,0.3114593845350378,0.35028050369538166,0.015202828045404118,-0.1972958018282468,0.32334688833529374,-0.5122668501225357,-0.2663609356661728,-0.11307463380518316,0.13790369473554026,-0.31116707205029587,0.08981057516734503,0.16166551946117072,0.17538315657077944,0.2690088529180522,-0.6209845449986733,-0.05883330615313655,0.5611835442135822,-0.5689441177980064,-0.08713699808340755,-0.07877423565115534,0.11741765446381888,-0.34693780244821065,0.1257053293428565,0.11011115763902281,-0.03062788932021295
-0.005247716653728252,1.0569353054555088,-0.36563508395055,0.21751748791614464,0.018855235649124558,-0.7803714280976488,-0.03850049940607232,-0.1442267568235177,0.2390409186382084,-0.1901427654867939,-0.22324845771245644,-0.1815224857165793,-0.08554649729636662,0.687547263290949,0.1502277073835513,0.3129391395345133,-0.1773718775930019,-0.46329522533985706,-0.6114508301586264,0.24921353364460347,-0.9174516000596827,-0.007449323743683978,-0.20692638819895895,-0.2617369714502668,-0.051719024148203535,0.1325016858331203,1.092363179662792,0.25717553997406567,-0.7328941728448803,-0.23904277129225074,-0.6411439021561902,0.2976836677222845,0.17177521889372127,0.1656714474345256,0.3511917715431573,0.6829650371264816,-0.006333585473988217,0.04462256171523045,0.6124562685820596,0.16847355549569715,0.7646707153361851,-0.023604814933908792,0.2708491460254629,-0.3206833796620869,0.008123492090065148,0.5207922222259638,-0.02029528131885378,-0.4623963936379512,0.019943333569123017,0.4994313918690305,0.01868696612904546,-0.08364992692037464,0.17795259393890417,0.08191787802527893,0.35716126116021096,0.6285929639841983,-0.27061806175771635,0.11986623759629826,-0.409326088203545,0.692088091923467,0.4353613835467237,0.27240544469714156,0.6966067817092325,0.3086590078996526,0.41137636568924285,0.27893504398944013,-0.22985773112424096,0.36546129883186607,-0.11066377213583724,-0.025702907540115977,0.2999020175130362,0.3078444075722494,-0.24278541624062283,-0.03885477438772992,0.06223836825797584,-0.03988842326799981,0.28327491142813993,0.24810917178958222,-0.8856795492553344,-0.42720109284535573
1.4996690431444066,-0.9335762801845324,1.0019775637293522,-0.6710029690459558,0.8086967482434675,-0.5361077734403239,0.11720490306768669,-0.48115139316249245,0.002562589233331999,0.016148716669002763,-0.3804257968509766,-0.4837910137889944,0.576076764031945,-0.1409278833171096,0.1252908564201604,0.1979785686765589,0.6636418598948723,-0.7116616220422471,-0.8284722071683132,0.25620441753848655,-0.18779067407065167,0.5555564489124682,-0.0028645684781104927,0.16390659495941265,-0.2981101937817753,-0.3965445498577717,-0.10504224024999857,-0.4353390256086522,0.11185394866369598,-0.4961373562813528,-0.30667289081132804,0.4655913479664854,0.32668361130500423,-0.9329502226772275,0.40261077155654007,-0.05034234475912261,0.07288515387364486,0.545203282302535,-0.2164434418316548,-0.3571650149834862,-0.1368639211538572,-0.26388762263607896,0.21642765468430122,-0.07462554058063957,0.05510271098457587,-0.04972760197974569,0.6453337969881442,0.39466822201800783,0.13199753168384198,0.6157620879462797,-0.207991263608498,0.035430397738803965,-0.5397902772405729,-0.27113997006627116,0.5694809547016689,0.6915901947395104,0.6609849567378024,-0.34421372299797387,0.4208873750307957,-0.26181461916229704,0.9584301917494642,-0.050546556005274274,0.09753613718067178,-0.3343552968943028,0.09948419639803784,-0.03744819908174468,-0.7765754300748581,-0.1381166845592645,-0.6907297688739269,-0.4131275613388241,0.05684010439672411,-0.20147891643507596,-0.5521778201047383,-0.5491603919743357,-0.4947753565084818,-0.34259947412427455,-0.2624060494596615,-0.39117213008130575,0.32794483503247823,-0.327373969177383
-0.648984204686671,-1.0266227089377309,0.09686764810492637,-0.5179968973472229,0.23084111392518594,0.8701932165556134,0.06661940727645187,0.6793262951315788,0.4916808189511403,-0.48308687368255726,0.3619344593130869,0.1496514499767183,-1.1224161402912247,0.1794344593012365,-0.3022329918772572,-0.17914447612514933,-0.166069822363527,-0.2670694538042901,-0.2962417246421022,0.32843740310422753,-0.6127845280975752,0.3760911325143839,-0.7543144428059448,-0.3678806938203389,-0.5518469603155975,-0.13008822295543304,-0.17108262750347636,-0.19464143349838978,-0.44814610190805554,0.07737519788268235,-0.3399658027540095,-0.24655466231630419,-0.1366237007515952,-0.5729309378657574,0.09933890345384372,-0.09097992468275536,-0.20895904691273018,-0.5277989905103648,0.1444637885394369,0.18213977912048984,0.005243095049243834,0.037829580043160595,0.1822741380000428,-0.4205528801444254,-0.386174398770656,-0.204577837507589,0.2244512781941922,0.19160522474282177,0.3415653663724533,0.0373123561584105,-0.39944317350896297,0.13263522974278413,-0.7703979422181357,0.0294655461503445,0.0935483924802486,-0.1361222861493698,-0.05118820829241555,0.42019222894130726,0.009345879202352875,-0.040754056847562205,-0.2877347407825945,0.2149864075052052,0.3512176469577451,0.04532998397709115,0.42298450603335214,-0.8137266432950996,-1.0039778458959396,-0.5313800615501693,0.971818612161766,0.7477920171493053,0.3011249367385272,-0.13684242550787915,0.623062854000355,0.05759568014723018,0.03043033830412051,-0.10865944680712097,-0.010136000376610988,-0.19047454004745898,0.14714580055499718,0.050826861516340874
0.25448371036357864,1.4454081502748752,-0.8111206340530864,0.6664072479411123,-0.22851961270293686,0.10212605169886158,-0.8221424031454535,-0.08446907776371093,0.0012076525565707392,0.03775739286333583,-0.059882398829281785,-0.078906432852842,-0.10228523030546349,0.18645589034886792,-0.7443090851775843,-0.11474125617090235,-0.42205632958415634,0.3627389659726203,0.1913382182066531,0.5207643786775679,0.44282694000275263,0.6031399056364568,0.8229181134520998,0.6406302419996962,-0.004781498810310894,-0.6371176178445946,0.7365162637843464,0.18654672428992708,-0.2355584465410585,-0.5108887000575428,-0.3374036998000914,-0.14244157378607472,-0.7371788564181178,-0.1772966506623046,0.37844740867895316,-0.4376726615939516,0.06021227410153804,0.2662175121903756,1.2854475741293432,-0.3127093417215117,0.21610678360591615,0.32775199740248934,-0.25943795199587766,0.18480504077159093,0.20245307509869873,0.6348709051360174,-0.06415374681611326,-0.5234500698811387,0.55643743561458,-0.44336254229673944,-0.43708509166430687,0.4258862049928181,0.1909898913226468,-0.1198139294999933,0.11769436525448612,-0.0030442622700235333,0.018408419829801702,0.28851750243523266,-0.28241562414089844,-0.5239826868161442,0.4420726288555479,-0.24754737323830614,0.044732983006997816,0.566926146096708,0.6847269675756972,-0.1916662887844637,-0.4732651122480119,-0.4220027393344405,0.05343465523790081,-0.2631534521694932,1.064308981830595,-0.09352694472605687,0.4970089564547769,1.031561435654844,-0.19225625004683825,-0.6850912143538306,-0.9130490440120943,-0.48727878295775934,-0.08585346607396102,0.806380242956913
1.6315013534425191,-1.3404744848115524,1.0188980471453715,-0.257351677339379,0.2999593107893115,0.028439623671303507,-0.328896838381507,-0.16837433888625716,0.07424876622193251,0.12682032542592842,-0.6865562271338519,0.8578170080503907,0.5960361929847652,-0.15504782674139606,-0.7805261005482413,0.06762388626258807,-0.2390626532034144,0.03154553363956326,-0.35938699079680436,0.24807960998726533,-0.39979064075597015,0.11117740843661139,-0.4081827614327168,0.2530425106996208,0.5600215789982097,-0.6467741378648675,0.19744925111342884,-0.3019158415114936,0.7620834562726763,0.46634647471607255,0.05239788874298456,0.3120895685844863,0.07383388535926305,-0.06241085974979987,-0.4197958140123171,0.16725878328445754,-0.17897361581214333,0.6790203591619374,-0.01950697576857603,-0.0869886143706971,-0.1003758549511069,-0.8560662056398978,0.6592703861648535,0.2541673623495635,0.7504794089627781,-0.6490262108367845,-0.24273792128031135,-0.48615923718070864,-0.43946076495516756,0.31412613739123424,-0.014378544198761988,0.3690848381867007,-0.35670828857017217,-0.6838516923726238,-0.5931768954326933,0.2306445287049387,-0.4499865867180702,0.0004834027904740238,0.23124470984581952,-0.08043211662215044,0.28482356495288186,-0.47164666680370554,-0.06402853603393194,0.2794872919079968,-0.6580869872385668,-0.34218718718974306,0.24013250787960638,-0.9429197224603659,0.12792022926655175,0.08490578496298169,-0.7237732663524055,-0.23362515412182072,-0.9339425769992409,0.06579075634115222,-1.0600261807550937,0.06828909651663301,0.4355054302932105,-0.6889954100661291,0.5220130347477306,0.3374354589781812
-1.6379843398714282,0.5139179671430615,-0.7615411077814936,-0.05069737618185033,-1.1983528314616319,-0.24439738886634516,-0.3161926052356648,-0.36655680893217296,-0.03510297599169077,0.1686198029533356,0.24031921205713408,0.18022570235530588,-0.22097206364356045,0.3428010539734248,0.39943706123620387,-0.6162399492652487,0.2135845078683279,-0.22171255032441523,0.5954715280247629,-0.5623616985062283,-0.34313243055554876,0.3591923162684806,0.062074562289437696,0.25485566433481244,0.46488985689992907,0.02630588395998076,0.2593885517562427,0.6833518002155661,0.360220954289626,0.5669660961928232,-0.311666852699897,-0.4738666408910838,0.23813206417679336,-0.493982618956482,-0.12837512907188606,0.42478872314530824,-0.13304853268577518,-0.04755046631239708,-0.4246526937902221,-0.22794513787480283,0.1535507342662568,0.2007306060025999,0.15646484583101647,-0.23755426612600525,0.564549025713875,0.007084024743491242,-0.15363978482293458,0.2373980676083604,-0.35323101284494646,-0.20613573862812512,-0.37476690380523575,-0.5005962519226861,-0.5755498645028385,-0.1258728221145923,-0.5292239419736485,-0.09178630635954697,-0.36243345495370444,0.5067571528509877,0.42885647784136505,-0.6150474924617901,-0.25782969759288676,-0.37777093120891647,0.01232685584948056,0.5552828902729835,-0.4567795335486212,0.594241513352366,-0.2220880478820013,0.28342786718085405,0.06986429124289813,0.40643792421422215,-0.11480268365565284,-0.545329214539202,-0.19160069672102778,-0.1789535191597148,0.4401635441177285,-0.16413146985400684,-0.14064534608919518,-1.5039876143962128,0.2550942095653248,-0.41658345210605147
1.6202715668875747,-1.6723821398449277,1.7629112851179296,-1.7386112251430617,2.3379663752353164,0.31341462599050046,-0.19132611191946677,0.33590888042393274,-0.4520208408757049,0.5938491537738058,-0.2774348390517597,0.47795718279772853,-0.2706484717460169,0.02097709339489849,0.057539606305839895,0.41538401018324755,-0.00039737397330827937,-0.05924552532790595,0.04581064981370483,0.029353521387196962,0.16329778242140205,-0.10245424928899671,0.18564506556977917,0.27809316912180154,0.45456355227438194,0.11713470452551632,0.2569137962100056,0.6974715379934505,-0.10990309226721041,0.21705958167132505,0.1819010365148268,-0.9796734492154854,0.5667615496887338,0.3524780674852913,0.07218627995155728,0.12939033561788385,0.7134018425816371,-0.26150420050704803,-0.3638926217410851,0.3658629220296125,-0.1185923861735317,-0.39799468800853033,-0.27478248479451967,0.4089676591669477,-0.3805215044725659,-0.4812404709785287,-1.0451913175078824,-0.801905020460363,-0.11455852106083059,-0.7291015796634008,-0.43626349500103145,-0.25768927796069246,-0.8809761027224071,0.1542481505039142,0.51659273539153,-0.10638085115492449,0.5368118324638728,-0.11612900213175814,0.433209971581575,-0.3416505073100376,0.268932194780235,-0.14513022069446396,-0.7724638780691316,0.21519514365876324,-0.7673955540676747,-0.9131172549980414,-0.1981828635016399,0.2043538382934927,-0.32999757073334424,0.3917163119172064,0.4503603543417484,0.10649047660186295,-0.12221200720910838,0.38089129356137313,0.23190009485094115,0.10002138064764621,-0.3407613326549047,0.2375814458861687,-0.05892274591648076,-0.27648354519700424
0.3766917020606297,0.37847496633447386,-0.05646960265344103,0.41781362194200117,0.06650289998161879,-0.22659431881390626,-0.22257343710237656,-0.46612584194553214,-0.910016075718892,-0.4396706397288765,0.24386181698068649,0.23451114370825932,-0.19830066704865545,0.3530884147870375,0.1504850100803561,-0.16414964231521428,-0.4282856396323621,-0.3404111961702483,0.32818749669389724,-0.24407590154983658,1.2069367610527315,-0.16496787036109842,-0.03719177314656314,0.8082842824064348,0.3095107587499061,0.16341984033760792,-0.41989262714624753,-0.4082297477402498,-0.3719351034723641,0.26817627632055624,0.5543622537987667,-0.47540156586013754,-0.3811415501373111,-0.670492570473635,0.36354184209696927,-0.39472805264769756,0.4850291366057459,0.24752496100117422,-0.24627410642985234,-0.11423967302727416,-0.1666361162192807,-0.43109397593558885,0.26096576085427914,-0.3091513829772726,-0.24688850912497315,0.8073463027739566,0.03791419925706659,-0.05205098566412841,0.1136757932160345,0.439506178188114,0.08769339764808907,0.5842762324691303,-0.11215889603223039,-0.19329944970151045,-0.22319304144162902,-0.49073715707060295,0.3175993462057215,-0.31517385858685154,0.38274086259845996,0.24381884931166334,-0.6218400471420442,-0.14705768989617815,0.024288734171283913,-0.35118412482670286,0.37234632392521344,0.05655295654538167,0.46613023364129463,0.26798482363130594,-1.1355979643954783,-0.15595749889205573,-0.8212760671251439,0.07084656108554443,-0.37807857217015556,0.21250235197899725,-0.5626025599226917,-0.16003612064589468,-0.44256751455697607,-0.020737944717481818,-0.5608761855381188,-0.20736148101272225
1.4291491397228322,0.36188003131308255,0.19333454510972864,-0.7811823175045189,-0.20382657156600859,-0.10998374330855742,0.02446928773648179,0.6747629395459006,0.6403131278022157,0.5141159283329366,0.21941552137715173,-0.3336224227679652,0.5202490645084084,-0.08225620342502947,-0.6062836650780457,0.5408834256709749,-0.5213594108905029,0.49537011587361096,0.18875327128224934,-0.31327076118896924,-0.6039927089215142,-0.3297040896933229,0.435692046687642,-0.008871544175791217,-0.44482481712717314,-0.487778980936463,-0.38275602110017826,0.47502651936322704,0.038622799542752766,0.08387070565144442,0.10870080907069837,0.27278753009663087,0.24707471404116707,-0.843892215574442,0.16915547836931796,0.6107315261678455,0.015011754735694435,0.6179716308611445,-0.15244178419470905,-0.5539930844171762,-0.7804701911388967,0.1936286025058663,0.24237654329298888,0.23655912797635548,0.18013754562084713,0.09572843138160851,0.15191043271281152,-0.0028033592468345303,-0.02923990287250929,0.048090121519619514,0.323125891615325,-0.059386084100983456,-0.06530602258574697,-0.2268132653555458,-1.064117748196687,0.3848764594994171,-0.09374580160993859,0.5177828825314738,-0.1166498526188394,-0.0021139932127576255,-0.3698966507237476,0.48086340153228047,0.4969200965237942,0.07306008442453943,-0.07126510530334144,-0.5043160437365657,-0.4592507821715864,-0.47398763545230277,-0.23281210665675459,-0.43366059967042403,0.09418703009035986,-0.09699159970770867,0.9749423875852437,0.4084614536550995,-0.15497555998644047,-1.0346534246614527,-0.1680217693871716,0.11222916260631176,-0.4266456740214357,-0.07598909356339449
-0.07754530419295541,-0.6896468278939005,0.5541201931657862,-0.42059612486121084,-0.41937497243149524,-0.40821025923660414,0.5787477876031715,0.4216636837518487,0.033043382140987135,0.1421023898287707,0.11308330164508681,0.7107679828041481,0.02036732407463504,0.11456641539650657,0.2946882195023812,0.09304338152860334,0.085903745792305,0.26933075296748976,0.8195798000354626,0.03435986868890819,0.008371021510301481,-1.0844767261315056,-0.20019884472807928,0.38001158955604064,0.7410418352368425,-0.008590217698020123,-0.4243335982101166,-0.7165884586136962,-0.20521294283923217,0.8543476555584348,0.14341978717311707,0.11098450172261612,-0.37393068654310346,-0.3460566198767574,0.19969277690405643,-0.8386982188799887,-0.08257080530375524,0.6215682422935124,-0.3877425970623967,-0.5551823387102561,0.040216496884579706,-0.6319644410301579,-0.20470611348756818,0.8432926851491593,0.031538118790935106,-0.06327170617046735,-0.11088678198991363,0.7280709296387652,-0.7964647988776481,-0.3742949824634232,0.06254391840548379,-0.23932827034748108,-0.6395178413715359,-0.015101853153247356,0.5381867307554723,0.18553983692048628,-0.13805230277508618,0.44753084218389233,-0.6363377812012926,0.49482307208779486,-0.3009770409585928,-0.3505370845149024,-0.7502075912024236,0.16383435992532117,-0.08670869555881608,0.20342621074081632,-0.3419150829451323,1.2401534903888143,0.7661995217438422,0.35565270207370303,0.6824602633624184,0.14162958141132864,-0.10688238254320409,-0.16198525906704264,-0.08653416609282166,0.6701680069298407,0.1342168248247753,0.32463115541312554,0.45926860312739265,-0.013160845223961538
-1.619359383785234,1.1948611281395438,-1.5784437534656468,1.5780998854778039,-1.8955992064811107,-0.23125905058480348,0.5417595043677165,0.431537453462016,0.08602252143100338,-0.12841751329276443,-0.11117739468897639,0.2860614863508335,0.8547679926293517,0.48485459690360483,0.433933159379949,-0.4840079791727764,0.4072414854171015,-0.1224721625374227,0.2689461657731162,-0.5104475770527876,-0.41073450634174385,0.774959676512307,0.21589829998018828,-0.2518286639154173,-0.6068308359631813,0.36982126735105325,0.334789646223392,-0.5299047814693716,0.41350743952601765,-0.8494549162629149,-0.5644336044170588,-0.5797594746797997,0.4026493570013678,0.5993120553981957,0.2051554987821575,0.3697474351678746,-0.28372446474747787,0.10888526235906022,-0.6015721128341119,0.9338523641319579,-0.7354385774663831,0.297766188649569,-0.1144693591424689,-0.010621106535822829,-0.41700443173342894,-0.10811926847643331,0.6474519406742142,0.41817853991423926,-0.17956073821645835,-0.3299633230318574,0.26664182401022,0.07687337791549456,-0.28852295688325474,-0.1961840491135213,0.4291777651751476,-0.3611276377739923,0.170812290748544,0.5472891739102095,0.3614512894343714,0.1519215280150402,-0.6945751149131465,-0.1474872823304807,-0.24771405956847437,-0.6929650061435695,-0.20445616069983502,-0.97782583776097,-0.22208750232689264,0.09463390481763836,0.3656879783131248,-0.5370578995872042,0.38624779949953614,-0.2361384728498326,0.25710340786415126,0.768493233806383,0.012696396753222379,-0.040114948819627946,0.04093994009076773,0.4668024080838256,-0.6529897401778483,-0.5034201177145973
-0.9462126033804061,1.0519663448526941,-0.979668491892251,0.22303349176805332,-1.052974994998074,-0.009407034230479474,0.6243857654504761,-0.37892346847206265,-0.2580877312154992,-0.3245847584137668,-0.4847442874850216,-0.593245715981206,-0.24867417141475037,-0.3365173946643041,-0.19270710082772605,-0.10174673419137259,0.8265894273673463,0.7888180047334489,0.7480337158827928,-0.24578496719422727,-0.18710791199354374,-1.0789356830819754,-0.04793443276069771,-0.47647537461760703,0.2584293598750156,0.345104834167252,-0.08727725040218869,0.5145803586927938,0.10758412462939698,0.8487868576126757,0.05377600672283514,0.5550271591948392,-0.36647976577516456,0.24255546095164293,0.3143107676642007,0.27030482554629287,-0.5514273848163198,-0.3547353083109263,0.21698137367244638,-0.4388617072710655,-0.017174982903268327,-0.019949762428968343,0.2915464882653334,0.302071169324612,0.22022613024973473,-0.6516793279459856,-0.2683188412595277,0.15556062825419922,0.2370431660534036,-0.8136741839242471,0.9091274120090046,0.4369569094952577,-0.7322085279247811,-0.46855200856932266,-0.07049298603471205,-0.7702556156348133,-0.3269864401397238,1.0905060938826814,0.49106479588574536,0.19330185621755488,0.45031734321840833,-0.5745576085994235,1.312391076449373,0.1492432276129123,-0.09761538833053827,0.5041018905419035,-0.5809844776523307,1.0314243517653598,-0.32817177035830336,0.32070922570407706,0.037978355730881916,-0.1979768981302964,-0.27079395834303266,0.6070498245939469,0.3888831236322993,0.6056938598166967,0.04182576256344536,-0.22102163775825207,-0.2164663907005135,0.174758987278017
-0.1869268826297824,0.7785475364709973,-0.4768575066684322,0.45175572703270234,-0.8868068146358568,0.3587492266402838,-0.5079581667361869,-0.34104821479495967,0.7006628443477251,-0.23387842494333866,-0.33305257184372616,0.3760682162839901,-0.7651073897895784,0.21943001680211793,0.4097694529042255,0.005152705430778337,0.7008429922042706,0.014350104713845008,-0.836256670756413,0.3303598665201547,-0.865833073241918,0.560767376375637,-0.1244307527266919,0.2494584273967064,-0.5621576409062917,-0.46413996646775924,0.1780915998058968,0.3754461782294781,0.5962559034161917,0.5813752930763384,-0.488047116305716,-0.5544404688360689,0.06344586255848289,0.15274370655533692,-0.2619969478557811,0.3879927323959406,0.48107492138841956,0.0703938140807068,0.13243061765621475,-0.06610494249426141,0.5556964827494151,0.3476835289680238,-0.027656279656529906,-0.45464750906607876,0.3159432426338542,0.5551541570541011,-0.06356956419973281,-0.04334294882374743,0.41480860175264056,0.09839121908293558,0.3503739877922788,0.21003957906505816,0.044326446931323885,-0.4776125079609483,0.1701837751447921,0.03093936291690982,-0.191124467103266,0.01222145467829742,0.2178594041849262,0.3856021783254794,0.9243775176778245,0.5595218625462116,-0.40114360712761327,0.10611325612067107,-0.14335476274541084,0.3897461677821724,-0.11674971892731106,-0.09542134541881503,0.21543885281718805,0.0374667733751822,-0.2853395509226664,-0.12678558179352012,-0.4356389929778734,0.3989250900457002,0.015444726538609198,-1.0215854357563259,0.28324485321283843,-0.05066738981488438,-0.43261719428755685,-0.4696514801929556
1.7108274311881657,-0.9828990817315055,1.281589601901433,-1.5303689630103272,1.2264236872013288,0.42135635434519747,-0.03698071627651421,-0.786869037009727,-0.19622757078985967,-0.1795142704050508,1.1513939311895804,-0.480521850725347,0.24514746058201994,0.3639941408946277,0.701063636574238,-0.22077316385160664,-0.18092238551598308,-0.09516619144663353,0.19317249044320464,-0.7123243012739424,-0.07285437974884705,0.01560395509903169,0.7520713318821699,-0.6478970294414348,-0.3166307889824777,0.22620909435222258,0.04779635893433018,0.4279115741891551,0.4757005564796938,0.09140685775090736,0.26641939581719953,1.464338660999109,-0.5296193946825035,-0.460022843812726,0.012678059469128663,0.5829910659569529,0.3569648625937556,-0.2593150406974139,0.4325838932374827,-0.15236559068737787,0.29718457018304467,-0.06298104152533006,0.7750259702108716,0.4312107759452046,-0.41169706624071856,-0.24887462221775425,0.24419087129364134,-0.10397547106588623,-1.0089601774336405,0.3593444075820183,0.2826946285493517,-0.08234805501553169,-0.6338347735976068,-0.03187543869502866,1.061677050747606,-0.7091966787745103,-0.4805883724015555,-0.21490907379547444,-0.7690124070777616,-0.7501702127770471,0.6846511882602282,-0.3574638584049045,0.0415923073949319,-0.19059538595601294,-0.5216722284380924,0.6605961949882632,0.6436025254401256,-0.44269553913915094,-0.5528241804852763,-0.03543496268269469,0.06397538753490652,0.28511426534390744,0.0054240291870722825,0.05806735570439654,1.0453837619999886,-0.26954469355407396,0.47343443216862824,-0.23009566661633848,0.762178248098414,-0.47827654835103756
0.31282708635848633,-1.2424808421383107,1.291344070528855,-0.6825531868253649,0.8873181335271014,-0.0479205004811779,0.12990152358441717,0.04990469923311135,-0.35991327046166244,-0.20810129932053076,0.1987074419519573,-0.27232968679225905,-0.33237320807146464,-0.20345816010490866,-0.26695730775076004,-0.057564430530077884,-0.46291092434908687,0.0533799186284716,0.22982707961330662,-0.2891062767607023,-0.3202504190015808,0.34794938050519525,-0.6856344945893185,-0.2951195750737268,0.7657021613010453,-0.2426418793902851,-0.6446441987651044,0.4230527379154125,0.33713864265174354,-0.09060725685995442,0.3445480903079898,0.20232026246678672,0.028926211457816056,-0.9355387771041327,0.377415242306804,0.016683703962927822,-0.7803642568173976,-0.5472559665767267,-0.5860822644926839,0.6546235220337937,-0.5428175810937336,-0.1587025645728387,-0.03693377667979119,0.34462679341736036,0.3670788843381766,-0.33962050734521676,0.5583972604775017,-0.012834304121000138,0.0713570392673151,-0.5221777423406138,0.5933361560360121,0.3340157326709128,0.2710391354973538,0.349624868793866,0.43750378516478744,0.6136544371125061,-0.0632917032939051,0.08501343884686773,0.33738654442733335,0.002176338833790563,0.06063667527416525,-0.2420987579926769,0.775805204693393,0.3756912624934291,0.04424637072499604,-0.17032586448310955,0.04677432539551032,-0.3343252556644869,0.022504416264138998,-0.3559460727215095,0.19983902404908885,0.1494596568955548,-0.06908784854423514,-0.08513976491042648,-0.42678116107589104,-0.20825049684885383,0.03571491682265531,0.1333116003716426,-0.012801289161202564,0.3461118898079007
2.0174227480575175,-2.344342337793285,1.8445310864568305,-1.9094468161734324,1.4918899317263432,0.18229896418214778,-0.03174007310791058,0.020945688468667213,-0.1132184742648481,0.16947308570260858,-0.739246889551748,-0.4377907317716544,-0.3740653443933458,-1.3765444045738817,0.7250027303088326,0.4526387670162344,-0.22000137072643716,-0.08839704264535042,0.6773593712463439,0.007389701994749965,0.7263577061961864,-0.28667360255882546,-0.6898599256144403,-0.16223507603750306,0.2756672758400855,-0.03645845150998178,-0.4014946151137038,0.11362501042582467,-0.3483235209175719,-0.6688001619100986,-0.28075714654168565,-0.5780029838059095,0.04084545327376125,0.04322016385810979,-0.8407140194509711,0.17556858158645922,0.13762200630457289,0.37601119786364623,-0.23662139371496332,-0.4268753545040887,-0.5108016761004558,-0.2305440719473267,-0.28345031417589656,-0.018018420172382744,-0.2337764980255252,0.19072478800137602,-0.18233538240217656,0.6662068953301661,0.29148488354930946,-0.5180044526482945,-0.19008758409426324,-0.09900914886452188,0.3655380441809265,0.14706564806035077,0.31977544406509534,0.31671170506057045,0.349432401251671,0.45157519463416557,-0.6084394011352614,0.29749924802516664,0.49494173128562857,0.19105884961793604,-0.49647050397744474,1.0349871225066813,0.08994194387557217,-0.38319329873076163,0.15553191283073714,-0.02442472994609492,-0.502263159292617,0.43854718506820534,0.3920992837441255,0.13607165985097922,-0.3102233235664187,0.28285699446830165,0.9900124731735729,0.5106295102064794,-1.0428385083566973,-0.5466062976727134,0.08973464913830147,0.25711949323073946
0.4087065344198608,-0.7545489219449426,0.05465889619673692,-0.5973334699938432,0.5490691140008666,0.7873848353452909,-0.030541990468044386,-0.32875354429955506,0.5717736785560239,-0.36264903500602186,0.17712340441018523,-0.38634707691613474,0.008507853296561882,0.25883317117581606,0.47788030655188096,0.41577367385110514,0.07899724626661189,0.24918147007622862,-0.7349739772966195,-0.16457733393039015,0.3848479000491417,-0.7143702876993524,0.042355146436455465,-0.5762397995749445,0.022920088950163536,0.20398327919444623,-0.19455871281082968,0.055923648436636636,0.0006744960161440902,0.9547075155651539,-0.5272951661124838,-0.12932170311601315,0.3981433926473056,-0.46402812152586803,-0.4645698297145447,0.507611729268083,-0.9313523878061912,-0.09456935078873192,-0.35469179656681654,-0.236906102019395,-0.22218960062447107,0.013209251747797059,1.1076879808427638,1.081522548230938,-0.27464541867740905,0.12214922666275316,0.7801875943278155,-0.8053485765948041,-0.06116020512433252,0.062051896029754645,0.030835037837660104,0.1138177592823908,-0.2924915625347247,0.38520383629139154,0.09308536168778558,-0.259898384273162,-0.18787485498586923,-0.001547292854611422,0.44129010561337156,-0.2573939960409471,-0.4382943291205164,-0.42108917290330006,-0.36454787586433257,0.8184082515658516,-0.6655585054796194,0.591839445613484,0.897672223396711,-0.4975259595877677,0.6719723765570915,0.3937409268576273,-0.4870860587616436,0.4916719526787029,0.5562110317065228,-0.44873188548004483,-0.28849423545925407,0.3957680041878562,0.028438418305764615,-0.7348464158804744,-0.04535410689490625,-0.03731722729507745
1.1386509633279935,-2.01819689546242,1.4256329197887552,-2.1192258299753317,1.6206787156136013,-0.11586305140946755,-0.39418757457141124,-0.5513339418701794,-0.7150557867391292,-0.20299652957986036,0.7936458336554769,-0.8371575480297918,0.5085849904472689,0.1429257303955672,-0.4226088474172431,-0.4301598141519139,-0.26877556907494243,0.40351820922329207,-0.20030694341794755,-0.038133675056854215,0.046754582827242444,-0.1545548320334842,0.18984236287210612,0.38496890372925063,0.6729501593957024,-0.6149682199282805,-0.24616793154041464,0.04455426917570693,0.21718408347833418,0.578941501023589,-0.5409392566680402,-0.16190259631532292,-0.30697181490281844,0.2599774172452557,0.42292235980902576,-0.8575685679234696,-0.4320199228813656,0.30296872736729935,-0.5656169964486897,0.5195808819323808,-0.43821898509789714,0.3614570415849966,-0.0846740728568971,0.40499637525049603,0.27911235834250814,-0.0027493229848807917,0.7522964183341049,0.19138637898273417,-0.5968020849660237,-0.21809054928689237,0.5173411729706437,-1.089748628150832,0.351784111292251,-0.6234642634253137,0.12194102911418013,-0.049582235088954804,0.28043755279595456,0.8623367424783386,-0.1787336525381945,-0.2836387143469176,0.38649709555797795,0.4301499633914727,-0.13447800434932716,-0.1832068994883764,-0.4077837531159602,0.022010722475538484,0.7121693745457504,-0.5963606327921372,-0.08308721017147981,-0.9277247725809056,-0.054249551351105124,0.22226990025535018,0.21462293396752302,0.7431318160572532,-0.28569673552527763,-0.18185134589688443,-0.6491839246129649,-0.299750242092713,0.26075893801852595,0.7848437902140986
-0.6639261931649523,1.0756714890602717,-1.02032892312024,0.8207987921712251,-2.0258870920882126,0.31011135254505345,-0.06396006335123809,0.22302044315550484,0.49570629650460574,-0.526208192688048,-0.18843031276404923,0.7306008735898819,-0.01205199146854425,-0.8128636392565313,0.8534257981689336,0.6680785307489545,0.3467324380634171,-0.6998475648829898,0.2909725741925872,0.16573952316165286,-1.0681349844028025,-0.5122054917977863,0.20388031655145467,0.3256357001272929,0.049931179106502625,0.047596299607308754,-0.3671978825021734,0.1785810889438046,0.45263516218791744,0.04573475110709879,0.22479194828138002,-0.3129263314290805,0.46700717601277775,0.4501614850113225,0.5641978782319551,0.4675482118138621,0.3713022995407709,0.1717545242368201,0.8909382911828324,-0.5155873070787831,0.9806587815921873,-0.6923579816146653,-0.4642446066063015,0.07281413699859798,0.3537504700199284,-0.25713967838034196,-0.44438772557793205,0.17268587365493834,0.8012500271699069,-0.5449894312864833,-0.3543390895241557,0.8395917906419066,-0.729230016438192,0.05759602921339346,0.13011290956548957,-0.6497810609637888,-0.025392153630980456,0.1995246045426351,-0.46035435987018375,-0.0075694307396288,0.005074179748842684,0.017643104153566676,0.4909504339288374,-1.035862955254606,-0.19392322565124595,1.1870624028488679,-1.0197613056922692,0.1972043950658334,0.1801313493033157,0.041375962604538484,0.5015518531859375,-0.5424955342997231,-0.7599555686885866,0.9311431103959945,0.34741678593449427,0.09423508388813498,-0.19701670597698157,0.5065054875082562,0.3281672479264761,-0.808903222727805
0.9942689967796654,-1.4789159143623254,1.6028083943290843,-1.0144535092438167,2.3481260423046244,-0.1132854138558449,-0.4412561211011601,-0.18864223657026327,-0.5908543417413926,-0.31560666758891626,0.32734879929871097,0.1836807377129544,-0.18959023146537893,0.45581826495718153,-0.3152038960728757,-0.2304192355731755,0.183607098615445,-0.32185650776534797,-0.5023952155171211,0.6037054885835594,-0.021200929757932297,-0.2646263232489449,-0.38865567727642586,0.3075317042161202,-0.015461566815044805,1.237357606222301,-0.45221241867855716,0.3190751061288677,-0.12450686980392282,-0.42084185856480366,-0.09130749929494943,0.3089031450901125,0.5113046077043343,0.45027971614878615,0.10958543806064043,0.20987032525893268,-0.9717295125469388,0.1766537288433567,0.2854379441629658,-0.017173079551877416,0.29345820359178504,0.5595385890739726,-0.29250055561812077,-0.0003372317801528771,-0.1765416943292384,0.0927945494231019,0.006773989777502193,0.014348056987751934,-0.060089199582522713,-0.09499939420996688,-0.7141467908938587,-0.24975664081036575,-0.13241582990669418,-0.6607087954858357,0.2591408085648992,0.6214711742630509,-0.14748401156121915,0.3811819900008233,-0.43952748057165325,0.5123675917367957,0.5223846076671179,-0.5409558060024067,0.5553198684547863,0.07012801678649783,-0.1079356626055067,-0.09428598343247763,-0.5719079054973887,0.09214275919187663,0.48192785235307894,0.25113466930311246,0.017352995562823288,0.28638054807208874,-0.4150419074015236,0.4228722069573001,-0.13589663956040154,0.2537309723065845,0.24798895842043914,-0.7804747166213081,-0.14983396165195936,0.06352036451196044
-0.23938845231085532,-0.42494629784783694,0.04739338067971205,-0.8463361402450618,0.015997355379083866,-0.30209031637530764,-0.7680832827154789,1.248575133494885,-0.06027013471194368,0.0883829967322869,-0.3691614577006193,-0.0007969059800737099,0.05309163325124117,0.7728683932825177,0.3183839940132031,0.09968136753382523,0.37541650011428596,-0.23928031046350065,0.2537652880809081,0.26335036047827265,0.2786730248494526,-0.25716675615015533,0.872506307937176,0.40832923083305134,-0.21590182899439098,-0.3692532579386559,0.45606821344988013,-0.2583192109382639,-0.06866384889056208,-0.660055367943716,0.12490121530800652,0.5007601963282492,0.4073926160030695,-0.21565226212657723,0.12967125689533307,-0.16608362196122137,-0.6165188826218871,-0.40182833345061486,-0.6214639112283064,0.18696769254372692,-0.026025248132815378,-0.7125843421313912,-0.8239515261022795,0.44501249376474783,0.29291378591229716,0.1139784599697462,-0.4574870654246475,-0.1149217311114427,-0.2466247547635362,0.01046550074273897,0.3132323838676542,-0.15747719186212703,-0.06549761927031514,0.907468381782506,0.3115736205301074,-0.09047063104586396,1.1025272819241292,0.05261484422158902,-0.164130642290739,0.071652836561333,-0.001508797887473748,-0.25503802944094717,0.33642481875595676,0.3123437352526694,-0.6826088889393438,0.4704670562692511,-0.6991883067774836,0.43481200183506613,-0.10405243612929635,0.47847179547075125,-0.25143020959460194,-0.09147342648739654,0.1594758126045729,-0.07040707705198229,-0.5298599126748863,0.44574769935937425,-0.3314168561481796,-0.5272887807705111,0.43392660310450965,0.5867100704361341
